94 1 pedestrian 0 0 -10 329.3470179237015 351.9011291503906 648.6946690880172 1090.2058654785155 -10 -10 -10 -1000 -1000 -1000 -10
95 1 pedestrian 0 0 -10 295.35289029751164 346.8293414718024 614.9372115973147 1085.4467345847274 -10 -10 -10 -1000 -1000 -1000 -10
96 1 pedestrian 0 0 -10 284.918746032705 347.2687483074737 602.7273599573816 1081.3881777598795 -10 -10 -10 -1000 -1000 -1000 -10
98 1 pedestrian 0 0 -10 324.0225708083335 350.97155924938795 644.5338005500851 1088.1057204923304 -10 -10 -10 -1000 -1000 -1000 -10
99 1 pedestrian 0 0 -10 336.38013897785186 351.6234360008809 658.826592699432 1089.6460224552561 -10 -10 -10 -1000 -1000 -1000 -10
100 1 pedestrian 0 0 -10 330.1021970032516 351.1053078720557 654.0916504270488 1090.8505451632989 -10 -10 -10 -1000 -1000 -1000 -10
101 1 pedestrian 0 0 -10 323.06822323420437 352.0120352542016 647.0749051748614 1090.5339050027092 -10 -10 -10 -1000 -1000 -1000 -10
103 1 pedestrian 0 0 -10 350.20745990169553 354.3501446351545 670.2525194687476 1087.93513827245 -10 -10 -10 -1000 -1000 -1000 -10
108 1 pedestrian 0 0 -10 335.7150601280368 343.6833844958437 659.4236934323312 1086.2989770456259 -10 -10 -10 -1000 -1000 -1000 -10
109 1 pedestrian 0 0 -10 313.6885910922098 345.2182460280798 638.9667019031717 1093.0917749404296 -10 -10 -10 -1000 -1000 -1000 -10
111 1 pedestrian 0 0 -10 303.7298777594213 354.2314131367365 620.7993241434499 1087.289120945868 -10 -10 -10 -1000 -1000 -1000 -10
114 1 pedestrian 0 0 -10 328.3100008614681 351.2594320680532 649.2663687450706 1091.1315311454055 -10 -10 -10 -1000 -1000 -1000 -10
115 1 pedestrian 0 0 -10 323.7325256891643 352.18585026016535 643.0934365762947 1090.1553046065683 -10 -10 -10 -1000 -1000 -1000 -10
401 7 pedestrian 0 0 -10 1765.1587431333392 953.3064208984375 1811.7574433900982 1044.1093994140624 -10 -10 -10 -1000 -1000 -1000 -10
577 11 pedestrian 0 0 -10 1765.2591308033354 953.460595703125 1811.5040772044772 1043.9186767578126 -10 -10 -10 -1000 -1000 -1000 -10
981 34 pedestrian 0 0 -10 1766.7982658732574 952.4513427734374 1812.2909431111177 1044.2654785156249 -10 -10 -10 -1000 -1000 -1000 -10
982 34 pedestrian 0 0 -10 1766.1149517199187 951.9141441480241 1812.3566673063676 1045.252246025936 -10 -10 -10 -1000 -1000 -1000 -10
988 34 pedestrian 0 0 -10 1765.5395717022122 952.2714381624016 1811.2883163988174 1044.5659881140875 -10 -10 -10 -1000 -1000 -1000 -10
991 35 pedestrian 0 0 -10 1766.3425341832824 953.3515625 1811.3110546839052 1043.977783203125 -10 -10 -10 -1000 -1000 -1000 -10
993 35 pedestrian 0 0 -10 1766.500884350765 953.6282549502184 1811.1258170129033 1043.5511285096923 -10 -10 -10 -1000 -1000 -1000 -10
1001 36 pedestrian 0 0 -10 1766.1552055458287 953.1042114257813 1811.6258247276087 1044.394091796875 -10 -10 -10 -1000 -1000 -1000 -10
1002 36 pedestrian 0 0 -10 1766.4259969296716 953.1887803822165 1811.765815664644 1044.2135876958232 -10 -10 -10 -1000 -1000 -1000 -10
1016 38 pedestrian 0 0 -10 1766.4171468351087 952.4338012695313 1811.5641764070788 1044.40732421875 -10 -10 -10 -1000 -1000 -1000 -10
1019 38 pedestrian 0 0 -10 1765.9481533536573 951.8028394768547 1811.76810166263 1045.0655673464953 -10 -10 -10 -1000 -1000 -1000 -10
1020 38 pedestrian 0 0 -10 1765.4546720778667 951.5630352960208 1811.3449551722463 1044.917132141798 -10 -10 -10 -1000 -1000 -1000 -10
1023 38 pedestrian 0 0 -10 1766.0930570979665 952.8343596056046 1810.8862779580463 1043.8152679405694 -10 -10 -10 -1000 -1000 -1000 -10
1024 38 pedestrian 0 0 -10 1766.187985366435 953.0152280038707 1810.8815009520958 1043.6550130507196 -10 -10 -10 -1000 -1000 -1000 -10
1027 38 pedestrian 0 0 -10 1765.7387017059316 952.5478320117377 1810.9795453207578 1044.1135650269716 -10 -10 -10 -1000 -1000 -1000 -10
1032 38 pedestrian 0 0 -10 1766.371778703581 953.615252770022 1810.9052331299981 1043.654337321178 -10 -10 -10 -1000 -1000 -1000 -10
1033 38 pedestrian 0 0 -10 1766.4039655002891 953.6912446335966 1810.931513655632 1043.6363094140256 -10 -10 -10 -1000 -1000 -1000 -10
1034 38 pedestrian 0 0 -10 1766.1275221290887 953.468544634613 1810.8918583090663 1043.7612054505694 -10 -10 -10 -1000 -1000 -1000 -10
1083 41 pedestrian 0 0 -10 1765.8144125179138 952.6851684570313 1811.5740640445858 1044.344775390625 -10 -10 -10 -1000 -1000 -1000 -10
1084 41 pedestrian 0 0 -10 1765.5367441340054 952.6925240967239 1811.2316268946515 1044.2429123347538 -10 -10 -10 -1000 -1000 -1000 -10
1085 41 pedestrian 0 0 -10 1765.6104029401395 951.7764838306015 1812.1788302529194 1045.1083213482998 -10 -10 -10 -1000 -1000 -1000 -10
1086 41 pedestrian 0 0 -10 1765.6077893656457 952.6131466042817 1811.2999817472728 1044.1997590243218 -10 -10 -10 -1000 -1000 -1000 -10
1087 41 pedestrian 0 0 -10 1766.061999856027 953.349265646673 1811.0871182145274 1043.615052819131 -10 -10 -10 -1000 -1000 -1000 -10
1088 41 pedestrian 0 0 -10 1765.9774104866863 953.022339814939 1811.34292805805 1044.0039917029078 -10 -10 -10 -1000 -1000 -1000 -10
1089 41 pedestrian 0 0 -10 1766.1349998276364 953.3054640809736 1811.329822257223 1043.9326747371742 -10 -10 -10 -1000 -1000 -1000 -10
1503 53 pedestrian 0 0 -10 1766.4471525659815 953.6609863281251 1810.2642732152683 1042.748779296875 -10 -10 -10 -1000 -1000 -1000 -10
1999 56 pedestrian 0 0 -10 1764.5189958819724 950.8276977539062 1811.3357160320902 1045.3161376953126 -10 -10 -10 -1000 -1000 -1000 -10
2005 56 pedestrian 0 0 -10 1765.5020301095435 952.8492171767089 1810.8131196489212 1044.1157456448318 -10 -10 -10 -1000 -1000 -1000 -10
2024 58 pedestrian 0 0 -10 1766.9329872130231 954.280517578125 1810.7935020447894 1042.27646484375 -10 -10 -10 -1000 -1000 -1000 -10
3799 65 pedestrian 0 0 -10 801.6468175874496 72.44602050781248 922.9906824125505 350.8843078613281 -10 -10 -10 -1000 -1000 -1000 -10
3800 65 pedestrian 0 0 -10 797.7665948138266 76.5818459882588 919.009865783043 354.87170040172316 -10 -10 -10 -1000 -1000 -1000 -10
3801 65 pedestrian 0 0 -10 793.0562897679433 81.45164383422133 920.8557250781317 374.97621078964255 -10 -10 -10 -1000 -1000 -1000 -10
3802 65 pedestrian 0 0 -10 773.0027860977065 90.0961896367958 909.3323002030954 404.3225201237086 -10 -10 -10 -1000 -1000 -1000 -10
3803 65 pedestrian 0 0 -10 779.1238300026739 94.58880829587389 921.3206361463922 422.762820094127 -10 -10 -10 -1000 -1000 -1000 -10
3804 65 pedestrian 0 0 -10 774.4587232990763 99.4139055400384 923.8830288392021 444.60690166534107 -10 -10 -10 -1000 -1000 -1000 -10
3805 65 pedestrian 0 0 -10 781.310857343936 103.7501615282234 935.3991936399162 459.22687149261867 -10 -10 -10 -1000 -1000 -1000 -10
3806 65 pedestrian 0 0 -10 766.8050484174577 116.00706133475154 928.727151991915 490.25945287739825 -10 -10 -10 -1000 -1000 -1000 -10
3807 65 pedestrian 0 0 -10 748.8067658952093 117.23478176853547 920.8959664455738 514.7706279383954 -10 -10 -10 -1000 -1000 -1000 -10
3808 65 pedestrian 0 0 -10 741.1234446896925 127.44365138867232 927.4620241886842 558.9490629741101 -10 -10 -10 -1000 -1000 -1000 -10
3809 65 pedestrian 0 0 -10 752.8296992835568 149.06599811660521 941.7894865560496 585.0038279293562 -10 -10 -10 -1000 -1000 -1000 -10
3810 65 pedestrian 0 0 -10 747.0640880819129 158.9829235313547 959.298722813921 648.0608726209276 -10 -10 -10 -1000 -1000 -1000 -10
3811 65 pedestrian 0 0 -10 738.8259323509349 179.5031025654576 971.928042329852 716.795578211286 -10 -10 -10 -1000 -1000 -1000 -10
3812 65 pedestrian 0 0 -10 735.8925732395649 205.6053424564867 967.7561437040729 735.1250838456563 -10 -10 -10 -1000 -1000 -1000 -10
3813 65 pedestrian 0 0 -10 727.5605784742258 231.038715136986 991.2720404067827 835.0101049538134 -10 -10 -10 -1000 -1000 -1000 -10
3814 65 pedestrian 0 0 -10 733.7417465354549 293.95183694271276 1033.9939081593739 985.1675026936698 -10 -10 -10 -1000 -1000 -1000 -10
3815 65 pedestrian 0 0 -10 739.4292316148923 350.78573130388247 1048.653741990785 1058.2155673730626 -10 -10 -10 -1000 -1000 -1000 -10
3982 69 pedestrian 0 0 -10 299.05770902036176 346.39002075195316 604.9251706183102 1082.6605529785156 -10 -10 -10 -1000 -1000 -1000 -10
3985 69 pedestrian 0 0 -10 327.12521451684063 348.76021873088825 630.811439423881 1080.072534678887 -10 -10 -10 -1000 -1000 -1000 -10
4205 72 pedestrian 0 0 -10 1763.021788466051 951.6308349609375 1813.1523082136364 1045.858056640625 -10 -10 -10 -1000 -1000 -1000 -10
4208 72 pedestrian 0 0 -10 1763.5582208693734 953.2358042420067 1811.7418680931098 1043.883818462865 -10 -10 -10 -1000 -1000 -1000 -10
4304 76 pedestrian 0 0 -10 326.45282296069314 348.3729553222656 648.65379935376 1074.6414611816406 -10 -10 -10 -1000 -1000 -1000 -10
4601 83 pedestrian 0 0 -10 821.3460698630282 116.23686981201172 941.565709922128 396.0908493041992 -10 -10 -10 -1000 -1000 -1000 -10
4603 83 pedestrian 0 0 -10 784.7615456075866 118.24369166215982 922.0610799906583 438.3689935362921 -10 -10 -10 -1000 -1000 -1000 -10
4604 83 pedestrian 0 0 -10 772.5969482230117 123.34109548561614 912.9804834041613 451.07851766975205 -10 -10 -10 -1000 -1000 -1000 -10
4634 84 pedestrian 0 0 -10 1756.180336371731 954.6750122070313 1822.6864849173312 1070.9175048828124 -10 -10 -10 -1000 -1000 -1000 -10
4730 85 pedestrian 0 0 -10 1764.8752203616723 951.3505859375 1812.3502923336403 1044.9085205078125 -10 -10 -10 -1000 -1000 -1000 -10
4827 90 pedestrian 0 0 -10 56.68105924489325 310.90660400390624 195.4862106525677 616.9423950195312 -10 -10 -10 -1000 -1000 -1000 -10
5096 94 pedestrian 0 0 -10 792.6329341475796 126.38558807373047 944.3017826492953 474.29633026123054 -10 -10 -10 -1000 -1000 -1000 -10
5097 94 pedestrian 0 0 -10 794.3442333233504 132.31646448554633 946.5016315318994 481.24423180644953 -10 -10 -10 -1000 -1000 -1000 -10
5098 94 pedestrian 0 0 -10 768.2192714153434 153.6315216649423 931.7598339401754 528.9990452219294 -10 -10 -10 -1000 -1000 -1000 -10
5099 94 pedestrian 0 0 -10 751.2888139451251 168.31960081222974 925.0709416890263 567.6064913817088 -10 -10 -10 -1000 -1000 -1000 -10
5100 94 pedestrian 0 0 -10 751.395973693004 188.71827305487716 936.1664378372262 613.3929230557828 -10 -10 -10 -1000 -1000 -1000 -10
5101 94 pedestrian 0 0 -10 763.1342847007107 200.67148312835297 948.3403895918943 625.2116925881556 -10 -10 -10 -1000 -1000 -1000 -10
5103 94 pedestrian 0 0 -10 742.9579691128449 226.03551605517072 968.6382610643044 744.4872885041352 -10 -10 -10 -1000 -1000 -1000 -10
5104 94 pedestrian 0 0 -10 751.4495953327723 249.469865959498 969.3622163834223 749.4570241966801 -10 -10 -10 -1000 -1000 -1000 -10
5105 94 pedestrian 0 0 -10 782.7324172245116 273.01223106797903 989.1324251719789 743.5399264006253 -10 -10 -10 -1000 -1000 -1000 -10
5113 96 pedestrian 0 0 -10 1764.6875287010043 952.8327026367188 1811.859517197433 1043.6111083984374 -10 -10 -10 -1000 -1000 -1000 -10
5114 96 pedestrian 0 0 -10 1764.732123723481 952.6079749152786 1811.9638850895335 1043.501344264245 -10 -10 -10 -1000 -1000 -1000 -10
5115 96 pedestrian 0 0 -10 1764.7381015701565 952.5900508670458 1812.1032695077952 1043.702891507403 -10 -10 -10 -1000 -1000 -1000 -10
5118 96 pedestrian 0 0 -10 1763.7307179935524 951.8691793439365 1812.3189861031797 1045.2350939932157 -10 -10 -10 -1000 -1000 -1000 -10
5119 96 pedestrian 0 0 -10 1763.5946719508383 951.742239453696 1812.501888716737 1045.5201735881867 -10 -10 -10 -1000 -1000 -1000 -10
5331 101 pedestrian 0 0 -10 782.940320013204 78.52313537597658 933.3798460024211 379.6608184814453 -10 -10 -10 -1000 -1000 -1000 -10
5332 101 pedestrian 0 0 -10 774.4630238381606 80.70661692317998 939.6710610417102 412.3660656782051 -10 -10 -10 -1000 -1000 -1000 -10
5333 101 pedestrian 0 0 -10 773.5660566870267 84.65918527090201 951.3018602939558 442.4527270541865 -10 -10 -10 -1000 -1000 -1000 -10
5334 101 pedestrian 0 0 -10 763.0805954026229 88.91643884997453 945.6338000626907 458.20453339535777 -10 -10 -10 -1000 -1000 -1000 -10
5335 101 pedestrian 0 0 -10 742.7160166825113 100.54214577665553 940.0673658079926 502.920655118146 -10 -10 -10 -1000 -1000 -1000 -10
5336 101 pedestrian 0 0 -10 727.5051027433684 116.20724212613013 926.1421578249477 525.171825590818 -10 -10 -10 -1000 -1000 -1000 -10
5337 101 pedestrian 0 0 -10 724.7788865071287 155.30085527588926 908.4552655989493 537.7306027631836 -10 -10 -10 -1000 -1000 -1000 -10
5338 101 pedestrian 0 0 -10 727.0677677131391 149.70027630457173 937.8834960822562 590.6164915990997 -10 -10 -10 -1000 -1000 -1000 -10
5339 101 pedestrian 0 0 -10 711.7347247116658 175.08625624241176 937.1106479753084 653.691510928172 -10 -10 -10 -1000 -1000 -1000 -10
5340 101 pedestrian 0 0 -10 699.418122232997 224.28649896217115 916.7111191724088 693.0626326329857 -10 -10 -10 -1000 -1000 -1000 -10
5341 101 pedestrian 0 0 -10 693.8954471325782 236.31356668086326 908.3318475186925 706.4714454012238 -10 -10 -10 -1000 -1000 -1000 -10
5379 105 pedestrian 0 0 -10 773.7862226697805 48.95344085693358 896.9475053575632 336.12203216552734 -10 -10 -10 -1000 -1000 -1000 -10
5381 105 pedestrian 0 0 -10 771.6178203810082 56.8467987576648 900.992174232354 358.90461674062124 -10 -10 -10 -1000 -1000 -1000 -10
5382 105 pedestrian 0 0 -10 783.5629199191143 62.07076669167765 919.8883176664483 379.7825151415102 -10 -10 -10 -1000 -1000 -1000 -10
5383 105 pedestrian 0 0 -10 785.4994634088841 70.35138757700096 927.1796527914488 399.9765649608993 -10 -10 -10 -1000 -1000 -1000 -10
5384 105 pedestrian 0 0 -10 782.7838347260115 79.49035286799878 933.1728911642055 429.162459216991 -10 -10 -10 -1000 -1000 -1000 -10
5385 105 pedestrian 0 0 -10 776.3755830549078 81.08256721769803 940.2163003693709 461.26735549700845 -10 -10 -10 -1000 -1000 -1000 -10
5386 105 pedestrian 0 0 -10 775.5440531040718 96.08571210955068 950.8352798626805 502.4967314573934 -10 -10 -10 -1000 -1000 -1000 -10
5387 105 pedestrian 0 0 -10 763.759939250148 105.7858555828955 948.7492577961951 533.6236737907775 -10 -10 -10 -1000 -1000 -1000 -10
5388 105 pedestrian 0 0 -10 742.4659834074876 120.20155755342262 936.5531942942305 569.8331629283906 -10 -10 -10 -1000 -1000 -1000 -10
5389 105 pedestrian 0 0 -10 724.5568523810066 131.0691212232097 932.3626887849146 614.7335827568901 -10 -10 -10 -1000 -1000 -1000 -10
5390 105 pedestrian 0 0 -10 716.9052110885673 155.84821928359244 931.3649477424806 655.8001844893258 -10 -10 -10 -1000 -1000 -1000 -10
5391 105 pedestrian 0 0 -10 720.1448346225039 175.04592886921782 933.0390166008783 671.7623401596355 -10 -10 -10 -1000 -1000 -1000 -10
5411 107 pedestrian 0 0 -10 785.3086677468546 99.87792510986327 911.1540886008019 384.5778091430664 -10 -10 -10 -1000 -1000 -1000 -10
5412 107 pedestrian 0 0 -10 797.5827011810238 106.75171052363098 924.0066129587926 392.50684514633315 -10 -10 -10 -1000 -1000 -1000 -10
5413 107 pedestrian 0 0 -10 811.728818324268 117.49424863713244 950.5956805525145 431.29748893633933 -10 -10 -10 -1000 -1000 -1000 -10
5414 107 pedestrian 0 0 -10 821.914151652398 126.13892862149402 964.0360009754924 447.53346381572936 -10 -10 -10 -1000 -1000 -1000 -10
5414 109 pedestrian 0 0 -10 820.0209256210206 127.37172088623046 975.9497042617918 488.6751754760742 -10 -10 -10 -1000 -1000 -1000 -10
5458 115 pedestrian 0 0 -10 1028.1666507195102 252.5784149169922 1271.3354977179902 772.3260345458984 -10 -10 -10 -1000 -1000 -1000 -10
5484 116 pedestrian 0 0 -10 1764.4522292537076 951.5416015625 1811.0889084416046 1044.808251953125 -10 -10 -10 -1000 -1000 -1000 -10
5485 116 pedestrian 0 0 -10 1764.662574528713 951.6316497608027 1811.3265510755864 1044.9303690260526 -10 -10 -10 -1000 -1000 -1000 -10
5486 116 pedestrian 0 0 -10 1764.7456727844872 952.1319845091733 1810.8361452915112 1044.169515434547 -10 -10 -10 -1000 -1000 -1000 -10
5487 116 pedestrian 0 0 -10 1764.5848671789438 951.9654659434548 1811.030791770145 1044.5272123848542 -10 -10 -10 -1000 -1000 -1000 -10
5488 116 pedestrian 0 0 -10 1765.1466428516678 953.0219502983332 1810.6163930744065 1043.461524076617 -10 -10 -10 -1000 -1000 -1000 -10
5681 124 pedestrian 0 0 -10 1764.6626184530326 952.16318359375 1811.7910192422796 1044.2855712890625 -10 -10 -10 -1000 -1000 -1000 -10
5691 125 pedestrian 0 0 -10 1763.4915782498433 950.8141235351562 1813.3342030001568 1045.9380615234375 -10 -10 -10 -1000 -1000 -1000 -10
5692 125 pedestrian 0 0 -10 1764.408998093561 952.3085499793248 1812.6148786173615 1044.322947378857 -10 -10 -10 -1000 -1000 -1000 -10
5693 125 pedestrian 0 0 -10 1763.9967514746222 952.210174458325 1812.6117421197046 1045.0419267352254 -10 -10 -10 -1000 -1000 -1000 -10
5694 125 pedestrian 0 0 -10 1764.3995244481837 952.4742157341009 1812.8195446555383 1044.9779741264465 -10 -10 -10 -1000 -1000 -1000 -10
5696 125 pedestrian 0 0 -10 1765.0462244861706 952.5712869866951 1813.149698311263 1044.6093829768581 -10 -10 -10 -1000 -1000 -1000 -10
5701 125 pedestrian 0 0 -10 1764.6346370647675 952.0032094461683 1812.9946843281282 1044.5103524814972 -10 -10 -10 -1000 -1000 -1000 -10
5703 125 pedestrian 0 0 -10 1763.8859359220048 951.2161068206362 1812.9798483920615 1045.1674981885067 -10 -10 -10 -1000 -1000 -1000 -10
5961 129 pedestrian 0 0 -10 61.276220382246166 316.2728454589844 248.65929750105465 692.0575561523438 -10 -10 -10 -1000 -1000 -1000 -10
5962 129 pedestrian 0 0 -10 95.43634861034538 290.5701835057324 278.48975990186244 658.1294837233843 -10 -10 -10 -1000 -1000 -1000 -10
5963 129 pedestrian 0 0 -10 124.81188323170888 262.43279236333774 292.1075964430003 597.8790316695506 -10 -10 -10 -1000 -1000 -1000 -10
5964 129 pedestrian 0 0 -10 157.19544234856693 226.39663325129047 326.3389670020584 567.2517225847694 -10 -10 -10 -1000 -1000 -1000 -10
5964 130 pedestrian 0 0 -10 780.3950158507555 71.8408462524414 887.7142126648695 338.1608657836914 -10 -10 -10 -1000 -1000 -1000 -10
5965 130 pedestrian 0 0 -10 785.3676028018483 80.68317736592275 896.4344672010068 356.47935407765215 -10 -10 -10 -1000 -1000 -1000 -10
5966 130 pedestrian 0 0 -10 795.9511165728118 88.39687928371208 921.7306179271259 400.7613365981292 -10 -10 -10 -1000 -1000 -1000 -10
5967 130 pedestrian 0 0 -10 804.1533184496905 109.20660622260269 936.5114991783649 437.90784915041536 -10 -10 -10 -1000 -1000 -1000 -10
5968 130 pedestrian 0 0 -10 791.6069780850958 121.64854699018983 937.6789181721027 484.1848658139314 -10 -10 -10 -1000 -1000 -1000 -10
5969 130 pedestrian 0 0 -10 770.3745397363255 144.98068999523343 925.5207277097381 529.0044423631035 -10 -10 -10 -1000 -1000 -1000 -10
5970 130 pedestrian 0 0 -10 754.0273755066609 153.5371095836701 928.1869537364572 582.4803162213477 -10 -10 -10 -1000 -1000 -1000 -10
5971 130 pedestrian 0 0 -10 746.9205501829032 188.85416644486037 938.7134668079835 659.1721638610325 -10 -10 -10 -1000 -1000 -1000 -10
5972 130 pedestrian 0 0 -10 758.0115206915673 218.67020861349644 955.4066634583351 701.0011023624918 -10 -10 -10 -1000 -1000 -1000 -10
5973 130 pedestrian 0 0 -10 738.6814108440324 260.1609515223214 968.4802073330397 821.0792496881032 -10 -10 -10 -1000 -1000 -1000 -10
5975 130 pedestrian 0 0 -10 747.9145857365033 382.95041204617155 1008.3595302454961 1009.8623145758852 -10 -10 -10 -1000 -1000 -1000 -10
6029 136 pedestrian 0 0 -10 1765.903661721051 954.6780883789063 1811.2425785133237 1041.843017578125 -10 -10 -10 -1000 -1000 -1000 -10
6137 137 pedestrian 0 0 -10 1764.5909768306767 953.1304565429688 1810.937319067761 1043.3647216796876 -10 -10 -10 -1000 -1000 -1000 -10
6138 137 pedestrian 0 0 -10 1764.1631517367146 952.5609320925078 1811.3092467589033 1044.296049106663 -10 -10 -10 -1000 -1000 -1000 -10
6139 137 pedestrian 0 0 -10 1765.425361975688 953.72839345964 1811.30112990128 1042.878484438789 -10 -10 -10 -1000 -1000 -1000 -10
6142 137 pedestrian 0 0 -10 1765.1850982021665 951.9561242053916 1812.9033165525818 1044.6401965006005 -10 -10 -10 -1000 -1000 -1000 -10
6146 137 pedestrian 0 0 -10 1764.6287838238065 952.1899167134754 1812.274424951328 1044.8226405930993 -10 -10 -10 -1000 -1000 -1000 -10
6147 137 pedestrian 0 0 -10 1764.9490481883022 952.2012492007674 1812.459168498337 1044.7831835109387 -10 -10 -10 -1000 -1000 -1000 -10
6319 139 pedestrian 0 0 -10 1765.6908620819852 953.158984375 1812.2658273711397 1043.68896484375 -10 -10 -10 -1000 -1000 -1000 -10
6717 142 pedestrian 0 0 -10 713.5269111501374 400.61633300781244 1034.4519706858 1079.6728759765624 -10 -10 -10 -1000 -1000 -1000 -10
6720 142 pedestrian 0 0 -10 763.8963412308717 286.8953606783619 1072.9079012711704 943.5905696641798 -10 -10 -10 -1000 -1000 -1000 -10
6721 142 pedestrian 0 0 -10 762.8557658733077 246.12673627881117 1041.0267433587637 838.9833563232933 -10 -10 -10 -1000 -1000 -1000 -10
6724 142 pedestrian 0 0 -10 747.5339725380574 161.62978792875197 990.6525727060438 683.7066742044527 -10 -10 -10 -1000 -1000 -1000 -10
6725 142 pedestrian 0 0 -10 747.4730002889146 148.65832034483338 981.2786106454093 654.0105491031829 -10 -10 -10 -1000 -1000 -1000 -10
6726 142 pedestrian 0 0 -10 730.5346889956581 140.15985819688046 955.9246905497566 630.5338086373109 -10 -10 -10 -1000 -1000 -1000 -10
6727 142 pedestrian 0 0 -10 732.5832079194473 124.3440128642658 939.9934419604818 579.1165704628564 -10 -10 -10 -1000 -1000 -1000 -10
6728 142 pedestrian 0 0 -10 743.625016650629 116.85049877832543 944.0778240573612 557.2153985856485 -10 -10 -10 -1000 -1000 -1000 -10
6729 142 pedestrian 0 0 -10 754.5325833603634 104.93286725950674 949.073449112003 531.9016128974715 -10 -10 -10 -1000 -1000 -1000 -10
6730 142 pedestrian 0 0 -10 756.7521104090919 97.91085736331516 943.4754687206395 508.8400530027152 -10 -10 -10 -1000 -1000 -1000 -10
6731 142 pedestrian 0 0 -10 753.1795237515082 93.35960758944435 936.1325716148214 495.1646279178155 -10 -10 -10 -1000 -1000 -1000 -10
6732 142 pedestrian 0 0 -10 739.5404232719693 87.93976769236045 916.5042227987054 477.9316804110356 -10 -10 -10 -1000 -1000 -1000 -10
6733 142 pedestrian 0 0 -10 743.2372302633421 85.71572637794318 910.4908943323929 454.34783219425003 -10 -10 -10 -1000 -1000 -1000 -10
6734 142 pedestrian 0 0 -10 745.1593644460957 77.52412672833631 907.9096416476916 435.43032559153016 -10 -10 -10 -1000 -1000 -1000 -10
6736 142 pedestrian 0 0 -10 767.1460855365506 77.83793121400714 920.6912294098713 412.91448711997265 -10 -10 -10 -1000 -1000 -1000 -10
6737 142 pedestrian 0 0 -10 778.7021238101199 82.91196832326133 927.4261452546014 407.7190043525741 -10 -10 -10 -1000 -1000 -1000 -10
6738 142 pedestrian 0 0 -10 783.1910570070712 86.5124887501174 929.0801087549565 404.5774699145459 -10 -10 -10 -1000 -1000 -1000 -10
6739 142 pedestrian 0 0 -10 777.8756096416633 80.2493836820465 926.6154720580596 402.1736507936039 -10 -10 -10 -1000 -1000 -1000 -10
6740 142 pedestrian 0 0 -10 767.5302887853062 79.61622359478841 915.3854076327924 399.74094892535004 -10 -10 -10 -1000 -1000 -1000 -10
6741 142 pedestrian 0 0 -10 757.9105361409286 72.91383701951372 907.1208269077623 398.8419645161678 -10 -10 -10 -1000 -1000 -1000 -10
6742 142 pedestrian 0 0 -10 756.8135620765123 75.04240886894436 901.5288456576814 393.73641622169976 -10 -10 -10 -1000 -1000 -1000 -10
6743 145 pedestrian 0 0 -10 329.1482037110886 371.19226684570316 591.957564111177 1025.8659973144531 -10 -10 -10 -1000 -1000 -1000 -10
6744 145 pedestrian 0 0 -10 328.11756926213206 367.0147772156165 590.7706559642093 1021.1211793168407 -10 -10 -10 -1000 -1000 -1000 -10
6744 142 pedestrian 0 0 -10 752.2335239114838 71.70344285424468 892.8987737784001 385.99550584865494 -10 -10 -10 -1000 -1000 -1000 -10
6745 145 pedestrian 0 0 -10 326.867650396479 358.33225114762644 591.1743836542007 1016.1412141034459 -10 -10 -10 -1000 -1000 -1000 -10
6746 145 pedestrian 0 0 -10 330.65748435394073 347.78708984148574 597.6613958011387 1012.0428130995408 -10 -10 -10 -1000 -1000 -1000 -10
6747 142 pedestrian 0 0 -10 751.5163212692861 70.98270336212178 889.6215462063928 385.7361550805274 -10 -10 -10 -1000 -1000 -1000 -10
6748 142 pedestrian 0 0 -10 753.0911955846323 76.09994407617745 888.1495018169783 389.82755024670485 -10 -10 -10 -1000 -1000 -1000 -10
6748 145 pedestrian 0 0 -10 329.3595763583729 369.0309827106951 591.2036173331624 1021.1274429656639 -10 -10 -10 -1000 -1000 -1000 -10
6749 142 pedestrian 0 0 -10 753.1559955331452 76.41510055469308 887.4293317380111 392.74036876481546 -10 -10 -10 -1000 -1000 -1000 -10
6749 145 pedestrian 0 0 -10 323.041702490483 371.0630462694294 585.5988708577654 1026.1586276581456 -10 -10 -10 -1000 -1000 -1000 -10
6750 142 pedestrian 0 0 -10 754.6828244176166 74.75074974432334 885.932822033888 388.5932583820808 -10 -10 -10 -1000 -1000 -1000 -10
6750 145 pedestrian 0 0 -10 321.6375379013017 372.98052037380387 583.3019253267881 1026.627313335042 -10 -10 -10 -1000 -1000 -1000 -10
6751 145 pedestrian 0 0 -10 324.77629235217773 370.7090454060232 588.3652316554435 1029.51223203598 -10 -10 -10 -1000 -1000 -1000 -10
6752 145 pedestrian 0 0 -10 328.81546374491097 355.2846490144375 596.8825588146879 1026.1398322351877 -10 -10 -10 -1000 -1000 -1000 -10
6752 142 pedestrian 0 0 -10 760.1375674521048 94.22405791517625 881.810624888126 388.1386558802369 -10 -10 -10 -1000 -1000 -1000 -10
6753 145 pedestrian 0 0 -10 326.8106428900521 356.9735034272766 594.1969920393105 1026.7811320408698 -10 -10 -10 -1000 -1000 -1000 -10
6753 142 pedestrian 0 0 -10 762.0284552610327 99.0571239716082 880.221549404064 388.6473318091539 -10 -10 -10 -1000 -1000 -1000 -10
6754 145 pedestrian 0 0 -10 323.7408087114552 351.590989137203 595.5296909278825 1033.0985104501679 -10 -10 -10 -1000 -1000 -1000 -10
6754 142 pedestrian 0 0 -10 763.2902502196627 101.64616114872291 879.0065420620773 387.8748952205617 -10 -10 -10 -1000 -1000 -1000 -10
6755 145 pedestrian 0 0 -10 325.0008484299308 360.63318884689545 593.5776637785834 1033.8561426908477 -10 -10 -10 -1000 -1000 -1000 -10
6755 142 pedestrian 0 0 -10 764.2115044668253 102.56550556654258 878.4430883759267 387.6799687013738 -10 -10 -10 -1000 -1000 -1000 -10
6756 145 pedestrian 0 0 -10 325.9583491891875 360.7538099536036 592.3705893112742 1028.1839648890525 -10 -10 -10 -1000 -1000 -1000 -10
6756 142 pedestrian 0 0 -10 764.7821930978412 102.7617938560264 878.0835820539342 387.8249938824423 -10 -10 -10 -1000 -1000 -1000 -10
6757 145 pedestrian 0 0 -10 322.3298411603249 371.63900723576904 586.5445596085228 1033.9573213881554 -10 -10 -10 -1000 -1000 -1000 -10
6758 145 pedestrian 0 0 -10 321.61870081464224 371.5537069212352 583.7236976863263 1031.0090272423172 -10 -10 -10 -1000 -1000 -1000 -10
6759 145 pedestrian 0 0 -10 324.42627248215825 369.1545614758717 579.508477949546 1013.121787334618 -10 -10 -10 -1000 -1000 -1000 -10
6760 145 pedestrian 0 0 -10 325.49246131175875 374.6983186308507 587.5084544756587 1037.8507530995162 -10 -10 -10 -1000 -1000 -1000 -10
6760 142 pedestrian 0 0 -10 765.9835476032988 104.56962051197209 877.012476738431 386.69593019597175 -10 -10 -10 -1000 -1000 -1000 -10
6761 145 pedestrian 0 0 -10 323.31883413431376 372.5128577759103 583.8845561165303 1032.5916407618067 -10 -10 -10 -1000 -1000 -1000 -10
6761 142 pedestrian 0 0 -10 766.6754765035938 104.80834854450461 876.5226220113274 386.48928660587603 -10 -10 -10 -1000 -1000 -1000 -10
6762 145 pedestrian 0 0 -10 328.32073741857084 369.4214562586721 585.8540583352736 1023.2496946435913 -10 -10 -10 -1000 -1000 -1000 -10
6762 142 pedestrian 0 0 -10 765.4406030230718 96.28047742730445 877.6299839554525 385.64253027038217 -10 -10 -10 -1000 -1000 -1000 -10
6763 145 pedestrian 0 0 -10 327.0965604756142 371.86753809138605 580.5572985556996 1016.1527004112202 -10 -10 -10 -1000 -1000 -1000 -10
6764 145 pedestrian 0 0 -10 331.7824061362546 369.53432980880046 582.4801519001131 1007.2709843478519 -10 -10 -10 -1000 -1000 -1000 -10
6767 145 pedestrian 0 0 -10 331.32220217310265 367.90035008308485 586.1202344880887 1015.7151905541406 -10 -10 -10 -1000 -1000 -1000 -10
6768 145 pedestrian 0 0 -10 328.6840629024798 365.67993724173925 589.5222411539926 1028.6943666587642 -10 -10 -10 -1000 -1000 -1000 -10
6769 145 pedestrian 0 0 -10 328.2364620699981 372.36726908957553 590.0422170103757 1035.2327220615732 -10 -10 -10 -1000 -1000 -1000 -10
6770 145 pedestrian 0 0 -10 333.90054237911977 374.1095513100509 593.6658067066244 1029.0217645687333 -10 -10 -10 -1000 -1000 -1000 -10
6779 147 pedestrian 0 0 -10 317.66842523368103 378.9942993164062 575.195325987022 1034.913232421875 -10 -10 -10 -1000 -1000 -1000 -10
6782 148 pedestrian 0 0 -10 757.0248626378742 88.40696563720701 872.3317047449382 387.77161407470703 -10 -10 -10 -1000 -1000 -1000 -10
6783 148 pedestrian 0 0 -10 757.5414235441139 89.66832397031104 871.9663998699531 386.6566019652947 -10 -10 -10 -1000 -1000 -1000 -10
6783 147 pedestrian 0 0 -10 339.58498103236553 372.7019851588822 591.5034422545946 1014.2799719649579 -10 -10 -10 -1000 -1000 -1000 -10
6784 148 pedestrian 0 0 -10 763.8109439424487 97.8329453306203 875.8566599222012 388.6139427467159 -10 -10 -10 -1000 -1000 -1000 -10
6786 148 pedestrian 0 0 -10 766.5313060977546 102.53949343619684 876.4523894812287 388.4017658105856 -10 -10 -10 -1000 -1000 -1000 -10
6787 148 pedestrian 0 0 -10 767.2571057914229 104.83127863715754 875.7245157867139 387.1586823981326 -10 -10 -10 -1000 -1000 -1000 -10
6787 147 pedestrian 0 0 -10 339.6908459496623 350.5499767550526 608.3759606415379 1033.5533078195685 -10 -10 -10 -1000 -1000 -1000 -10
6788 148 pedestrian 0 0 -10 767.4151149898997 105.33769123449471 875.4693187022206 386.8111272885993 -10 -10 -10 -1000 -1000 -1000 -10
6792 148 pedestrian 0 0 -10 779.0180484947066 110.06449045063772 877.6613053669579 368.1814227026057 -10 -10 -10 -1000 -1000 -1000 -10
6795 149 pedestrian 0 0 -10 322.54751485645187 330.6630004882812 595.7235911005794 1040.7062744140626 -10 -10 -10 -1000 -1000 -1000 -10
6796 149 pedestrian 0 0 -10 322.64585247254877 320.2768309192975 595.4376115556713 1029.2435374581332 -10 -10 -10 -1000 -1000 -1000 -10
6797 149 pedestrian 0 0 -10 323.8966106292281 326.00870889164395 593.9578757140177 1027.1387330866987 -10 -10 -10 -1000 -1000 -1000 -10
6811 150 pedestrian 0 0 -10 802.4434885537203 192.78661804199217 868.2118825400298 353.94170532226565 -10 -10 -10 -1000 -1000 -1000 -10
6812 150 pedestrian 0 0 -10 798.0308945618355 193.47027467438545 863.7600972714067 354.5168277990008 -10 -10 -10 -1000 -1000 -1000 -10
6813 150 pedestrian 0 0 -10 800.8703182490517 194.04571244260342 865.8743144921083 353.3988316044057 -10 -10 -10 -1000 -1000 -1000 -10
6832 151 pedestrian 0 0 -10 777.7424791313113 64.49615173339845 904.1447278999386 358.4493133544922 -10 -10 -10 -1000 -1000 -1000 -10
6833 151 pedestrian 0 0 -10 774.5891211052963 64.61271531817874 900.0121876044209 356.1778209231356 -10 -10 -10 -1000 -1000 -1000 -10
6834 151 pedestrian 0 0 -10 773.6469860281463 66.59541478345682 897.1293187858097 353.6867679323284 -10 -10 -10 -1000 -1000 -1000 -10
6887 154 pedestrian 0 0 -10 999.6286801724797 255.78320007324214 1279.9034975618954 879.8748138427734 -10 -10 -10 -1000 -1000 -1000 -10
6972 158 pedestrian 0 0 -10 1010.3349362128195 269.09189453125 1283.660303044993 789.9867431640624 -10 -10 -10 -1000 -1000 -1000 -10
7349 164 pedestrian 0 0 -10 1764.330923758135 952.8647216796875 1811.3292569059272 1043.3700927734376 -10 -10 -10 -1000 -1000 -1000 -10
7350 164 pedestrian 0 0 -10 1764.632014697123 953.4501114955193 1811.0594072183374 1042.867296187119 -10 -10 -10 -1000 -1000 -1000 -10
7351 164 pedestrian 0 0 -10 1764.1695014703726 952.6558739593048 1811.2390479510193 1043.3028656204767 -10 -10 -10 -1000 -1000 -1000 -10
7352 164 pedestrian 0 0 -10 1764.279853639513 952.730157631245 1811.3027635751441 1043.2185398336003 -10 -10 -10 -1000 -1000 -1000 -10
7674 170 pedestrian 0 0 -10 991.021795522754 215.51848449707035 1234.5901063327146 758.4433013916016 -10 -10 -10 -1000 -1000 -1000 -10
7675 170 pedestrian 0 0 -10 993.8866946138107 215.40640826647223 1242.6316648272898 769.3837967344987 -10 -10 -10 -1000 -1000 -1000 -10
7678 170 pedestrian 0 0 -10 989.2269796978503 229.30845661341158 1251.1955495081284 812.7126233072183 -10 -10 -10 -1000 -1000 -1000 -10
7680 170 pedestrian 0 0 -10 983.8738098643319 223.47693774736393 1233.4072346889018 779.2487968506277 -10 -10 -10 -1000 -1000 -1000 -10
7681 170 pedestrian 0 0 -10 978.8184817619019 223.24850407415107 1233.7545898212413 790.2321005208541 -10 -10 -10 -1000 -1000 -1000 -10
7682 170 pedestrian 0 0 -10 979.5949557214361 222.96143084828594 1241.1347635995332 803.7136504586722 -10 -10 -10 -1000 -1000 -1000 -10
7683 170 pedestrian 0 0 -10 985.7952667679066 230.49008832954712 1256.7177554256193 829.0255522682122 -10 -10 -10 -1000 -1000 -1000 -10
7713 172 pedestrian 0 0 -10 1036.8017123183372 255.09743041992186 1274.221920494163 752.6280639648437 -10 -10 -10 -1000 -1000 -1000 -10
7714 172 pedestrian 0 0 -10 1032.0448258194185 248.6965220076716 1278.8322766639753 765.535229497671 -10 -10 -10 -1000 -1000 -1000 -10
7715 172 pedestrian 0 0 -10 1020.4750138470596 247.86426292193244 1279.7361652228115 790.0442796437693 -10 -10 -10 -1000 -1000 -1000 -10
7716 172 pedestrian 0 0 -10 1028.2633149393696 251.12585257848184 1278.3676585296998 774.203655394908 -10 -10 -10 -1000 -1000 -1000 -10
7717 172 pedestrian 0 0 -10 1026.9980629361548 248.73468183594736 1282.177083700083 781.5095890653818 -10 -10 -10 -1000 -1000 -1000 -10
7719 172 pedestrian 0 0 -10 1013.9942162693878 255.9725861632778 1273.4526396817973 799.2131384705822 -10 -10 -10 -1000 -1000 -1000 -10
7721 172 pedestrian 0 0 -10 1019.3826620147114 254.0536309676894 1274.190534081934 783.9784236053475 -10 -10 -10 -1000 -1000 -1000 -10
7722 172 pedestrian 0 0 -10 1013.4119120251623 248.66400849030663 1281.8166313850854 804.6996857563666 -10 -10 -10 -1000 -1000 -1000 -10
7723 172 pedestrian 0 0 -10 1018.536784530309 248.5768801281908 1286.447226040873 800.4773684085703 -10 -10 -10 -1000 -1000 -1000 -10
7745 178 pedestrian 0 0 -10 1764.443833008314 952.6558227539062 1811.0584619135611 1043.322314453125 -10 -10 -10 -1000 -1000 -1000 -10
7746 178 pedestrian 0 0 -10 1764.092634530359 952.0067962470363 1811.3051940832577 1043.8275670846874 -10 -10 -10 -1000 -1000 -1000 -10
7756 179 pedestrian 0 0 -10 1048.8624205376273 252.51987915039064 1261.7623109076853 738.2388061523438 -10 -10 -10 -1000 -1000 -1000 -10
7757 179 pedestrian 0 0 -10 1050.2040798590785 255.84185084179336 1249.9653741233594 711.5044853896413 -10 -10 -10 -1000 -1000 -1000 -10
7760 179 pedestrian 0 0 -10 1042.51067794303 255.00412793660195 1227.4730755154005 676.9714433320287 -10 -10 -10 -1000 -1000 -1000 -10
7761 179 pedestrian 0 0 -10 1042.7280552280786 256.9971018586692 1233.9403614961773 692.9882602450804 -10 -10 -10 -1000 -1000 -1000 -10
7762 179 pedestrian 0 0 -10 1040.620199739579 257.0793630545171 1238.0692290884026 707.6971639409044 -10 -10 -10 -1000 -1000 -1000 -10
7763 179 pedestrian 0 0 -10 1033.0677424402593 255.419934715985 1246.5836143908973 743.8673724517339 -10 -10 -10 -1000 -1000 -1000 -10
7799 183 pedestrian 0 0 -10 323.98036120100096 340.1583862304688 636.7227943165772 1076.9303955078126 -10 -10 -10 -1000 -1000 -1000 -10
7800 183 pedestrian 0 0 -10 319.3194409537954 340.2915061636501 630.7426863365715 1074.5913337086877 -10 -10 -10 -1000 -1000 -1000 -10
7811 184 pedestrian 0 0 -10 326.6704199091912 352.7934448242187 608.8016381962775 1075.230078125 -10 -10 -10 -1000 -1000 -1000 -10
7812 184 pedestrian 0 0 -10 325.8472303134606 353.70477169336533 607.4654903979151 1074.5894040274309 -10 -10 -10 -1000 -1000 -1000 -10
7813 184 pedestrian 0 0 -10 324.74646726222386 346.6790364194227 607.8018016504394 1070.8668454362742 -10 -10 -10 -1000 -1000 -1000 -10
7814 184 pedestrian 0 0 -10 329.72738775046537 349.7987120404324 613.178554310272 1075.0459179026834 -10 -10 -10 -1000 -1000 -1000 -10
7815 184 pedestrian 0 0 -10 332.26606642314886 353.2262762696185 614.139483149535 1073.99937227067 -10 -10 -10 -1000 -1000 -1000 -10
7816 184 pedestrian 0 0 -10 327.6596790811823 353.9680473320411 609.6939535514005 1074.4513903578502 -10 -10 -10 -1000 -1000 -1000 -10
7817 184 pedestrian 0 0 -10 321.8105968129512 355.75913877054296 602.4841707599882 1072.8979090295982 -10 -10 -10 -1000 -1000 -1000 -10
7818 184 pedestrian 0 0 -10 324.5093935257538 355.97286291759724 604.7627835848596 1072.957432610494 -10 -10 -10 -1000 -1000 -1000 -10
7820 184 pedestrian 0 0 -10 327.58453280062406 360.52848035050863 603.9752771371975 1068.218403748413 -10 -10 -10 -1000 -1000 -1000 -10
7821 184 pedestrian 0 0 -10 328.75916348381816 361.66851766609153 603.3504657583587 1067.2852620816486 -10 -10 -10 -1000 -1000 -1000 -10
7822 184 pedestrian 0 0 -10 327.61898435886314 357.51109006581316 604.7043503666854 1071.2514299260797 -10 -10 -10 -1000 -1000 -1000 -10
7823 184 pedestrian 0 0 -10 331.88362952493367 355.5072700000108 609.9761546242612 1073.0672347654781 -10 -10 -10 -1000 -1000 -1000 -10
7824 184 pedestrian 0 0 -10 327.1729033357626 346.63731287163455 608.822871610937 1072.7790528828657 -10 -10 -10 -1000 -1000 -1000 -10
7825 184 pedestrian 0 0 -10 321.87109548266824 350.1239117167311 602.3892037647702 1074.4679450987717 -10 -10 -10 -1000 -1000 -1000 -10
7826 184 pedestrian 0 0 -10 320.03401421781535 347.34361658178057 599.7759981012528 1070.3937973429875 -10 -10 -10 -1000 -1000 -1000 -10
7827 184 pedestrian 0 0 -10 319.43549511596643 350.347927324071 598.974314335027 1073.7244220891907 -10 -10 -10 -1000 -1000 -1000 -10
7828 184 pedestrian 0 0 -10 326.05472483794426 351.4892199554413 600.9498789497716 1066.071745915404 -10 -10 -10 -1000 -1000 -1000 -10
7829 184 pedestrian 0 0 -10 328.51745985547177 345.9470935456462 601.8203515818269 1059.892421969626 -10 -10 -10 -1000 -1000 -1000 -10
7830 184 pedestrian 0 0 -10 324.66855810948084 347.84629402299566 597.7790656662241 1062.960418523134 -10 -10 -10 -1000 -1000 -1000 -10
7831 184 pedestrian 0 0 -10 327.28385945648944 341.93588179440434 601.3174372760686 1061.587618407795 -10 -10 -10 -1000 -1000 -1000 -10
7832 184 pedestrian 0 0 -10 328.45224133905594 339.11802895958004 602.5437778174792 1061.4321001186793 -10 -10 -10 -1000 -1000 -1000 -10
7833 184 pedestrian 0 0 -10 324.34154628717636 343.298568836012 598.4083753033863 1065.4630359238995 -10 -10 -10 -1000 -1000 -1000 -10
7834 184 pedestrian 0 0 -10 326.54397453198106 342.5147160207525 602.341105174215 1069.6381311967168 -10 -10 -10 -1000 -1000 -1000 -10
7835 184 pedestrian 0 0 -10 327.0121145966093 341.5654952383553 604.2007667331741 1071.844278729459 -10 -10 -10 -1000 -1000 -1000 -10
7836 184 pedestrian 0 0 -10 326.74318372865935 340.290817161889 605.3090787743922 1073.615864254799 -10 -10 -10 -1000 -1000 -1000 -10
7837 184 pedestrian 0 0 -10 326.8447185221786 340.0850096624162 605.5904424326561 1074.2067873380663 -10 -10 -10 -1000 -1000 -1000 -10
7838 184 pedestrian 0 0 -10 328.0830883797788 347.7225387025902 604.5378676752806 1075.3897542737905 -10 -10 -10 -1000 -1000 -1000 -10
7839 184 pedestrian 0 0 -10 328.34716842876014 345.4398087219341 604.3098331516946 1072.2580840475102 -10 -10 -10 -1000 -1000 -1000 -10
7840 184 pedestrian 0 0 -10 333.72178509221413 346.04954489197473 608.204610701054 1069.6083804575387 -10 -10 -10 -1000 -1000 -1000 -10
7841 184 pedestrian 0 0 -10 323.0899221760472 339.57883168288305 603.5530793787766 1075.556695638677 -10 -10 -10 -1000 -1000 -1000 -10
7842 184 pedestrian 0 0 -10 318.7217906102864 336.7842992639168 602.1886924363041 1078.0399725052293 -10 -10 -10 -1000 -1000 -1000 -10
7843 184 pedestrian 0 0 -10 322.9912824403307 339.67177157012276 605.0763686366674 1074.9848926688765 -10 -10 -10 -1000 -1000 -1000 -10
7844 184 pedestrian 0 0 -10 318.96717038589816 339.2941419581783 602.4676182664471 1075.4224265131318 -10 -10 -10 -1000 -1000 -1000 -10
7847 184 pedestrian 0 0 -10 323.774980996628 347.95026221893426 606.5217915628236 1078.399611092541 -10 -10 -10 -1000 -1000 -1000 -10
7849 184 pedestrian 0 0 -10 313.0507518065491 349.6924040157892 596.5708578950528 1078.5342854694088 -10 -10 -10 -1000 -1000 -1000 -10
7850 184 pedestrian 0 0 -10 315.6616240316388 350.33012153070445 599.3269753252252 1077.9678779850606 -10 -10 -10 -1000 -1000 -1000 -10
7852 184 pedestrian 0 0 -10 317.51786251449334 353.7226197198392 599.5561601622774 1075.2024535759192 -10 -10 -10 -1000 -1000 -1000 -10
7854 184 pedestrian 0 0 -10 325.5712542216403 353.9724880301383 603.2892409586077 1063.9505676663273 -10 -10 -10 -1000 -1000 -1000 -10
7855 184 pedestrian 0 0 -10 321.5654156507486 356.5392546873282 600.4028823829276 1068.6586597635792 -10 -10 -10 -1000 -1000 -1000 -10
7856 184 pedestrian 0 0 -10 320.8767739392814 354.94139744852464 598.6880065837272 1063.0829401550534 -10 -10 -10 -1000 -1000 -1000 -10
7857 184 pedestrian 0 0 -10 317.8185987730117 351.59809777375574 600.7666255451502 1073.3848018567032 -10 -10 -10 -1000 -1000 -1000 -10
7858 184 pedestrian 0 0 -10 316.4649288734472 345.39976636242295 601.7718762446107 1072.794297792324 -10 -10 -10 -1000 -1000 -1000 -10
7859 184 pedestrian 0 0 -10 320.3433586304524 346.9817830459241 607.1123877596251 1077.9135490779013 -10 -10 -10 -1000 -1000 -1000 -10
7860 184 pedestrian 0 0 -10 321.61479245205294 346.9633394373845 609.3703978082433 1080.2059619656882 -10 -10 -10 -1000 -1000 -1000 -10
7861 184 pedestrian 0 0 -10 323.1800911302071 350.11221415728147 609.1781735249774 1077.953453317386 -10 -10 -10 -1000 -1000 -1000 -10
7862 184 pedestrian 0 0 -10 329.5265598154997 349.46407310344165 612.6591949476513 1069.7874009978943 -10 -10 -10 -1000 -1000 -1000 -10
7863 184 pedestrian 0 0 -10 330.8194859415181 350.594674479784 615.0534507132259 1074.454253550553 -10 -10 -10 -1000 -1000 -1000 -10
7864 184 pedestrian 0 0 -10 330.6275427962364 349.1295840985004 616.539664335965 1078.112817309524 -10 -10 -10 -1000 -1000 -1000 -10
7865 184 pedestrian 0 0 -10 322.4942985159004 352.3068453130405 606.4591521527911 1076.1149083274831 -10 -10 -10 -1000 -1000 -1000 -10
7866 184 pedestrian 0 0 -10 324.9502781442246 355.1033781514309 606.1938724247553 1073.6026602314003 -10 -10 -10 -1000 -1000 -1000 -10
7867 184 pedestrian 0 0 -10 324.8606875551244 353.4095083406668 607.0772833665997 1075.374909725179 -10 -10 -10 -1000 -1000 -1000 -10
7868 184 pedestrian 0 0 -10 325.44034988128965 353.45069063903145 606.8564334165007 1075.3821646327137 -10 -10 -10 -1000 -1000 -1000 -10
7869 184 pedestrian 0 0 -10 326.05233589381453 354.24099920824904 606.3144267856751 1074.556540544841 -10 -10 -10 -1000 -1000 -1000 -10
7870 184 pedestrian 0 0 -10 322.2807777988787 356.24579849585893 600.907076857364 1072.5178903795386 -10 -10 -10 -1000 -1000 -1000 -10
7871 184 pedestrian 0 0 -10 320.2591546200938 355.8087804486243 599.4610424452994 1073.127874707892 -10 -10 -10 -1000 -1000 -1000 -10
7872 184 pedestrian 0 0 -10 323.9855447406393 354.75886365546324 603.6678689382716 1073.9705337100997 -10 -10 -10 -1000 -1000 -1000 -10
7873 184 pedestrian 0 0 -10 324.1871271674248 350.9149761871086 606.6348347285488 1077.4701001598826 -10 -10 -10 -1000 -1000 -1000 -10
7874 184 pedestrian 0 0 -10 325.0269088592059 347.4569903621558 606.9344281716842 1071.8288667835577 -10 -10 -10 -1000 -1000 -1000 -10
7875 184 pedestrian 0 0 -10 325.74435183474264 352.1122821928465 606.6657289668306 1073.0018354714427 -10 -10 -10 -1000 -1000 -1000 -10
7876 184 pedestrian 0 0 -10 320.2666980143763 352.4952864937397 603.0080886705277 1074.6931515440385 -10 -10 -10 -1000 -1000 -1000 -10
7877 184 pedestrian 0 0 -10 318.122688161272 352.7226370414083 601.7707853861057 1075.1681007960537 -10 -10 -10 -1000 -1000 -1000 -10
7878 184 pedestrian 0 0 -10 322.6507476353067 354.7439427259261 605.1815633485526 1073.5596990059685 -10 -10 -10 -1000 -1000 -1000 -10
7879 184 pedestrian 0 0 -10 318.83917933517455 353.1328664244407 602.8414388498798 1074.9511073542612 -10 -10 -10 -1000 -1000 -1000 -10
7880 184 pedestrian 0 0 -10 322.43694605006465 352.87544231376665 606.152276347492 1075.1220607513467 -10 -10 -10 -1000 -1000 -1000 -10
7881 184 pedestrian 0 0 -10 317.31507525165955 344.00070112541806 604.5749997424791 1075.3157117026217 -10 -10 -10 -1000 -1000 -1000 -10
7882 184 pedestrian 0 0 -10 321.0417924748495 342.70792850262353 607.455644140415 1073.0330354803332 -10 -10 -10 -1000 -1000 -1000 -10
7883 184 pedestrian 0 0 -10 322.7160098186166 342.4445373930922 608.3998380996022 1071.975370332761 -10 -10 -10 -1000 -1000 -1000 -10
7884 184 pedestrian 0 0 -10 324.6334026293883 346.14258783672244 607.4497890354751 1068.165720459404 -10 -10 -10 -1000 -1000 -1000 -10
7885 184 pedestrian 0 0 -10 324.2102611351647 343.51569831221644 608.286223328837 1070.2443264286687 -10 -10 -10 -1000 -1000 -1000 -10
7886 184 pedestrian 0 0 -10 324.8125271234657 344.5731100838094 607.8799864084881 1069.4429495057116 -10 -10 -10 -1000 -1000 -1000 -10
7887 184 pedestrian 0 0 -10 325.27493806636596 349.61048066049335 607.4288896955836 1073.7305809448767 -10 -10 -10 -1000 -1000 -1000 -10
7888 184 pedestrian 0 0 -10 326.55572577143533 349.4229726153205 606.1235180434628 1068.1675848853006 -10 -10 -10 -1000 -1000 -1000 -10
7889 184 pedestrian 0 0 -10 322.1250477735351 353.04376923702563 601.0547322611976 1071.3382471138766 -10 -10 -10 -1000 -1000 -1000 -10
7890 184 pedestrian 0 0 -10 319.80680688580003 352.9396972573227 599.8684208779582 1074.0243063879234 -10 -10 -10 -1000 -1000 -1000 -10
7891 184 pedestrian 0 0 -10 318.169926607414 345.67981681118255 600.3422968537584 1073.2878272760922 -10 -10 -10 -1000 -1000 -1000 -10
7892 184 pedestrian 0 0 -10 322.61383289421804 343.23247564721436 604.7180346905104 1072.587223498728 -10 -10 -10 -1000 -1000 -1000 -10
7893 184 pedestrian 0 0 -10 324.13950648097733 341.950130544481 606.6339662419002 1072.3406676173263 -10 -10 -10 -1000 -1000 -1000 -10
7894 184 pedestrian 0 0 -10 325.8943467214784 345.27912156161676 606.1851109993063 1069.0985501594814 -10 -10 -10 -1000 -1000 -1000 -10
7895 184 pedestrian 0 0 -10 325.7234022943474 344.2834915873505 606.8838823513224 1069.7827484959153 -10 -10 -10 -1000 -1000 -1000 -10
7896 184 pedestrian 0 0 -10 328.8946972571317 336.23570860746986 613.324103510166 1068.5878917532298 -10 -10 -10 -1000 -1000 -1000 -10
7897 184 pedestrian 0 0 -10 333.13458971901883 339.89929785186456 612.5945099802293 1061.3283028099495 -10 -10 -10 -1000 -1000 -1000 -10
7898 184 pedestrian 0 0 -10 334.51174611159513 345.0946161648152 612.5336472889812 1064.1802905831892 -10 -10 -10 -1000 -1000 -1000 -10
7898 185 pedestrian 0 0 -10 775.3369842959895 129.4303070068359 909.9272857235418 462.7808563232422 -10 -10 -10 -1000 -1000 -1000 -10
7899 184 pedestrian 0 0 -10 336.3722144994251 345.1562515206792 610.9279726806617 1057.8126475185677 -10 -10 -10 -1000 -1000 -1000 -10
7899 185 pedestrian 0 0 -10 763.8039460037497 134.6710967936553 901.4554415865767 475.9513819294214 -10 -10 -10 -1000 -1000 -1000 -10
7900 184 pedestrian 0 0 -10 330.8165512682682 345.8767655149702 607.2236188783623 1064.2136765527978 -10 -10 -10 -1000 -1000 -1000 -10
7900 185 pedestrian 0 0 -10 742.7289561681472 155.08190344150472 892.9723462750314 528.1323402322332 -10 -10 -10 -1000 -1000 -1000 -10
7901 184 pedestrian 0 0 -10 333.4325041339842 345.9220937099142 610.5476276789459 1066.9660752321192 -10 -10 -10 -1000 -1000 -1000 -10
7901 185 pedestrian 0 0 -10 741.8053724399157 176.44255637059408 904.6059434597946 580.9896853314773 -10 -10 -10 -1000 -1000 -1000 -10
7902 184 pedestrian 0 0 -10 339.31781266927806 346.4180652594472 616.0647413854017 1067.1242896062722 -10 -10 -10 -1000 -1000 -1000 -10
7902 185 pedestrian 0 0 -10 748.7487632428455 206.4377048229888 920.9201263394498 634.1493015646067 -10 -10 -10 -1000 -1000 -1000 -10
7903 184 pedestrian 0 0 -10 332.6401194787566 347.97792919118274 608.4138147923045 1066.0865212449612 -10 -10 -10 -1000 -1000 -1000 -10
7903 185 pedestrian 0 0 -10 749.9037963972909 232.9951330960609 939.0050968912705 702.881025258499 -10 -10 -10 -1000 -1000 -1000 -10
7904 184 pedestrian 0 0 -10 336.3221349450406 352.97697006629863 608.4898064146187 1061.2584275376375 -10 -10 -10 -1000 -1000 -1000 -10
7904 185 pedestrian 0 0 -10 738.5892327549798 274.641377147982 948.6177308433174 796.6260511836097 -10 -10 -10 -1000 -1000 -1000 -10
7905 184 pedestrian 0 0 -10 329.04007832841285 339.13440601665144 607.7540065719672 1065.7952536238067 -10 -10 -10 -1000 -1000 -1000 -10
7905 185 pedestrian 0 0 -10 746.8069812441584 339.64184358224287 966.0724548359934 882.0519457284722 -10 -10 -10 -1000 -1000 -1000 -10
7906 185 pedestrian 0 0 -10 748.2197842730939 420.7987846157972 993.3622419245645 1022.8648187128819 -10 -10 -10 -1000 -1000 -1000 -10
7907 184 pedestrian 0 0 -10 337.032166616399 353.1629738475316 607.2951069922833 1058.5060600507277 -10 -10 -10 -1000 -1000 -1000 -10
7908 184 pedestrian 0 0 -10 336.2849558983815 350.041047643859 609.9446186580981 1063.5538771639701 -10 -10 -10 -1000 -1000 -1000 -10
7909 184 pedestrian 0 0 -10 330.74785601221606 353.605806470726 606.5810293574195 1070.1593305125182 -10 -10 -10 -1000 -1000 -1000 -10
7910 184 pedestrian 0 0 -10 329.74962664152 361.6358734229467 604.2173331274282 1074.9011034799914 -10 -10 -10 -1000 -1000 -1000 -10
7911 184 pedestrian 0 0 -10 334.75339845493875 361.6468771497986 607.4307470197732 1070.5388821108259 -10 -10 -10 -1000 -1000 -1000 -10
7913 184 pedestrian 0 0 -10 332.0909687320999 362.9593992120594 602.6393167777735 1067.2043227518166 -10 -10 -10 -1000 -1000 -1000 -10
7914 184 pedestrian 0 0 -10 340.96648665131204 361.89216529225405 611.1534344894797 1067.4651518642183 -10 -10 -10 -1000 -1000 -1000 -10
7915 184 pedestrian 0 0 -10 339.1944655516261 360.392233256119 609.8589288664206 1068.7375730877498 -10 -10 -10 -1000 -1000 -1000 -10
7916 184 pedestrian 0 0 -10 343.7234398331718 360.9684125204461 613.4674945014506 1068.3476877960534 -10 -10 -10 -1000 -1000 -1000 -10
7918 184 pedestrian 0 0 -10 347.41604781636147 358.6598950890738 613.4374702404848 1059.2201861211383 -10 -10 -10 -1000 -1000 -1000 -10
7919 184 pedestrian 0 0 -10 342.1561619712143 359.7418191682536 609.766808329349 1065.580993459999 -10 -10 -10 -1000 -1000 -1000 -10
7920 184 pedestrian 0 0 -10 339.03898918285506 352.4631630147099 609.6115038106343 1065.5284809805723 -10 -10 -10 -1000 -1000 -1000 -10
7921 184 pedestrian 0 0 -10 333.1762555924492 355.12010173196956 604.8206759722773 1069.7846121911616 -10 -10 -10 -1000 -1000 -1000 -10
7922 184 pedestrian 0 0 -10 331.52196107974004 353.49955060480744 602.5185602402723 1064.6536294065047 -10 -10 -10 -1000 -1000 -1000 -10
7923 184 pedestrian 0 0 -10 331.1271118912722 356.90684177640554 601.5376310285379 1067.7974461224285 -10 -10 -10 -1000 -1000 -1000 -10
7924 184 pedestrian 0 0 -10 332.50656908994654 357.80783923701074 599.5633225472873 1060.2000539293779 -10 -10 -10 -1000 -1000 -1000 -10
7925 184 pedestrian 0 0 -10 336.24472520734787 350.6399447489946 604.9808174562804 1055.2743891740506 -10 -10 -10 -1000 -1000 -1000 -10
7926 184 pedestrian 0 0 -10 337.8806013420451 353.25523575500057 606.9435854980095 1057.581192957145 -10 -10 -10 -1000 -1000 -1000 -10
7927 184 pedestrian 0 0 -10 338.75603365604593 348.20017723730365 607.3917795891207 1045.7221820923164 -10 -10 -10 -1000 -1000 -1000 -10
7928 184 pedestrian 0 0 -10 338.8585102392986 351.17063492975154 607.8846675934515 1045.7355914853456 -10 -10 -10 -1000 -1000 -1000 -10
7937 187 pedestrian 0 0 -10 305.95604290971613 339.3296997070313 635.198577451612 1089.0537109375 -10 -10 -10 -1000 -1000 -1000 -10
7938 187 pedestrian 0 0 -10 308.6038354009876 339.94373790067067 636.9541549959695 1088.394908697554 -10 -10 -10 -1000 -1000 -1000 -10
7939 187 pedestrian 0 0 -10 310.26200498708835 318.37298611822047 647.6729769016063 1087.581424288103 -10 -10 -10 -1000 -1000 -1000 -10
7940 187 pedestrian 0 0 -10 309.6341185049505 303.15000457510234 652.1339484218131 1085.5235341211564 -10 -10 -10 -1000 -1000 -1000 -10
8034 192 pedestrian 0 0 -10 321.1004918164713 300.87712402343755 613.9891749315757 1045.303515625 -10 -10 -10 -1000 -1000 -1000 -10
8035 192 pedestrian 0 0 -10 316.8984447350167 302.5746842276575 616.1170634938065 1063.2873730804845 -10 -10 -10 -1000 -1000 -1000 -10
8036 192 pedestrian 0 0 -10 314.91644647827025 301.96813038797995 617.3345176930295 1070.5608324676882 -10 -10 -10 -1000 -1000 -1000 -10
8037 192 pedestrian 0 0 -10 313.4890122071734 299.0884966562765 618.7946245009252 1074.7654046460393 -10 -10 -10 -1000 -1000 -1000 -10
8040 192 pedestrian 0 0 -10 311.42650901719753 294.5373326260732 620.9827556474431 1079.2776158261427 -10 -10 -10 -1000 -1000 -1000 -10
8041 192 pedestrian 0 0 -10 321.36376255913086 324.00055450920934 611.0587564157843 1059.2366595632125 -10 -10 -10 -1000 -1000 -1000 -10
8042 192 pedestrian 0 0 -10 321.49699637537344 325.17771266864634 610.9345008889179 1061.1515582201864 -10 -10 -10 -1000 -1000 -1000 -10
8043 192 pedestrian 0 0 -10 325.1126653426876 322.625395786314 616.9039745514881 1064.6196394971535 -10 -10 -10 -1000 -1000 -1000 -10
8044 192 pedestrian 0 0 -10 324.82795085173797 317.9776939783216 620.5868164799203 1069.3374017280921 -10 -10 -10 -1000 -1000 -1000 -10
8045 192 pedestrian 0 0 -10 327.4644801012084 315.29732811876437 619.2882668653622 1052.816020692553 -10 -10 -10 -1000 -1000 -1000 -10
8046 192 pedestrian 0 0 -10 323.5635644218439 339.5144273773327 614.0289487684131 1069.10974431656 -10 -10 -10 -1000 -1000 -1000 -10
8047 192 pedestrian 0 0 -10 319.70939439773736 338.49122166475604 614.5063619328453 1075.7918154108738 -10 -10 -10 -1000 -1000 -1000 -10
8049 192 pedestrian 0 0 -10 323.5567909142929 363.99847534060285 597.9953333783278 1052.4122760021405 -10 -10 -10 -1000 -1000 -1000 -10
8050 192 pedestrian 0 0 -10 321.13467107786005 365.6022526244066 597.6444038495463 1060.699060935144 -10 -10 -10 -1000 -1000 -1000 -10
8124 193 pedestrian 0 0 -10 784.308789175679 115.7677032470703 898.8966917813524 370.42450256347655 -10 -10 -10 -1000 -1000 -1000 -10
8125 193 pedestrian 0 0 -10 787.051004004226 125.21532060469832 909.0967124818173 396.4259217600855 -10 -10 -10 -1000 -1000 -1000 -10
8126 193 pedestrian 0 0 -10 787.1813735637767 132.04844735006446 912.8674098634689 411.54196014418886 -10 -10 -10 -1000 -1000 -1000 -10
8135 198 pedestrian 0 0 -10 749.9842381086163 360.88991088867186 995.3611476335712 1039.3594909667968 -10 -10 -10 -1000 -1000 -1000 -10
8136 198 pedestrian 0 0 -10 782.1962402591611 410.29344335207526 1015.1722781440648 1054.7195724618034 -10 -10 -10 -1000 -1000 -1000 -10
8511 218 pedestrian 0 0 -10 1766.5136293691307 954.7859985351563 1811.7165464121192 1042.072021484375 -10 -10 -10 -1000 -1000 -1000 -10
8544 220 pedestrian 0 0 -10 804.472651051965 91.40403442382814 910.387798166785 355.67112426757814 -10 -10 -10 -1000 -1000 -1000 -10
8545 220 pedestrian 0 0 -10 809.1276362071881 105.40184244973483 917.0516134526504 374.6087098931807 -10 -10 -10 -1000 -1000 -1000 -10
8546 220 pedestrian 0 0 -10 811.5904314197608 124.89912611009169 917.1074610068978 387.93416295591766 -10 -10 -10 -1000 -1000 -1000 -10
8547 220 pedestrian 0 0 -10 811.9653489359278 128.40053624854718 927.1355578561544 415.05628039699207 -10 -10 -10 -1000 -1000 -1000 -10
8548 220 pedestrian 0 0 -10 806.0016678367391 130.81950123711067 927.301380156825 432.3926759225126 -10 -10 -10 -1000 -1000 -1000 -10
8549 220 pedestrian 0 0 -10 800.0387455285584 139.1463979511217 940.6311109092444 488.08625626339006 -10 -10 -10 -1000 -1000 -1000 -10
8550 220 pedestrian 0 0 -10 800.397925666833 145.52897103007348 942.3103168730418 496.1589999156192 -10 -10 -10 -1000 -1000 -1000 -10
8551 220 pedestrian 0 0 -10 789.6540596735667 155.45029151301102 936.4034200324186 517.7047736434339 -10 -10 -10 -1000 -1000 -1000 -10
8552 220 pedestrian 0 0 -10 784.6824736376053 161.6495685927972 934.7771413232607 531.6565045849355 -10 -10 -10 -1000 -1000 -1000 -10
8553 220 pedestrian 0 0 -10 784.3108669658341 177.58065583177418 949.9060635792213 587.5279875949128 -10 -10 -10 -1000 -1000 -1000 -10
8554 220 pedestrian 0 0 -10 789.0325960524694 187.39981443003956 959.6413606979083 613.5621887695929 -10 -10 -10 -1000 -1000 -1000 -10
8555 220 pedestrian 0 0 -10 787.3278583830432 197.31739673495434 958.2526902160323 626.0360894004846 -10 -10 -10 -1000 -1000 -1000 -10
8556 220 pedestrian 0 0 -10 780.7744669514068 214.36857547709502 955.2327199198102 652.9885149545767 -10 -10 -10 -1000 -1000 -1000 -10
8557 220 pedestrian 0 0 -10 780.2714463391408 232.51513668992376 978.1605578709605 733.0733660200343 -10 -10 -10 -1000 -1000 -1000 -10
8558 220 pedestrian 0 0 -10 777.4009625325108 246.37842266668275 998.5969590067617 809.0139735599328 -10 -10 -10 -1000 -1000 -1000 -10
8559 220 pedestrian 0 0 -10 773.0475454194562 264.4464493611336 1010.0802523762832 870.4952684928103 -10 -10 -10 -1000 -1000 -1000 -10
8560 220 pedestrian 0 0 -10 769.6873545581172 278.96264414217734 1024.8875467827543 931.8135946359707 -10 -10 -10 -1000 -1000 -1000 -10
8561 220 pedestrian 0 0 -10 775.0723195023354 314.9727959202868 1032.8558149488704 969.582894616375 -10 -10 -10 -1000 -1000 -1000 -10
8562 220 pedestrian 0 0 -10 784.0806744616494 350.73600046874054 1056.3950862219785 1034.2185853134545 -10 -10 -10 -1000 -1000 -1000 -10
8563 220 pedestrian 0 0 -10 797.3463980109962 394.19278334106355 1055.7282152190398 1037.8062147436317 -10 -10 -10 -1000 -1000 -1000 -10
8564 220 pedestrian 0 0 -10 804.6813741486372 436.6077851037127 1052.9432044123746 1047.9876051921165 -10 -10 -10 -1000 -1000 -1000 -10
8565 220 pedestrian 0 0 -10 819.1306121242608 506.4998356229414 1058.8661860921484 1079.8122920002063 -10 -10 -10 -1000 -1000 -1000 -10
8566 220 pedestrian 0 0 -10 823.2777399895248 576.8746646030819 1052.6086823374324 1094.1472684442501 -10 -10 -10 -1000 -1000 -1000 -10
8693 224 pedestrian 0 0 -10 334.9232874608195 349.57961425781247 608.8849339747273 1047.9337158203125 -10 -10 -10 -1000 -1000 -1000 -10
8694 224 pedestrian 0 0 -10 344.59659105664974 347.3064648786565 612.287400469449 1030.221178852088 -10 -10 -10 -1000 -1000 -1000 -10
8695 224 pedestrian 0 0 -10 355.8646600289774 347.06742387418046 616.6650341304321 1012.4829734447084 -10 -10 -10 -1000 -1000 -1000 -10
8720 226 pedestrian 0 0 -10 1764.6261576923184 952.777294921875 1812.0502339092443 1044.879345703125 -10 -10 -10 -1000 -1000 -1000 -10
8764 229 pedestrian 0 0 -10 1763.923606884767 952.7634033203125 1811.344068896483 1043.7286865234375 -10 -10 -10 -1000 -1000 -1000 -10
8766 230 pedestrian 0 0 -10 402.0774578261892 285.4145935058594 587.0845172714671 702.4094970703125 -10 -10 -10 -1000 -1000 -1000 -10
8972 236 pedestrian 0 0 -10 361.94364521490814 322.5697387695313 644.0898508788418 1060.6136474609375 -10 -10 -10 -1000 -1000 -1000 -10
8982 237 pedestrian 0 0 -10 377.809834672241 309.4344787597657 668.1841777789308 1062.5869201660157 -10 -10 -10 -1000 -1000 -1000 -10
9061 240 pedestrian 0 0 -10 368.6227616383162 354.8749694824219 637.5050642894182 1039.5898864746093 -10 -10 -10 -1000 -1000 -1000 -10
9062 240 pedestrian 0 0 -10 367.1931861675246 344.74240764921416 636.7471048729303 1032.3520294308325 -10 -10 -10 -1000 -1000 -1000 -10
9063 240 pedestrian 0 0 -10 366.65998101833145 341.17671213258006 636.6421372889337 1030.2565184809514 -10 -10 -10 -1000 -1000 -1000 -10
9082 243 pedestrian 0 0 -10 338.4556133813453 341.99389648437494 605.1925067358422 1015.5861450195312 -10 -10 -10 -1000 -1000 -1000 -10
9084 243 pedestrian 0 0 -10 323.1287906863398 338.82834053900046 597.5555148184962 1031.2671454162173 -10 -10 -10 -1000 -1000 -1000 -10
9086 243 pedestrian 0 0 -10 317.10670890602125 317.65598636258505 599.2161791263368 1030.5186705461806 -10 -10 -10 -1000 -1000 -1000 -10
9087 243 pedestrian 0 0 -10 325.28128246626613 328.0619413909751 600.8884251506363 1025.8920002918696 -10 -10 -10 -1000 -1000 -1000 -10
9092 243 pedestrian 0 0 -10 328.1770026532854 356.4012633819928 603.0764207188383 1053.9509124785347 -10 -10 -10 -1000 -1000 -1000 -10
9094 243 pedestrian 0 0 -10 333.04563341031707 352.13222035002957 610.2821020337426 1052.5285650025635 -10 -10 -10 -1000 -1000 -1000 -10
9377 251 pedestrian 0 0 -10 317.542578014486 356.0160400390625 603.410040393717 1047.0472045898437 -10 -10 -10 -1000 -1000 -1000 -10
9378 251 pedestrian 0 0 -10 313.800711720778 355.6194381990152 594.3895266034815 1034.5669425840056 -10 -10 -10 -1000 -1000 -1000 -10
9379 251 pedestrian 0 0 -10 316.5965325075721 346.46251614566887 598.0634131481265 1028.2417188767197 -10 -10 -10 -1000 -1000 -1000 -10
9382 251 pedestrian 0 0 -10 338.0767540146194 362.85512689617525 592.3507642577151 980.712695402523 -10 -10 -10 -1000 -1000 -1000 -10
9384 251 pedestrian 0 0 -10 315.0932718252785 359.2007604800261 581.6644025948619 1004.9499963163694 -10 -10 -10 -1000 -1000 -1000 -10
9445 259 pedestrian 0 0 -10 347.02532446232794 316.49030151367185 627.7476125493909 1041.0500671386717 -10 -10 -10 -1000 -1000 -1000 -10
9446 259 pedestrian 0 0 -10 348.31234895599556 330.8641965655272 626.5455630135898 1048.5443892240303 -10 -10 -10 -1000 -1000 -1000 -10
9451 259 pedestrian 0 0 -10 362.5888360045978 337.53411761431556 640.0801592526534 1049.852632896302 -10 -10 -10 -1000 -1000 -1000 -10
9454 259 pedestrian 0 0 -10 367.10071692212097 343.7233984490489 637.883231794036 1031.1682601886573 -10 -10 -10 -1000 -1000 -1000 -10
9455 259 pedestrian 0 0 -10 366.15593061545246 344.25747674690416 638.4899400873344 1028.5929655104346 -10 -10 -10 -1000 -1000 -1000 -10
9456 259 pedestrian 0 0 -10 362.90468646902593 343.0238497327561 641.6905121132397 1038.5576327948188 -10 -10 -10 -1000 -1000 -1000 -10
9459 259 pedestrian 0 0 -10 363.40315534276266 342.2341547417728 641.1827385454344 1031.0730862092412 -10 -10 -10 -1000 -1000 -1000 -10
9460 259 pedestrian 0 0 -10 361.0829232007903 333.64943829322675 633.5813114892858 1009.066250762445 -10 -10 -10 -1000 -1000 -1000 -10
9461 259 pedestrian 0 0 -10 345.3497182624594 331.1390261633232 626.8591327146503 1029.678503305541 -10 -10 -10 -1000 -1000 -1000 -10
9462 259 pedestrian 0 0 -10 317.2587161352967 336.7893361726656 609.2300350850016 1058.6655317531272 -10 -10 -10 -1000 -1000 -1000 -10
9463 259 pedestrian 0 0 -10 319.1601840376764 348.81224520589456 599.3472543875985 1041.3457552044679 -10 -10 -10 -1000 -1000 -1000 -10
9464 259 pedestrian 0 0 -10 317.423046993803 355.9377286733636 598.3430917476694 1051.3410426732494 -10 -10 -10 -1000 -1000 -1000 -10
9465 259 pedestrian 0 0 -10 323.6836170975034 360.4576142431488 600.7426124604881 1043.3796469318895 -10 -10 -10 -1000 -1000 -1000 -10
9466 259 pedestrian 0 0 -10 333.2225969782696 362.1613382211363 604.2277113079002 1030.751446567869 -10 -10 -10 -1000 -1000 -1000 -10
9467 259 pedestrian 0 0 -10 337.08494595792405 347.6917861820758 614.9321275134889 1031.3539717332774 -10 -10 -10 -1000 -1000 -1000 -10
9468 259 pedestrian 0 0 -10 329.1524210289304 344.4377000087202 619.1178961539226 1057.476575265535 -10 -10 -10 -1000 -1000 -1000 -10
9469 259 pedestrian 0 0 -10 323.87135561891444 329.1576187933899 622.8351804733068 1063.076431688393 -10 -10 -10 -1000 -1000 -1000 -10
9470 259 pedestrian 0 0 -10 320.01030063578537 340.5876904345056 616.9605633082987 1066.324060979554 -10 -10 -10 -1000 -1000 -1000 -10
9471 259 pedestrian 0 0 -10 324.3986391685802 354.50775362090593 618.1480061766897 1067.2203824795563 -10 -10 -10 -1000 -1000 -1000 -10
9472 259 pedestrian 0 0 -10 323.22119427076456 348.942178392324 621.5577908929852 1069.212995940165 -10 -10 -10 -1000 -1000 -1000 -10
9474 259 pedestrian 0 0 -10 308.52131012685146 358.7161418673033 604.1985670211598 1068.7917462069859 -10 -10 -10 -1000 -1000 -1000 -10
9475 259 pedestrian 0 0 -10 306.3805242290706 359.2690491992638 599.1441617055048 1060.218268614582 -10 -10 -10 -1000 -1000 -1000 -10
9476 259 pedestrian 0 0 -10 316.7224898495694 353.92307411640746 614.8430536881312 1062.3885651383812 -10 -10 -10 -1000 -1000 -1000 -10
9477 259 pedestrian 0 0 -10 313.5777260769637 341.4318106233416 618.1722919532183 1064.286657308395 -10 -10 -10 -1000 -1000 -1000 -10
9478 259 pedestrian 0 0 -10 307.84916057965086 347.27531427287727 614.7231251786394 1073.2399879638604 -10 -10 -10 -1000 -1000 -1000 -10
9479 259 pedestrian 0 0 -10 305.40898028089055 352.05768660688443 613.7337253541143 1074.2727575073286 -10 -10 -10 -1000 -1000 -1000 -10
9482 259 pedestrian 0 0 -10 319.98552398263655 368.827186393172 609.586095999686 1048.553783354706 -10 -10 -10 -1000 -1000 -1000 -10
9484 259 pedestrian 0 0 -10 332.01607720853275 361.48889610977136 622.4647583790486 1042.141256022538 -10 -10 -10 -1000 -1000 -1000 -10
9567 264 pedestrian 0 0 -10 1765.1112045956863 953.7281494140625 1811.553834466814 1042.9819580078124 -10 -10 -10 -1000 -1000 -1000 -10
9569 264 pedestrian 0 0 -10 1764.1889893911634 952.5902827335669 1811.5822474674912 1043.7017995955084 -10 -10 -10 -1000 -1000 -1000 -10
9579 265 pedestrian 0 0 -10 1765.0057927504702 953.6743286132813 1811.842009983905 1043.8468261718751 -10 -10 -10 -1000 -1000 -1000 -10
9580 265 pedestrian 0 0 -10 1764.5879931015952 952.7834928467971 1811.972656934232 1044.0043615927714 -10 -10 -10 -1000 -1000 -1000 -10
9584 265 pedestrian 0 0 -10 1765.421079401393 953.5160945840157 1811.7522875777543 1042.8029978498114 -10 -10 -10 -1000 -1000 -1000 -10
9648 269 pedestrian 0 0 -10 1764.7457181886034 951.2292724609375 1811.0322114988967 1045.1741455078125 -10 -10 -10 -1000 -1000 -1000 -10
9778 272 pedestrian 0 0 -10 1765.6159691786513 951.9834228515625 1812.4754126572861 1044.16142578125 -10 -10 -10 -1000 -1000 -1000 -10
9852 273 pedestrian 0 0 -10 1766.122127637671 954.306494140625 1811.8676184560788 1042.6032958984374 -10 -10 -10 -1000 -1000 -1000 -10
9864 276 pedestrian 0 0 -10 1031.954747571477 260.63544921875007 1278.9158823113357 784.161279296875 -10 -10 -10 -1000 -1000 -1000 -10
9867 277 pedestrian 0 0 -10 1764.7484876250514 951.7716186523437 1812.9075670624484 1045.1827392578125 -10 -10 -10 -1000 -1000 -1000 -10
9871 277 pedestrian 0 0 -10 1763.7168998046914 950.6360913102876 1812.48019882873 1045.1324402228997 -10 -10 -10 -1000 -1000 -1000 -10
9930 280 pedestrian 0 0 -10 1764.43606475671 952.6180786132813 1811.4063912979773 1044.1077880859375 -10 -10 -10 -1000 -1000 -1000 -10
9931 280 pedestrian 0 0 -10 1764.74351139925 952.3608109274986 1811.7245798993 1043.8600792874013 -10 -10 -10 -1000 -1000 -1000 -10
9932 280 pedestrian 0 0 -10 1764.7333711671874 952.949504114041 1811.4120221618364 1043.8047698894136 -10 -10 -10 -1000 -1000 -1000 -10
9933 280 pedestrian 0 0 -10 1764.6479179810972 953.4466783486467 1810.848661210096 1043.2880889019214 -10 -10 -10 -1000 -1000 -1000 -10
9935 280 pedestrian 0 0 -10 1763.6883722422042 951.6797474179522 1811.4063638990426 1044.3658480748786 -10 -10 -10 -1000 -1000 -1000 -10
9983 281 pedestrian 0 0 -10 734.4323228860846 293.24613647460933 1067.4944471334466 981.7320251464844 -10 -10 -10 -1000 -1000 -1000 -10
9984 281 pedestrian 0 0 -10 722.0490447309869 269.38561731279054 1044.0449740684003 935.9595373578757 -10 -10 -10 -1000 -1000 -1000 -10
9984 282 pedestrian 0 0 -10 395.97229971182253 303.01191406250007 681.0875513623964 1029.0892578125 -10 -10 -10 -1000 -1000 -1000 -10
9985 281 pedestrian 0 0 -10 734.2721761543911 226.98107083754246 1020.7800746536444 820.3684655023368 -10 -10 -10 -1000 -1000 -1000 -10
9985 282 pedestrian 0 0 -10 397.7142960268303 303.81807106874624 677.1503991726104 1014.8839770287717 -10 -10 -10 -1000 -1000 -1000 -10
9986 281 pedestrian 0 0 -10 717.1049669299798 201.0321887775401 1002.0091278038309 793.251597737784 -10 -10 -10 -1000 -1000 -1000 -10
9986 283 pedestrian 0 0 -10 1763.9753934220255 951.9992797851562 1810.700900523287 1044.7216064453125 -10 -10 -10 -1000 -1000 -1000 -10
9987 281 pedestrian 0 0 -10 713.8379261798523 180.5689724629977 985.0559927666528 747.6529527638918 -10 -10 -10 -1000 -1000 -1000 -10
9987 283 pedestrian 0 0 -10 1764.7404456877653 951.7594545791096 1811.6143986806735 1044.743040599438 -10 -10 -10 -1000 -1000 -1000 -10
9987 282 pedestrian 0 0 -10 379.22812314932503 282.3271471018633 669.611868684628 1018.736115937945 -10 -10 -10 -1000 -1000 -1000 -10
9988 281 pedestrian 0 0 -10 720.1641009225696 163.04671488709434 963.0804105192357 674.4681930949537 -10 -10 -10 -1000 -1000 -1000 -10
9988 282 pedestrian 0 0 -10 383.9241339001236 291.8308550255971 670.8788976249406 1016.9111446002988 -10 -10 -10 -1000 -1000 -1000 -10
9989 281 pedestrian 0 0 -10 716.6981159728027 150.44518734560674 953.1460297691542 652.7965017224176 -10 -10 -10 -1000 -1000 -1000 -10
9989 282 pedestrian 0 0 -10 381.45286883819017 285.2791307380275 675.8726843906447 1026.4629364280113 -10 -10 -10 -1000 -1000 -1000 -10
9989 283 pedestrian 0 0 -10 1765.1240678263612 951.6718465658338 1812.3575329984028 1045.194326408927 -10 -10 -10 -1000 -1000 -1000 -10
9990 281 pedestrian 0 0 -10 728.2441512132256 131.72843687317717 947.5953422911425 601.3195582382501 -10 -10 -10 -1000 -1000 -1000 -10
9991 281 pedestrian 0 0 -10 715.5546916008367 118.04131024210946 932.3377324988937 585.4055720336248 -10 -10 -10 -1000 -1000 -1000 -10
9991 282 pedestrian 0 0 -10 388.9289675677979 294.5198366857672 680.8595502533988 1029.8309109944503 -10 -10 -10 -1000 -1000 -1000 -10
9991 283 pedestrian 0 0 -10 1765.0727655951976 951.4701041667267 1812.169849765601 1044.5529274239955 -10 -10 -10 -1000 -1000 -1000 -10
9992 281 pedestrian 0 0 -10 708.8153569412791 111.33383317894086 921.3813524805513 574.4334727421168 -10 -10 -10 -1000 -1000 -1000 -10
9993 281 pedestrian 0 0 -10 724.8993396179565 103.32905172172903 919.4028062768232 529.0919196156785 -10 -10 -10 -1000 -1000 -1000 -10
9993 283 pedestrian 0 0 -10 1764.8719469060582 951.6019049164526 1812.1063807832923 1044.5774924211933 -10 -10 -10 -1000 -1000 -1000 -10
9994 281 pedestrian 0 0 -10 749.9176387822478 99.26960663347415 931.3860470210635 497.88852305233024 -10 -10 -10 -1000 -1000 -1000 -10
9994 283 pedestrian 0 0 -10 1765.3266122482014 953.2735377494612 1811.3105816996879 1043.5708506277206 -10 -10 -10 -1000 -1000 -1000 -10
9995 281 pedestrian 0 0 -10 771.5392998908754 90.39104375346605 942.3287070047702 467.78432753546883 -10 -10 -10 -1000 -1000 -1000 -10
9996 283 pedestrian 0 0 -10 1765.220407805235 952.903126033041 1811.6864792246677 1043.9737087189778 -10 -10 -10 -1000 -1000 -1000 -10
9997 283 pedestrian 0 0 -10 1764.6734904666819 953.0803911827313 1811.203880754493 1044.07944246113 -10 -10 -10 -1000 -1000 -1000 -10
9998 281 pedestrian 0 0 -10 781.4064880307216 74.04430214694202 933.4256022410239 408.8979661624623 -10 -10 -10 -1000 -1000 -1000 -10
9999 281 pedestrian 0 0 -10 787.2987470610105 69.31404026202424 936.8331572149788 398.72377581979674 -10 -10 -10 -1000 -1000 -1000 -10
9999 283 pedestrian 0 0 -10 1763.580020802484 952.0245259825131 1811.5433210715805 1045.5041831615445 -10 -10 -10 -1000 -1000 -1000 -10
10000 281 pedestrian 0 0 -10 792.0382177726043 63.86826528327336 935.1287750214532 379.9713119853544 -10 -10 -10 -1000 -1000 -1000 -10
10001 281 pedestrian 0 0 -10 784.534297798943 62.951223200359095 925.3117436822264 372.08849303099163 -10 -10 -10 -1000 -1000 -1000 -10
10002 281 pedestrian 0 0 -10 777.9242341513984 61.62885965353894 915.5586587018064 363.588156146511 -10 -10 -10 -1000 -1000 -1000 -10
10003 281 pedestrian 0 0 -10 775.0832486548726 60.95608634623349 911.4556279963527 360.6174536548416 -10 -10 -10 -1000 -1000 -1000 -10
10004 281 pedestrian 0 0 -10 774.2935350121217 61.136588656625975 909.6673936650418 360.10463663474854 -10 -10 -10 -1000 -1000 -1000 -10
10005 281 pedestrian 0 0 -10 773.9362198462767 60.92839513756695 909.2542654842794 360.9827076492242 -10 -10 -10 -1000 -1000 -1000 -10
10006 281 pedestrian 0 0 -10 770.290581172253 61.35614641510642 904.5693281898813 361.3672977527376 -10 -10 -10 -1000 -1000 -1000 -10
10007 281 pedestrian 0 0 -10 768.9649746847978 61.70462097496252 902.7291727658242 362.65049185746955 -10 -10 -10 -1000 -1000 -1000 -10
10008 281 pedestrian 0 0 -10 768.7926700986868 62.681642904532055 901.4492502952487 363.01617224649505 -10 -10 -10 -1000 -1000 -1000 -10
10017 286 pedestrian 0 0 -10 773.3730098632697 68.22393951416015 898.0787845703242 365.3867141723633 -10 -10 -10 -1000 -1000 -1000 -10
10018 286 pedestrian 0 0 -10 773.3721118586758 68.25624743516369 897.9241837515087 365.1232148540291 -10 -10 -10 -1000 -1000 -1000 -10
10018 287 pedestrian 0 0 -10 332.26270180436285 306.52826538085935 651.2395320823559 1065.192694091797 -10 -10 -10 -1000 -1000 -1000 -10
10019 286 pedestrian 0 0 -10 773.183160016521 67.80379535766582 897.8262473847121 365.1566625507892 -10 -10 -10 -1000 -1000 -1000 -10
10020 286 pedestrian 0 0 -10 773.4049793955543 68.19841050327301 897.5978463803282 364.90464271489697 -10 -10 -10 -1000 -1000 -1000 -10
10021 286 pedestrian 0 0 -10 773.0552586934388 66.90286795030264 898.0087752187615 366.10344678142394 -10 -10 -10 -1000 -1000 -1000 -10
10022 286 pedestrian 0 0 -10 773.4220676575532 67.19644699679074 897.8814120031395 365.66410464229443 -10 -10 -10 -1000 -1000 -1000 -10
10023 286 pedestrian 0 0 -10 773.4430136098338 67.1589131353667 897.7093479558688 365.6481116251722 -10 -10 -10 -1000 -1000 -1000 -10
10024 286 pedestrian 0 0 -10 773.5349635874472 67.70600869521022 897.5876379146481 365.6437058236014 -10 -10 -10 -1000 -1000 -1000 -10
10025 286 pedestrian 0 0 -10 777.1514607086189 66.14709838188043 902.7969819343722 367.0744575498135 -10 -10 -10 -1000 -1000 -1000 -10
10026 286 pedestrian 0 0 -10 779.3286102970172 67.23241680169377 904.336242701998 366.25245637291624 -10 -10 -10 -1000 -1000 -1000 -10
10027 286 pedestrian 0 0 -10 779.7277676658772 66.67892580384188 905.2812659185324 365.5925352328793 -10 -10 -10 -1000 -1000 -1000 -10
10027 288 pedestrian 0 0 -10 1763.6372968148041 952.4264892578126 1811.6457354117586 1044.67431640625 -10 -10 -10 -1000 -1000 -1000 -10
10028 286 pedestrian 0 0 -10 778.4657458861009 64.92241026382732 906.9525256639043 367.6256708195729 -10 -10 -10 -1000 -1000 -1000 -10
10028 288 pedestrian 0 0 -10 1764.2691347854138 952.8811697166949 1811.8370115254224 1044.2331633806161 -10 -10 -10 -1000 -1000 -1000 -10
10029 286 pedestrian 0 0 -10 774.020912354915 64.92649518642219 902.8082915908053 367.8253957133563 -10 -10 -10 -1000 -1000 -1000 -10
10030 286 pedestrian 0 0 -10 767.4794002990637 64.43595218780155 896.6676878595655 368.7601282568984 -10 -10 -10 -1000 -1000 -1000 -10
10033 288 pedestrian 0 0 -10 1765.5250037050228 954.2187150026134 1811.7224708197805 1042.7451122256784 -10 -10 -10 -1000 -1000 -1000 -10
10034 288 pedestrian 0 0 -10 1765.305565640559 954.3212286969484 1811.5697925647132 1042.8402804886389 -10 -10 -10 -1000 -1000 -1000 -10
10035 288 pedestrian 0 0 -10 1764.590996952103 952.924837275554 1812.06528606455 1043.5612738339616 -10 -10 -10 -1000 -1000 -1000 -10
10036 288 pedestrian 0 0 -10 1763.6699128096998 951.1138840972986 1812.7829949697718 1044.9688471284796 -10 -10 -10 -1000 -1000 -1000 -10
10037 288 pedestrian 0 0 -10 1762.8947739226041 949.880863511394 1813.4091278023316 1046.4347081465014 -10 -10 -10 -1000 -1000 -1000 -10
10038 289 pedestrian 0 0 -10 772.1944265034351 65.5562973022461 897.1093454692212 366.8068344116211 -10 -10 -10 -1000 -1000 -1000 -10
10039 289 pedestrian 0 0 -10 772.9237703210463 64.98940031305435 898.740125902665 368.02142405338657 -10 -10 -10 -1000 -1000 -1000 -10
10040 289 pedestrian 0 0 -10 772.8067053572189 64.58138378038868 898.9458003664067 368.1840248098132 -10 -10 -10 -1000 -1000 -1000 -10
10041 289 pedestrian 0 0 -10 773.5754934973141 65.75858026196352 898.5737263007754 366.3781848041889 -10 -10 -10 -1000 -1000 -1000 -10
10042 289 pedestrian 0 0 -10 773.4646476147798 65.6416890944165 898.9889575681635 366.8931790585318 -10 -10 -10 -1000 -1000 -1000 -10
10043 289 pedestrian 0 0 -10 773.5274435562361 66.45763560919744 899.2649709192002 367.0439240256876 -10 -10 -10 -1000 -1000 -1000 -10
10044 289 pedestrian 0 0 -10 773.4920918950924 67.18416232765392 899.378577101449 366.2941409777511 -10 -10 -10 -1000 -1000 -1000 -10
10045 289 pedestrian 0 0 -10 773.2013275790866 67.5167201349941 899.3033506099507 365.72725328452094 -10 -10 -10 -1000 -1000 -1000 -10
10046 289 pedestrian 0 0 -10 772.9410827113996 67.23914963236618 899.3837569639762 365.61992323836944 -10 -10 -10 -1000 -1000 -1000 -10
10047 289 pedestrian 0 0 -10 773.138375601289 68.05651015030062 898.7738310799334 363.85205019581144 -10 -10 -10 -1000 -1000 -1000 -10
10048 289 pedestrian 0 0 -10 773.5880067382737 66.60266362980042 897.8748626213137 358.57795639003064 -10 -10 -10 -1000 -1000 -1000 -10
10049 289 pedestrian 0 0 -10 773.3393096119736 65.06912726125131 897.9082794073344 357.1910776713732 -10 -10 -10 -1000 -1000 -1000 -10
10050 289 pedestrian 0 0 -10 772.742172224036 63.72282734463619 898.2349454859963 357.7962424942955 -10 -10 -10 -1000 -1000 -1000 -10
10051 289 pedestrian 0 0 -10 773.0115718018577 64.37444164007638 898.0358019663396 356.6476365606852 -10 -10 -10 -1000 -1000 -1000 -10
10052 289 pedestrian 0 0 -10 772.321175235127 66.21600290110152 898.9457064544371 361.41899781211146 -10 -10 -10 -1000 -1000 -1000 -10
10053 289 pedestrian 0 0 -10 771.4519446971954 67.16674275095457 899.2889438612428 364.6547195960775 -10 -10 -10 -1000 -1000 -1000 -10
10055 289 pedestrian 0 0 -10 763.5654861060837 66.57217341129333 897.5174106237941 377.56446666454656 -10 -10 -10 -1000 -1000 -1000 -10
10056 289 pedestrian 0 0 -10 767.1286215699378 65.35517439985978 899.874243300593 373.0384212320229 -10 -10 -10 -1000 -1000 -1000 -10
10057 289 pedestrian 0 0 -10 764.2558874946042 64.49284166972063 896.8637220695206 371.3592981730505 -10 -10 -10 -1000 -1000 -1000 -10
10058 289 pedestrian 0 0 -10 767.1494411372648 63.85444262875092 900.2508991916072 370.33400746556947 -10 -10 -10 -1000 -1000 -1000 -10
10059 289 pedestrian 0 0 -10 768.0224980999693 63.82408994973176 901.5622910682295 370.0854287448225 -10 -10 -10 -1000 -1000 -1000 -10
10060 289 pedestrian 0 0 -10 765.1259674488551 65.8278238861025 897.0082397638153 367.31451612470335 -10 -10 -10 -1000 -1000 -1000 -10
10070 291 pedestrian 0 0 -10 1024.816158435451 258.5869659423828 1311.5402746700179 814.8280548095703 -10 -10 -10 -1000 -1000 -1000 -10
10073 292 pedestrian 0 0 -10 763.1379304667273 64.88581085205078 894.5212858418666 368.26074371337893 -10 -10 -10 -1000 -1000 -1000 -10
10074 292 pedestrian 0 0 -10 763.8183682312838 66.18517699237572 893.7372312289583 366.3122370148664 -10 -10 -10 -1000 -1000 -1000 -10
10075 292 pedestrian 0 0 -10 763.9857457977248 66.84647020136921 893.415955816024 365.8245629320577 -10 -10 -10 -1000 -1000 -1000 -10
10076 292 pedestrian 0 0 -10 764.6329497297244 67.90422185210605 893.1268373190719 364.5135981876914 -10 -10 -10 -1000 -1000 -1000 -10
10077 292 pedestrian 0 0 -10 763.3268013231124 64.8092620613323 894.5516796390659 367.4842850641653 -10 -10 -10 -1000 -1000 -1000 -10
10078 292 pedestrian 0 0 -10 761.8757382302575 61.99927799237577 896.0238513151315 371.1939875135889 -10 -10 -10 -1000 -1000 -1000 -10
10083 294 pedestrian 0 0 -10 714.6389665426425 212.45899047851566 945.4188093362637 746.6525390625 -10 -10 -10 -1000 -1000 -1000 -10
10084 294 pedestrian 0 0 -10 721.737852585831 211.82185119622886 957.3657124729945 758.0399696018372 -10 -10 -10 -1000 -1000 -1000 -10
10085 294 pedestrian 0 0 -10 724.6325556632487 212.00557489241822 961.2572836238949 761.685993090478 -10 -10 -10 -1000 -1000 -1000 -10
10085 297 pedestrian 0 0 -10 1762.901665055616 952.2878295898438 1812.3656201006343 1044.099169921875 -10 -10 -10 -1000 -1000 -1000 -10
10086 294 pedestrian 0 0 -10 756.9956838777025 201.27855810627253 962.6132761344049 678.7780849399524 -10 -10 -10 -1000 -1000 -1000 -10
10086 297 pedestrian 0 0 -10 1762.3512480747675 952.0542894343447 1811.9787706220027 1044.1799781662176 -10 -10 -10 -1000 -1000 -1000 -10
10087 294 pedestrian 0 0 -10 734.8581960432518 91.70694471634704 972.6451698348051 647.2341572608387 -10 -10 -10 -1000 -1000 -1000 -10
10087 297 pedestrian 0 0 -10 1762.8701158150482 952.2598725860485 1812.263465171996 1043.9487178959098 -10 -10 -10 -1000 -1000 -1000 -10
10088 294 pedestrian 0 0 -10 724.7956235150318 60.08997378765184 961.3706337803269 618.3734928883255 -10 -10 -10 -1000 -1000 -1000 -10
10088 297 pedestrian 0 0 -10 1763.113170005559 952.4734937551435 1812.1954518422133 1043.6604679823822 -10 -10 -10 -1000 -1000 -1000 -10
10089 294 pedestrian 0 0 -10 718.0277755619661 48.94661636805921 949.1479252626195 599.700591379881 -10 -10 -10 -1000 -1000 -1000 -10
10090 294 pedestrian 0 0 -10 712.118957796272 48.23915511708509 938.0101415527404 592.7434306628143 -10 -10 -10 -1000 -1000 -1000 -10
10091 294 pedestrian 0 0 -10 703.3194232417993 44.61412860340022 941.0211821290039 624.3714565852093 -10 -10 -10 -1000 -1000 -1000 -10
10092 294 pedestrian 0 0 -10 727.9525289745127 98.29689953366281 932.3190063558114 600.1144404986723 -10 -10 -10 -1000 -1000 -1000 -10
10092 297 pedestrian 0 0 -10 1764.1094248825693 953.7353731427723 1812.2042925608962 1043.230781321665 -10 -10 -10 -1000 -1000 -1000 -10
10093 294 pedestrian 0 0 -10 745.8083406551058 92.32352019744502 932.1896764957015 552.0661483314577 -10 -10 -10 -1000 -1000 -1000 -10
10094 294 pedestrian 0 0 -10 745.6712628317629 81.96096774405129 928.3778694470019 535.2538693986642 -10 -10 -10 -1000 -1000 -1000 -10
10095 294 pedestrian 0 0 -10 746.2417781783469 79.58339983452365 926.4940569904632 529.194896063009 -10 -10 -10 -1000 -1000 -1000 -10
10096 294 pedestrian 0 0 -10 750.7118000082688 77.62291398541436 930.9301622396674 529.2579427715847 -10 -10 -10 -1000 -1000 -1000 -10
10097 294 pedestrian 0 0 -10 749.9267827043878 66.42409963098777 934.867905478668 531.2579104074089 -10 -10 -10 -1000 -1000 -1000 -10
10098 294 pedestrian 0 0 -10 751.3284669897586 65.7642663253562 934.8057309412171 529.4174081457795 -10 -10 -10 -1000 -1000 -1000 -10
10099 294 pedestrian 0 0 -10 753.1416559885465 68.8129925536679 933.3288748639363 526.0739532903589 -10 -10 -10 -1000 -1000 -1000 -10
10103 299 pedestrian 0 0 -10 731.1833774713068 407.1331604003906 965.5311244818181 964.2203674316406 -10 -10 -10 -1000 -1000 -1000 -10
10104 299 pedestrian 0 0 -10 730.8856754446925 410.0710255561851 990.1934638126015 1027.5695322161973 -10 -10 -10 -1000 -1000 -1000 -10
10105 299 pedestrian 0 0 -10 728.623608483739 396.6135112586947 969.2684993264563 969.0804502709527 -10 -10 -10 -1000 -1000 -1000 -10
10106 299 pedestrian 0 0 -10 728.1189133934573 371.55586219480796 959.5967606876923 920.611534817355 -10 -10 -10 -1000 -1000 -1000 -10
10108 299 pedestrian 0 0 -10 766.9120378488711 333.974402563444 1003.2917815721673 896.3855019691987 -10 -10 -10 -1000 -1000 -1000 -10
10110 299 pedestrian 0 0 -10 772.2726412950428 310.58955577058543 1003.617597639538 861.7306809372673 -10 -10 -10 -1000 -1000 -1000 -10
10111 301 pedestrian 0 0 -10 1027.9602007435476 250.11378784179686 1239.9002240611399 725.9994750976562 -10 -10 -10 -1000 -1000 -1000 -10
10111 299 pedestrian 0 0 -10 758.8849558395065 305.2474188378145 976.7865862019338 828.697872938532 -10 -10 -10 -1000 -1000 -1000 -10
10112 301 pedestrian 0 0 -10 1020.7999771054484 240.078654099828 1236.1956746970432 722.9213150951357 -10 -10 -10 -1000 -1000 -1000 -10
10113 301 pedestrian 0 0 -10 1019.8054794865111 222.57017414088878 1244.555984395889 725.1630787359253 -10 -10 -10 -1000 -1000 -1000 -10
10113 299 pedestrian 0 0 -10 748.452698835318 288.35861217235333 948.4153630014004 773.368896014402 -10 -10 -10 -1000 -1000 -1000 -10
10114 301 pedestrian 0 0 -10 1019.9376734782015 217.9947217457065 1247.4179747046317 725.2407378306666 -10 -10 -10 -1000 -1000 -1000 -10
10115 301 pedestrian 0 0 -10 1013.7446206986527 214.7151229997993 1244.3771789912898 727.3877229027014 -10 -10 -10 -1000 -1000 -1000 -10
10116 301 pedestrian 0 0 -10 1016.3945256013835 224.52146297828637 1248.3118095033224 737.3601618383923 -10 -10 -10 -1000 -1000 -1000 -10
10117 301 pedestrian 0 0 -10 1016.0801035738947 226.384410461656 1250.8794934808943 743.0804843217954 -10 -10 -10 -1000 -1000 -1000 -10
10118 301 pedestrian 0 0 -10 1011.5737021545417 228.04751155522075 1246.8203294092264 744.0240341845629 -10 -10 -10 -1000 -1000 -1000 -10
10119 301 pedestrian 0 0 -10 1013.0489536339963 226.14502626703137 1251.626510766132 747.0343183397317 -10 -10 -10 -1000 -1000 -1000 -10
10121 303 pedestrian 0 0 -10 746.0354244156116 115.36077728271482 965.3156864242321 699.0534896850586 -10 -10 -10 -1000 -1000 -1000 -10
10124 303 pedestrian 0 0 -10 781.673490677591 227.2294995340918 959.1374101528705 697.6054794924108 -10 -10 -10 -1000 -1000 -1000 -10
10125 301 pedestrian 0 0 -10 1021.9327642071468 229.35499099119764 1246.2324072068527 717.7030718751034 -10 -10 -10 -1000 -1000 -1000 -10
10126 301 pedestrian 0 0 -10 1014.2136806049652 217.2422243730742 1243.7969893617128 717.7308284826836 -10 -10 -10 -1000 -1000 -1000 -10
10126 303 pedestrian 0 0 -10 774.6329970476331 214.9155045770782 957.0474002291867 695.8870044102986 -10 -10 -10 -1000 -1000 -1000 -10
10128 303 pedestrian 0 0 -10 772.149412507176 211.68489266020248 969.292283700896 731.809567529498 -10 -10 -10 -1000 -1000 -1000 -10
10129 303 pedestrian 0 0 -10 749.9995378116311 125.38760903838386 973.8088743590943 717.12144138111 -10 -10 -10 -1000 -1000 -1000 -10
10130 303 pedestrian 0 0 -10 742.3440020648887 85.79238066164169 975.3564497077336 703.3080172614802 -10 -10 -10 -1000 -1000 -1000 -10
10131 303 pedestrian 0 0 -10 739.3028153638317 65.02820263009744 975.8274140366522 693.2623409235786 -10 -10 -10 -1000 -1000 -1000 -10
10133 303 pedestrian 0 0 -10 744.9339927144265 57.2050185275902 968.5760965045374 653.3666436878616 -10 -10 -10 -1000 -1000 -1000 -10
10134 303 pedestrian 0 0 -10 744.61688709294 146.40537308278186 968.9717581253797 741.9821105565386 -10 -10 -10 -1000 -1000 -1000 -10
10135 303 pedestrian 0 0 -10 729.1998790298532 149.95995995341985 964.8961636502237 778.2729674320174 -10 -10 -10 -1000 -1000 -1000 -10
10139 303 pedestrian 0 0 -10 740.7514067375778 159.76170255188975 920.4247988422669 637.9732763146178 -10 -10 -10 -1000 -1000 -1000 -10
10140 303 pedestrian 0 0 -10 732.5460709902674 112.09992279818252 924.3977684510141 623.2466955218888 -10 -10 -10 -1000 -1000 -1000 -10
10143 303 pedestrian 0 0 -10 773.1662356800061 119.5779055867776 906.7082273889023 473.53886624257376 -10 -10 -10 -1000 -1000 -1000 -10
10144 303 pedestrian 0 0 -10 792.0582172914645 124.22463368039999 903.6857351840345 415.49472793944767 -10 -10 -10 -1000 -1000 -1000 -10
10145 303 pedestrian 0 0 -10 796.832948046171 123.06723773600643 902.8584565436491 394.19678779067544 -10 -10 -10 -1000 -1000 -1000 -10
10146 303 pedestrian 0 0 -10 803.0497757225028 113.06079160716874 907.9380723621672 376.55891560460464 -10 -10 -10 -1000 -1000 -1000 -10
10147 303 pedestrian 0 0 -10 792.0556791883239 91.12175181737868 912.9014751949001 391.46359956055585 -10 -10 -10 -1000 -1000 -1000 -10
10150 303 pedestrian 0 0 -10 788.026305975525 69.93991604398096 900.2933888300922 347.34244342838963 -10 -10 -10 -1000 -1000 -1000 -10
10162 309 pedestrian 0 0 -10 756.4106030183284 117.58583374023436 891.3082690519841 469.55735473632814 -10 -10 -10 -1000 -1000 -1000 -10
10163 309 pedestrian 0 0 -10 769.8978864985122 107.63612607788659 896.5075118311053 437.321120772383 -10 -10 -10 -1000 -1000 -1000 -10
10164 309 pedestrian 0 0 -10 795.9098556258485 110.84915758236463 910.4387038594124 407.8277042508624 -10 -10 -10 -1000 -1000 -1000 -10
10164 310 pedestrian 0 0 -10 397.9805456474081 156.81513061523435 651.3463464424356 694.9002624511719 -10 -10 -10 -1000 -1000 -1000 -10
10165 310 pedestrian 0 0 -10 398.1158316964976 150.9933046677811 659.6367141996402 707.1739012513127 -10 -10 -10 -1000 -1000 -1000 -10
10167 309 pedestrian 0 0 -10 801.7839536889135 87.74647225638302 903.289252625044 348.18832142673955 -10 -10 -10 -1000 -1000 -1000 -10
10168 309 pedestrian 0 0 -10 800.83633090627 80.09869880671351 902.5090102593622 338.2371769726602 -10 -10 -10 -1000 -1000 -1000 -10
10175 311 pedestrian 0 0 -10 690.8315840594807 138.64115295410159 935.7391190655192 693.3049713134766 -10 -10 -10 -1000 -1000 -1000 -10
10176 311 pedestrian 0 0 -10 716.3773650674366 168.30261388676627 944.5916499137611 685.5071663969752 -10 -10 -10 -1000 -1000 -1000 -10
10177 311 pedestrian 0 0 -10 712.1147186066188 149.90648228927898 949.223989912978 688.099209817905 -10 -10 -10 -1000 -1000 -1000 -10
10178 311 pedestrian 0 0 -10 712.7057242908746 148.8407136175215 948.0868487859623 684.3149491900344 -10 -10 -10 -1000 -1000 -1000 -10
10179 311 pedestrian 0 0 -10 704.7068123689274 146.57102708943444 945.3480552499268 695.3348101330947 -10 -10 -10 -1000 -1000 -1000 -10
10180 311 pedestrian 0 0 -10 702.2986706627311 146.6809239771813 943.6285206847238 698.2864895849607 -10 -10 -10 -1000 -1000 -1000 -10
10181 311 pedestrian 0 0 -10 696.8048286811677 147.0895332235939 937.9142720792252 698.6910453351804 -10 -10 -10 -1000 -1000 -1000 -10
10182 311 pedestrian 0 0 -10 708.8650580712003 148.23111271016973 940.6156914985532 678.9201130649105 -10 -10 -10 -1000 -1000 -1000 -10
10183 311 pedestrian 0 0 -10 730.5061273106105 137.3528523491546 964.1756120721334 673.0435121896796 -10 -10 -10 -1000 -1000 -1000 -10
10184 311 pedestrian 0 0 -10 738.2338810876499 133.4689064139012 972.457828051852 671.037755373249 -10 -10 -10 -1000 -1000 -1000 -10
10185 311 pedestrian 0 0 -10 751.4126390123415 131.34926237487048 983.8551976334145 661.4763536610631 -10 -10 -10 -1000 -1000 -1000 -10
10186 311 pedestrian 0 0 -10 761.3936989870106 133.37873847561758 991.8507329295206 655.2418332004831 -10 -10 -10 -1000 -1000 -1000 -10
10187 311 pedestrian 0 0 -10 772.1083785679334 135.4214307254676 996.8770147337775 642.2202081322869 -10 -10 -10 -1000 -1000 -1000 -10
10188 311 pedestrian 0 0 -10 771.3683642216807 135.51309217242112 993.1234637677919 637.8139257098767 -10 -10 -10 -1000 -1000 -1000 -10
10189 311 pedestrian 0 0 -10 749.1164484658151 131.67380856049112 1013.3933943735485 736.3032006119977 -10 -10 -10 -1000 -1000 -1000 -10
10190 311 pedestrian 0 0 -10 707.9929990111099 121.6642705471229 1036.6091621527048 885.1149161007111 -10 -10 -10 -1000 -1000 -1000 -10
10191 311 pedestrian 0 0 -10 688.2513328391622 116.65642136724352 1040.5316780635135 946.363258716599 -10 -10 -10 -1000 -1000 -1000 -10
10192 311 pedestrian 0 0 -10 692.2787647505961 143.14806937947048 1029.0204979997184 943.5578184699879 -10 -10 -10 -1000 -1000 -1000 -10
10193 311 pedestrian 0 0 -10 683.8693367783881 144.2119391824271 1016.0090888482702 941.9910594259047 -10 -10 -10 -1000 -1000 -1000 -10
10194 311 pedestrian 0 0 -10 683.9573235296781 120.57245372268858 1016.3920847100227 928.9736641192301 -10 -10 -10 -1000 -1000 -1000 -10
10195 311 pedestrian 0 0 -10 694.6706009150466 108.713395863286 1023.8527872168997 916.9756709477472 -10 -10 -10 -1000 -1000 -1000 -10
10196 311 pedestrian 0 0 -10 700.210807852714 98.49613147899856 1034.9157605326275 925.9075574708512 -10 -10 -10 -1000 -1000 -1000 -10
10197 311 pedestrian 0 0 -10 704.2324008169849 92.87583816858921 1037.0992807246816 921.9497735633144 -10 -10 -10 -1000 -1000 -1000 -10
10198 311 pedestrian 0 0 -10 705.4971912112802 98.3512855476057 1038.4050084488326 930.2599593410406 -10 -10 -10 -1000 -1000 -1000 -10
10199 311 pedestrian 0 0 -10 712.6528222999824 94.33731220510003 1041.2155642764196 920.6753059342011 -10 -10 -10 -1000 -1000 -1000 -10
10202 311 pedestrian 0 0 -10 702.3061431962205 81.84297288615039 984.6928913263203 807.0257124851855 -10 -10 -10 -1000 -1000 -1000 -10
10214 314 pedestrian 0 0 -10 741.9610509426071 104.48067169189449 982.5380823581742 707.2809524536133 -10 -10 -10 -1000 -1000 -1000 -10
10215 314 pedestrian 0 0 -10 734.5329303735097 92.61642863946082 981.5622877677423 712.5500006273662 -10 -10 -10 -1000 -1000 -1000 -10
10217 314 pedestrian 0 0 -10 717.447934964955 136.02388363379646 983.7071623607752 804.8762899503399 -10 -10 -10 -1000 -1000 -1000 -10
10218 314 pedestrian 0 0 -10 725.4602717121021 158.47885252996485 982.9765919704306 806.3714126712096 -10 -10 -10 -1000 -1000 -1000 -10
10219 314 pedestrian 0 0 -10 722.6334716803931 147.56742886700494 978.905544609121 793.6019825408177 -10 -10 -10 -1000 -1000 -1000 -10
10223 314 pedestrian 0 0 -10 722.2807384366105 121.20558222382459 1001.9889331568947 831.7317863788521 -10 -10 -10 -1000 -1000 -1000 -10
10224 316 pedestrian 0 0 -10 724.618956458086 422.8674133300781 1029.0655528192576 1071.3183898925781 -10 -10 -10 -1000 -1000 -1000 -10
10225 316 pedestrian 0 0 -10 728.3854189392051 408.3950038480895 1038.1669303199542 1068.7604685390154 -10 -10 -10 -1000 -1000 -1000 -10
10226 316 pedestrian 0 0 -10 719.9083272241278 382.91147324055873 1029.6552594561765 1044.4445576496723 -10 -10 -10 -1000 -1000 -1000 -10
10229 316 pedestrian 0 0 -10 673.9748009139319 312.2050489095134 1003.2498241016438 1019.4366887445096 -10 -10 -10 -1000 -1000 -1000 -10
10230 316 pedestrian 0 0 -10 676.4374265659399 318.6385022076637 1011.827011990158 1042.264999837435 -10 -10 -10 -1000 -1000 -1000 -10
10231 316 pedestrian 0 0 -10 693.9488326972896 317.62884368790225 998.4059890957435 977.4426981537817 -10 -10 -10 -1000 -1000 -1000 -10
10232 316 pedestrian 0 0 -10 704.2288994388585 318.69302583381454 990.793271137364 942.8508042917692 -10 -10 -10 -1000 -1000 -1000 -10
10233 316 pedestrian 0 0 -10 709.3412257407626 300.19615853888234 997.0055319271545 930.9033617987707 -10 -10 -10 -1000 -1000 -1000 -10
10234 316 pedestrian 0 0 -10 712.7449157067712 291.27423726896234 997.6785375999998 920.3618711089488 -10 -10 -10 -1000 -1000 -1000 -10
10235 316 pedestrian 0 0 -10 705.0200475244371 257.6214025956962 997.4967050704829 909.769777803554 -10 -10 -10 -1000 -1000 -1000 -10
10236 316 pedestrian 0 0 -10 698.1398867412744 259.6448423886086 982.9462597642066 901.4340739564238 -10 -10 -10 -1000 -1000 -1000 -10
10237 316 pedestrian 0 0 -10 696.6730771275963 261.76101820403323 976.0189644674386 898.2239776881047 -10 -10 -10 -1000 -1000 -1000 -10
10238 316 pedestrian 0 0 -10 691.5917424789288 209.67275208165842 987.8244240818286 894.2259095219515 -10 -10 -10 -1000 -1000 -1000 -10
10239 316 pedestrian 0 0 -10 697.0128778544731 204.5954452852514 985.0153396354945 879.4027515962775 -10 -10 -10 -1000 -1000 -1000 -10
10240 316 pedestrian 0 0 -10 697.24038126923 210.4861871098803 986.4011819085333 895.0848467630999 -10 -10 -10 -1000 -1000 -1000 -10
10241 316 pedestrian 0 0 -10 700.9672552410635 209.04121040592628 992.3886369216481 905.4154492703394 -10 -10 -10 -1000 -1000 -1000 -10
10242 316 pedestrian 0 0 -10 694.2518807609817 192.7116653105743 993.7780367885863 916.3512322186207 -10 -10 -10 -1000 -1000 -1000 -10
10243 316 pedestrian 0 0 -10 692.7653514651972 197.60721965082894 983.9881191022047 909.9900381667107 -10 -10 -10 -1000 -1000 -1000 -10
10244 316 pedestrian 0 0 -10 700.3739725831048 192.5761825355537 981.0514911493137 887.2650166177214 -10 -10 -10 -1000 -1000 -1000 -10
10245 316 pedestrian 0 0 -10 698.2143298023238 162.94294182835228 976.0451668293512 859.8217508420453 -10 -10 -10 -1000 -1000 -1000 -10
10246 316 pedestrian 0 0 -10 712.6311036246582 171.59213755111443 958.8181206190071 793.2283546906546 -10 -10 -10 -1000 -1000 -1000 -10
10249 316 pedestrian 0 0 -10 746.0981874190702 173.02571563079647 935.8933373509747 654.6026217087397 -10 -10 -10 -1000 -1000 -1000 -10
10252 316 pedestrian 0 0 -10 743.2396059488145 170.86419106923537 916.7134229435129 612.2435593331107 -10 -10 -10 -1000 -1000 -1000 -10
10253 316 pedestrian 0 0 -10 738.4096066699032 128.38606281329857 938.069761680664 641.5402366381995 -10 -10 -10 -1000 -1000 -1000 -10
10254 316 pedestrian 0 0 -10 734.0528658232843 128.06473506035553 930.3347436389848 636.701422175252 -10 -10 -10 -1000 -1000 -1000 -10
10257 318 pedestrian 0 0 -10 721.2192051697923 99.38090667724612 964.278267974739 802.9376449584961 -10 -10 -10 -1000 -1000 -1000 -10
10259 316 pedestrian 0 0 -10 763.9689851601934 320.90027571640223 945.0481773585395 781.8208624300044 -10 -10 -10 -1000 -1000 -1000 -10
10260 318 pedestrian 0 0 -10 749.863625844775 96.25620127245429 976.5514985933416 752.2623494739987 -10 -10 -10 -1000 -1000 -1000 -10
10261 318 pedestrian 0 0 -10 755.0954381180919 103.6785509826662 975.1281458360173 739.0996859213865 -10 -10 -10 -1000 -1000 -1000 -10
10262 318 pedestrian 0 0 -10 743.083324409945 91.53789507423727 967.6147466783981 739.5318369554948 -10 -10 -10 -1000 -1000 -1000 -10
10263 318 pedestrian 0 0 -10 745.4278163628699 87.20887212955478 968.4152651070565 730.195310624704 -10 -10 -10 -1000 -1000 -1000 -10
10263 316 pedestrian 0 0 -10 744.6089101527041 175.57368130788353 969.7066764500497 754.9448513882348 -10 -10 -10 -1000 -1000 -1000 -10
10265 318 pedestrian 0 0 -10 752.3072618135254 98.29039944712974 962.7867108529886 702.731987819374 -10 -10 -10 -1000 -1000 -1000 -10
10266 320 pedestrian 0 0 -10 1766.7853975577132 952.4338989257812 1811.5366239266616 1045.515576171875 -10 -10 -10 -1000 -1000 -1000 -10
10266 318 pedestrian 0 0 -10 752.9620595725149 100.56153793743795 962.0463860329296 698.5997732774435 -10 -10 -10 -1000 -1000 -1000 -10
10267 318 pedestrian 0 0 -10 750.3400218335472 90.18536400144353 964.7614502534377 698.55159141868 -10 -10 -10 -1000 -1000 -1000 -10
10268 318 pedestrian 0 0 -10 745.6812732475144 80.71259402889848 959.5275400608995 685.841904985826 -10 -10 -10 -1000 -1000 -1000 -10
10268 320 pedestrian 0 0 -10 1766.3321800011213 951.511509303259 1811.6261193624641 1045.7187020019678 -10 -10 -10 -1000 -1000 -1000 -10
10269 318 pedestrian 0 0 -10 743.7879604104451 83.2260178632597 948.5465924939245 666.3986215648607 -10 -10 -10 -1000 -1000 -1000 -10
10270 318 pedestrian 0 0 -10 748.8535636000867 67.44439984003145 957.8392454894508 656.4986627572885 -10 -10 -10 -1000 -1000 -1000 -10
10271 318 pedestrian 0 0 -10 763.1174305034489 90.84086713947858 968.0240079965811 662.7320286522731 -10 -10 -10 -1000 -1000 -1000 -10
10273 318 pedestrian 0 0 -10 750.2308780709558 81.0999883058015 946.9124976276634 629.3399074347426 -10 -10 -10 -1000 -1000 -1000 -10
10274 318 pedestrian 0 0 -10 742.9980609665669 73.84340833393429 935.9920819517034 608.9539860790903 -10 -10 -10 -1000 -1000 -1000 -10
10275 318 pedestrian 0 0 -10 744.7199956663311 88.27380978865159 938.461930597404 623.5945083052975 -10 -10 -10 -1000 -1000 -1000 -10
10276 318 pedestrian 0 0 -10 759.8025808145225 92.82594918390896 934.2215729492747 573.1392750563839 -10 -10 -10 -1000 -1000 -1000 -10
10276 321 pedestrian 0 0 -10 780.7704655458723 206.8546401977539 909.1090022275652 552.8835708618165 -10 -10 -10 -1000 -1000 -1000 -10
10277 321 pedestrian 0 0 -10 788.4393052373531 145.35486101988516 935.3758051659893 541.0831763527515 -10 -10 -10 -1000 -1000 -1000 -10
10278 321 pedestrian 0 0 -10 787.1715242551329 112.61067889313938 943.7372283290556 534.2281794235013 -10 -10 -10 -1000 -1000 -1000 -10
10278 323 pedestrian 0 0 -10 1769.8038960301017 952.247412109375 1815.7654399073983 1044.178759765625 -10 -10 -10 -1000 -1000 -1000 -10
10279 323 pedestrian 0 0 -10 1770.3453566901796 952.4473726816099 1815.8650633511697 1043.5738700239633 -10 -10 -10 -1000 -1000 -1000 -10
10281 321 pedestrian 0 0 -10 792.7868954880133 168.0829418704791 885.9809666596071 417.4154705571335 -10 -10 -10 -1000 -1000 -1000 -10
10282 321 pedestrian 0 0 -10 797.8965117507091 156.23856587528874 887.0118539674537 392.7581716099571 -10 -10 -10 -1000 -1000 -1000 -10
10287 321 pedestrian 0 0 -10 827.3929008452968 79.61959322510708 926.9675228960849 339.8658066083375 -10 -10 -10 -1000 -1000 -1000 -10
