55 1 pedestrian 0 0 -10 644.1399750089232 19.180824279785156 1368.6558501863892 1073.103089904785 -10 -10 -10 -1000 -1000 -1000 -10
64 3 pedestrian 0 0 -10 845.2890379753061 -1.491749906539951 1101.6876710090687 564.6364117145538 -10 -10 -10 -1000 -1000 -1000 -10
65 3 pedestrian 0 0 -10 856.1845275713792 -3.155108890994711 1097.8620537827421 530.9670598814295 -10 -10 -10 -1000 -1000 -1000 -10
66 3 pedestrian 0 0 -10 853.6313107581575 19.249685997441702 1079.993942850871 521.3058724983049 -10 -10 -10 -1000 -1000 -1000 -10
67 3 pedestrian 0 0 -10 871.5772678928068 42.29119601510041 1078.2802831797871 502.89209410738823 -10 -10 -10 -1000 -1000 -1000 -10
68 3 pedestrian 0 0 -10 891.1233199929621 45.94598059291164 1074.198248602291 456.57463461904615 -10 -10 -10 -1000 -1000 -1000 -10
71 3 pedestrian 0 0 -10 898.4581077628899 34.112995570915956 1032.6427427926249 337.9969277387909 -10 -10 -10 -1000 -1000 -1000 -10
72 3 pedestrian 0 0 -10 904.9765389189957 27.18995671353369 1033.2946877689928 319.339306773402 -10 -10 -10 -1000 -1000 -1000 -10
73 3 pedestrian 0 0 -10 904.4409562031599 21.014791312400746 1025.5120821590037 298.5742655452108 -10 -10 -10 -1000 -1000 -1000 -10
74 3 pedestrian 0 0 -10 902.4883782226731 16.17291748247007 1014.4938031595744 275.0535446728827 -10 -10 -10 -1000 -1000 -1000 -10
74 4 pedestrian 0 0 -10 416.70743237083127 80.43241577148439 512.9077531760437 313.3348815917969 -10 -10 -10 -1000 -1000 -1000 -10
139 6 pedestrian 0 0 -10 411.6972015139552 76.53032989501952 506.76777651338847 317.24097442626953 -10 -10 -10 -1000 -1000 -1000 -10
140 6 pedestrian 0 0 -10 397.73581182309294 75.72855820868651 510.10671547852303 360.22387243215076 -10 -10 -10 -1000 -1000 -1000 -10
141 6 pedestrian 0 0 -10 393.1013558600993 71.53127538514445 510.5049796338841 368.64496055299327 -10 -10 -10 -1000 -1000 -1000 -10
142 6 pedestrian 0 0 -10 392.0937455926853 70.53191612690168 510.07422684814844 368.9846345001039 -10 -10 -10 -1000 -1000 -1000 -10
143 6 pedestrian 0 0 -10 392.31959416017605 70.90188877330388 509.99270629932755 367.626867362697 -10 -10 -10 -1000 -1000 -1000 -10
145 6 pedestrian 0 0 -10 391.0407418008079 71.34879849566818 512.3447787802323 377.58024758269914 -10 -10 -10 -1000 -1000 -1000 -10
146 6 pedestrian 0 0 -10 397.5845263633589 70.97951866203817 515.7981408221564 369.366044062214 -10 -10 -10 -1000 -1000 -1000 -10
172 7 pedestrian 0 0 -10 405.7836022859712 77.78693389892578 513.2786779874663 355.65551910400393 -10 -10 -10 -1000 -1000 -1000 -10
173 7 pedestrian 0 0 -10 407.42140657583565 77.13781127929226 511.3378198302331 345.76862490863425 -10 -10 -10 -1000 -1000 -1000 -10
177 7 pedestrian 0 0 -10 406.3917385518562 78.56383684857377 512.8202029719246 353.79645207654966 -10 -10 -10 -1000 -1000 -1000 -10
342 11 pedestrian 0 0 -10 420.6165203972998 79.33738098144532 511.4637652472315 299.83037109375 -10 -10 -10 -1000 -1000 -1000 -10
343 11 pedestrian 0 0 -10 423.8233510354147 80.87449738068366 508.0370188825967 285.1788982702584 -10 -10 -10 -1000 -1000 -1000 -10
344 11 pedestrian 0 0 -10 423.8440644527472 78.91630367468068 508.135023422405 283.2512879957857 -10 -10 -10 -1000 -1000 -1000 -10
605 12 pedestrian 0 0 -10 374.8281458448141 130.22252655029297 512.1318395067484 488.24730072021487 -10 -10 -10 -1000 -1000 -1000 -10
606 12 pedestrian 0 0 -10 367.8386785588102 155.40262102102244 477.7051546972566 441.0369988595643 -10 -10 -10 -1000 -1000 -1000 -10
607 12 pedestrian 0 0 -10 348.1619378238879 182.87162582189075 434.59768872682656 406.324774953678 -10 -10 -10 -1000 -1000 -1000 -10
649 15 pedestrian 0 0 -10 424.18840292782005 81.3519775390625 508.46473427921126 280.8562866210938 -10 -10 -10 -1000 -1000 -1000 -10
650 15 pedestrian 0 0 -10 423.7746628972398 80.19811790878698 508.9707000981728 281.861884064559 -10 -10 -10 -1000 -1000 -1000 -10
652 15 pedestrian 0 0 -10 423.98224736890336 80.62577005283511 508.83400680257625 281.32043745392815 -10 -10 -10 -1000 -1000 -1000 -10
667 18 pedestrian 0 0 -10 422.92173558152524 79.60283966064452 509.4548757465998 282.8619155883789 -10 -10 -10 -1000 -1000 -1000 -10
810 21 pedestrian 0 0 -10 418.7980194646914 82.70699768066406 513.1907073419493 307.9255737304687 -10 -10 -10 -1000 -1000 -1000 -10
811 21 pedestrian 0 0 -10 420.5742025250995 82.29704567795672 511.08835964988486 298.2410088531035 -10 -10 -10 -1000 -1000 -1000 -10
823 23 pedestrian 0 0 -10 420.67324987351896 82.71747436523438 510.95784143507484 294.12578735351565 -10 -10 -10 -1000 -1000 -1000 -10
972 25 pedestrian 0 0 -10 421.64087752798434 81.22967224121092 510.045639806 281.43560180664065 -10 -10 -10 -1000 -1000 -1000 -10
973 25 pedestrian 0 0 -10 420.8836384627451 84.07870038413364 510.9268429267531 288.28969719643385 -10 -10 -10 -1000 -1000 -1000 -10
974 25 pedestrian 0 0 -10 421.50027369019006 81.85345371911427 510.5890926062215 284.1196137675961 -10 -10 -10 -1000 -1000 -1000 -10
975 25 pedestrian 0 0 -10 421.7847490735994 80.87000764555529 510.3589832356776 282.1813756814799 -10 -10 -10 -1000 -1000 -1000 -10
978 25 pedestrian 0 0 -10 420.48061736236104 82.75870085600025 511.852406293524 291.06568927061164 -10 -10 -10 -1000 -1000 -1000 -10
979 25 pedestrian 0 0 -10 421.6437005817612 81.47271026131631 510.7765168596869 284.75187113267026 -10 -10 -10 -1000 -1000 -1000 -10
1014 28 pedestrian 0 0 -10 390.38336908414965 80.51902313232421 504.3247302810847 364.699528503418 -10 -10 -10 -1000 -1000 -1000 -10
1562 32 pedestrian 0 0 -10 898.687916416885 23.121521377563482 1011.0157212784275 291.5951267242432 -10 -10 -10 -1000 -1000 -1000 -10
1563 32 pedestrian 0 0 -10 896.626515024342 29.567001686015743 1005.5082458839349 289.9149942479585 -10 -10 -10 -1000 -1000 -1000 -10
1569 32 pedestrian 0 0 -10 876.4855553737574 99.85115958893749 1035.9504207014738 485.0188659786268 -10 -10 -10 -1000 -1000 -1000 -10
2480 39 pedestrian 0 0 -10 1092.7115725712893 264.9653747558594 1516.5745846552732 1080.604266357422 -10 -10 -10 -1000 -1000 -1000 -10
3416 44 pedestrian 0 0 -10 870.9450339195163 34.101652526855474 935.9103982093899 217.0197311401367 -10 -10 -10 -1000 -1000 -1000 -10
3417 44 pedestrian 0 0 -10 878.5646980115146 33.001176308683654 944.0573790892012 217.05327248292758 -10 -10 -10 -1000 -1000 -1000 -10
3418 44 pedestrian 0 0 -10 885.8078473434169 30.842658584980427 952.6271630316514 218.15365080783323 -10 -10 -10 -1000 -1000 -1000 -10
3419 44 pedestrian 0 0 -10 887.8679072897773 30.203082596443537 955.5693572361448 219.26936596978533 -10 -10 -10 -1000 -1000 -1000 -10
3420 44 pedestrian 0 0 -10 888.501707274178 30.49355282954889 956.3458407788853 219.07221210647648 -10 -10 -10 -1000 -1000 -1000 -10
3421 44 pedestrian 0 0 -10 888.2142798753066 34.42686839766671 956.6045272437757 223.5036729031635 -10 -10 -10 -1000 -1000 -1000 -10
3422 44 pedestrian 0 0 -10 887.6298453099193 32.14127984965319 956.2977359300446 220.70902111583015 -10 -10 -10 -1000 -1000 -1000 -10
3423 44 pedestrian 0 0 -10 887.4171343542654 35.9522877793289 956.3933810443374 223.10917939407904 -10 -10 -10 -1000 -1000 -1000 -10
3424 44 pedestrian 0 0 -10 891.2352167434494 36.581500727323345 961.4276192451515 224.77216170941855 -10 -10 -10 -1000 -1000 -1000 -10
3425 44 pedestrian 0 0 -10 895.4874744592289 37.12726589951953 970.1400238782119 234.79973886321406 -10 -10 -10 -1000 -1000 -1000 -10
3427 44 pedestrian 0 0 -10 902.5279722574645 40.32364004630395 991.0727418946459 270.8210778649153 -10 -10 -10 -1000 -1000 -1000 -10
3428 44 pedestrian 0 0 -10 897.7550449895324 44.96870334823265 993.9207625734788 292.31947608207133 -10 -10 -10 -1000 -1000 -1000 -10
3429 44 pedestrian 0 0 -10 900.772927114045 46.3135706254146 997.6938611225473 292.90589505869866 -10 -10 -10 -1000 -1000 -1000 -10
3430 44 pedestrian 0 0 -10 902.6389376189109 50.97818528700674 1006.8952739675747 314.3383017210694 -10 -10 -10 -1000 -1000 -1000 -10
3431 44 pedestrian 0 0 -10 907.1342036886881 57.02449984970815 1015.5339913198203 327.4962416216954 -10 -10 -10 -1000 -1000 -1000 -10
3432 44 pedestrian 0 0 -10 896.6265966952687 68.84562829745886 1013.6170714100467 359.2535089429043 -10 -10 -10 -1000 -1000 -1000 -10
3433 44 pedestrian 0 0 -10 904.7264646237421 75.96478184497616 1018.027268185191 359.81836128730106 -10 -10 -10 -1000 -1000 -1000 -10
3436 47 pedestrian 0 0 -10 868.6491336875196 91.50602874755862 1032.9765743202931 529.2631698608399 -10 -10 -10 -1000 -1000 -1000 -10
3437 47 pedestrian 0 0 -10 866.3526431786496 103.0249778914283 1033.5402011443787 548.0879528832843 -10 -10 -10 -1000 -1000 -1000 -10
3438 47 pedestrian 0 0 -10 863.0142930189825 111.2466671005536 1036.238267366226 571.9688498069247 -10 -10 -10 -1000 -1000 -1000 -10
3439 47 pedestrian 0 0 -10 852.8345424031811 112.7204045078102 1055.634736765889 652.3953419196785 -10 -10 -10 -1000 -1000 -1000 -10
3440 47 pedestrian 0 0 -10 843.5221135862512 89.03292471673996 1077.8355582974298 713.5855202986202 -10 -10 -10 -1000 -1000 -1000 -10
3441 47 pedestrian 0 0 -10 851.0155768550298 88.48098170706879 1084.2588009766919 710.004348883806 -10 -10 -10 -1000 -1000 -1000 -10
3442 47 pedestrian 0 0 -10 841.1126510554591 86.49274997740815 1071.7458193774805 698.005721640996 -10 -10 -10 -1000 -1000 -1000 -10
3443 47 pedestrian 0 0 -10 836.1498986033656 64.3424436094545 1067.945893671059 675.612442306335 -10 -10 -10 -1000 -1000 -1000 -10
3444 47 pedestrian 0 0 -10 834.1897631107552 56.981466073751164 1075.7020767283782 693.0588435462043 -10 -10 -10 -1000 -1000 -1000 -10
3445 47 pedestrian 0 0 -10 836.1961611435501 60.06728279276621 1094.086690858887 739.0595211395457 -10 -10 -10 -1000 -1000 -1000 -10
3446 47 pedestrian 0 0 -10 841.9160853562789 54.884422512827655 1114.5039301096872 772.008771637486 -10 -10 -10 -1000 -1000 -1000 -10
3447 47 pedestrian 0 0 -10 845.2191869806038 47.40122404427348 1121.5216513573241 772.255954819443 -10 -10 -10 -1000 -1000 -1000 -10
5104 58 pedestrian 0 0 -10 875.2771933601941 8.83279867172243 1020.5313393546496 333.03504476547243 -10 -10 -10 -1000 -1000 -1000 -10
5105 58 pedestrian 0 0 -10 894.1770324885393 13.981824980915462 1036.4722781392725 332.57262068961086 -10 -10 -10 -1000 -1000 -1000 -10
5106 58 pedestrian 0 0 -10 860.5915243843649 21.94053017993062 1015.2298990501898 370.0355972299533 -10 -10 -10 -1000 -1000 -1000 -10
5107 58 pedestrian 0 0 -10 842.4884515748453 22.79935744301102 1005.6598192504573 393.44488989668525 -10 -10 -10 -1000 -1000 -1000 -10
5108 58 pedestrian 0 0 -10 870.5280114126906 27.300333524668673 1036.4431290191274 407.669394162185 -10 -10 -10 -1000 -1000 -1000 -10
5109 58 pedestrian 0 0 -10 873.0470778651586 26.643486255727964 1057.617149983576 452.58252128998606 -10 -10 -10 -1000 -1000 -1000 -10
5112 58 pedestrian 0 0 -10 837.2074370294057 39.25092445736374 1068.6538469823852 581.2897897629189 -10 -10 -10 -1000 -1000 -1000 -10
5113 58 pedestrian 0 0 -10 823.3059607415444 22.234055875792308 1078.3529459945726 626.56069564526 -10 -10 -10 -1000 -1000 -1000 -10
5114 58 pedestrian 0 0 -10 814.9907306291185 12.5802652021693 1084.6753942544105 655.6863532120417 -10 -10 -10 -1000 -1000 -1000 -10
5115 58 pedestrian 0 0 -10 802.4787502139849 5.727766348027103 1105.2725469815348 731.6320820261736 -10 -10 -10 -1000 -1000 -1000 -10
5116 58 pedestrian 0 0 -10 799.0791815690847 1.6987551189587862 1120.4926149259827 771.5528506786786 -10 -10 -10 -1000 -1000 -1000 -10
5117 58 pedestrian 0 0 -10 786.0288155879659 -0.7588441670724819 1120.9684210355663 787.5963208813523 -10 -10 -10 -1000 -1000 -1000 -10
5118 58 pedestrian 0 0 -10 782.3181315764258 -0.8397403076352816 1119.589670260994 792.3354459440723 -10 -10 -10 -1000 -1000 -1000 -10
5119 58 pedestrian 0 0 -10 771.545130761144 -1.7627747755295218 1119.1163867098794 811.7754054884917 -10 -10 -10 -1000 -1000 -1000 -10
5120 58 pedestrian 0 0 -10 775.4299199038009 9.554467547724528 1146.8285845568435 878.7081544648008 -10 -10 -10 -1000 -1000 -1000 -10
5562 62 pedestrian 0 0 -10 1234.8747608300307 165.08096618652337 1570.371870029344 979.1223968505859 -10 -10 -10 -1000 -1000 -1000 -10
5563 62 pedestrian 0 0 -10 1232.0962697184302 164.17041036361547 1586.173769276681 1023.6273161505383 -10 -10 -10 -1000 -1000 -1000 -10
5564 62 pedestrian 0 0 -10 1235.0165159303258 164.11339156342046 1555.6553891892868 941.9575444819268 -10 -10 -10 -1000 -1000 -1000 -10
5565 62 pedestrian 0 0 -10 1231.9113616707018 165.25105730931062 1548.8654628429067 933.1353963259398 -10 -10 -10 -1000 -1000 -1000 -10
5612 68 pedestrian 0 0 -10 889.9101883439457 11.957480621337908 990.9812545271479 265.3056587219238 -10 -10 -10 -1000 -1000 -1000 -10
5639 71 pedestrian 0 0 -10 1021.5848204374877 9.073409652709927 1314.967230343762 805.0995204925537 -10 -10 -10 -1000 -1000 -1000 -10
5640 71 pedestrian 0 0 -10 1012.618030235818 0.8965410646968053 1247.3760808723282 635.808234558793 -10 -10 -10 -1000 -1000 -1000 -10
5641 71 pedestrian 0 0 -10 986.3837043202072 12.830673995336838 1189.3522620946421 559.5886649218263 -10 -10 -10 -1000 -1000 -1000 -10
5642 71 pedestrian 0 0 -10 920.1504548111077 42.95977829892371 1120.8803317748345 580.3114532244351 -10 -10 -10 -1000 -1000 -1000 -10
5643 71 pedestrian 0 0 -10 887.9395073214171 43.39675137384927 1089.5301409512367 581.1354676214678 -10 -10 -10 -1000 -1000 -1000 -10
5644 71 pedestrian 0 0 -10 880.4972828427115 51.722563236157896 1081.2147893836361 584.4787915366564 -10 -10 -10 -1000 -1000 -1000 -10
5645 71 pedestrian 0 0 -10 875.8301334358375 63.406002320386904 1074.5777814329508 587.7010985305374 -10 -10 -10 -1000 -1000 -1000 -10
5646 71 pedestrian 0 0 -10 861.9974670799096 60.42392049081161 1076.8689977560805 626.8630151694135 -10 -10 -10 -1000 -1000 -1000 -10
5647 71 pedestrian 0 0 -10 862.269916238541 52.730144240084655 1063.817785364406 580.217534950203 -10 -10 -10 -1000 -1000 -1000 -10
5648 71 pedestrian 0 0 -10 883.1794706683748 49.41408509812936 1071.4643206800313 541.2764671940614 -10 -10 -10 -1000 -1000 -1000 -10
5649 71 pedestrian 0 0 -10 888.3655580330134 53.12783807681075 1068.0541226233702 523.7391787188656 -10 -10 -10 -1000 -1000 -1000 -10
5650 71 pedestrian 0 0 -10 851.2733462313341 73.11096303632564 1047.8705190102348 589.2361697650628 -10 -10 -10 -1000 -1000 -1000 -10
5651 71 pedestrian 0 0 -10 835.963336405083 74.57562408975684 1043.9539134615588 625.2572166739102 -10 -10 -10 -1000 -1000 -1000 -10
5652 71 pedestrian 0 0 -10 841.6275969030632 75.0900289995659 1049.9747071982865 630.0040722377857 -10 -10 -10 -1000 -1000 -1000 -10
5653 71 pedestrian 0 0 -10 850.4409382487574 72.45529116312787 1056.9676155204006 624.5623683771151 -10 -10 -10 -1000 -1000 -1000 -10
5654 71 pedestrian 0 0 -10 854.7030075396425 72.01410367456862 1059.5751087473157 621.7636206142117 -10 -10 -10 -1000 -1000 -1000 -10
5656 71 pedestrian 0 0 -10 864.4771857722525 76.55928976044075 1053.5094039793728 582.6980198588017 -10 -10 -10 -1000 -1000 -1000 -10
5657 71 pedestrian 0 0 -10 862.6866196718258 79.23437054983776 1058.1277329533834 600.8473814612014 -10 -10 -10 -1000 -1000 -1000 -10
5658 71 pedestrian 0 0 -10 859.2212543386015 78.31479781329705 1061.9505938511238 617.9672588047629 -10 -10 -10 -1000 -1000 -1000 -10
5659 71 pedestrian 0 0 -10 850.0879475236275 69.81408357462465 1071.488920336401 660.5427548157008 -10 -10 -10 -1000 -1000 -1000 -10
5660 71 pedestrian 0 0 -10 854.1805517524076 78.28406582538787 1067.7124445223992 646.5240731072674 -10 -10 -10 -1000 -1000 -1000 -10
5661 71 pedestrian 0 0 -10 859.4285788952353 85.52305536158764 1063.7719805318227 627.1514661489873 -10 -10 -10 -1000 -1000 -1000 -10
5662 71 pedestrian 0 0 -10 853.362975289966 83.02150592741435 1061.473587740236 634.3617405325606 -10 -10 -10 -1000 -1000 -1000 -10
5663 71 pedestrian 0 0 -10 854.3139585711674 82.55518521116096 1066.2719639301292 645.537378718735 -10 -10 -10 -1000 -1000 -1000 -10
5664 71 pedestrian 0 0 -10 849.5638491457003 77.48498994263713 1073.1037119937635 673.3953666638536 -10 -10 -10 -1000 -1000 -1000 -10
5665 71 pedestrian 0 0 -10 839.8303744369729 78.33036322617335 1066.1935974903085 681.1955731815265 -10 -10 -10 -1000 -1000 -1000 -10
5666 71 pedestrian 0 0 -10 842.1491445389149 83.40320075458123 1066.2155559550301 679.0727681067139 -10 -10 -10 -1000 -1000 -1000 -10
5667 71 pedestrian 0 0 -10 840.6497772849445 79.77794545561397 1068.6502688817784 683.4689783228953 -10 -10 -10 -1000 -1000 -1000 -10
5668 71 pedestrian 0 0 -10 860.0430535250425 99.9623633035676 1068.812744721797 644.9936617248941 -10 -10 -10 -1000 -1000 -1000 -10
5670 71 pedestrian 0 0 -10 870.2788873983928 88.97427247972303 1079.398915597869 635.7304120704782 -10 -10 -10 -1000 -1000 -1000 -10
5671 71 pedestrian 0 0 -10 880.4468341425687 94.6930349979944 1073.10404692369 596.7086481626523 -10 -10 -10 -1000 -1000 -1000 -10
5673 71 pedestrian 0 0 -10 879.9491310978233 96.14160569104942 1053.7612650569172 547.076539584422 -10 -10 -10 -1000 -1000 -1000 -10
5674 71 pedestrian 0 0 -10 874.4073367820527 94.57173974944763 1045.1178223249246 538.5858011093127 -10 -10 -10 -1000 -1000 -1000 -10
5675 71 pedestrian 0 0 -10 880.4575762553349 93.62750225376891 1043.5558919561497 516.9306123077349 -10 -10 -10 -1000 -1000 -1000 -10
5676 71 pedestrian 0 0 -10 876.9362085815358 90.62965694912248 1039.4824769908896 512.2465663569454 -10 -10 -10 -1000 -1000 -1000 -10
5677 71 pedestrian 0 0 -10 864.4948538940356 87.25776621872029 1038.9471341808426 541.8666516185642 -10 -10 -10 -1000 -1000 -1000 -10
5678 71 pedestrian 0 0 -10 852.8831792780219 87.64365836475258 1036.3663478697704 569.7567464562953 -10 -10 -10 -1000 -1000 -1000 -10
5679 71 pedestrian 0 0 -10 849.3438655490451 87.77870657376624 1025.8485399572683 553.2567413971055 -10 -10 -10 -1000 -1000 -1000 -10
5680 71 pedestrian 0 0 -10 848.6481750387915 86.81246341858241 1021.9782546877484 547.4641092229056 -10 -10 -10 -1000 -1000 -1000 -10
5681 71 pedestrian 0 0 -10 857.2415253741751 86.77512137125339 1011.8942961271055 498.18338082798584 -10 -10 -10 -1000 -1000 -1000 -10
5682 71 pedestrian 0 0 -10 870.6041695401224 86.56692218613881 1007.3347069517498 449.22549694349635 -10 -10 -10 -1000 -1000 -1000 -10
5683 71 pedestrian 0 0 -10 876.1993052531096 84.08841708528564 1005.4474019922072 425.5723853477025 -10 -10 -10 -1000 -1000 -1000 -10
5684 71 pedestrian 0 0 -10 878.7698930979974 86.51279578070461 1004.0588476331518 415.1537651185774 -10 -10 -10 -1000 -1000 -1000 -10
5685 71 pedestrian 0 0 -10 876.8096889891883 87.32646372120035 1016.0459789699872 451.44093881335306 -10 -10 -10 -1000 -1000 -1000 -10
5686 71 pedestrian 0 0 -10 871.7971150931971 87.88405750897198 1015.8623674106559 463.4982842154915 -10 -10 -10 -1000 -1000 -1000 -10
5687 71 pedestrian 0 0 -10 864.7667636003932 87.49402732419236 1011.883575684341 469.62955185755226 -10 -10 -10 -1000 -1000 -1000 -10
5688 71 pedestrian 0 0 -10 866.4079841156183 87.97045190849741 1014.2507531176404 471.2292773099529 -10 -10 -10 -1000 -1000 -1000 -10
5689 71 pedestrian 0 0 -10 862.1152106196703 83.01163345113326 1010.9985926968245 467.4381789890145 -10 -10 -10 -1000 -1000 -1000 -10
5690 71 pedestrian 0 0 -10 860.1887859437793 79.97126086830377 1010.6092456394499 467.52781160531725 -10 -10 -10 -1000 -1000 -1000 -10
5691 71 pedestrian 0 0 -10 859.4999638916753 78.71611094981174 1010.4940880178194 467.9624755678551 -10 -10 -10 -1000 -1000 -1000 -10
5692 71 pedestrian 0 0 -10 859.6623931063826 78.78238544772569 1010.0908011975558 467.43107536593766 -10 -10 -10 -1000 -1000 -1000 -10
5692 75 pedestrian 0 0 -10 859.8235490217045 83.46300811767577 981.481846486108 420.3599624633789 -10 -10 -10 -1000 -1000 -1000 -10
5693 71 pedestrian 0 0 -10 859.4091583744976 77.8412612379656 1010.9000766747374 468.3059931305911 -10 -10 -10 -1000 -1000 -1000 -10
5694 71 pedestrian 0 0 -10 868.480015635698 79.21789119553574 1019.6504638862355 467.1702102537926 -10 -10 -10 -1000 -1000 -1000 -10
5695 71 pedestrian 0 0 -10 875.4119279706846 81.31530203981728 1028.9724129186613 474.1841586063539 -10 -10 -10 -1000 -1000 -1000 -10
5696 71 pedestrian 0 0 -10 877.6899868434924 81.83124267170916 1033.163497841485 477.66549271707396 -10 -10 -10 -1000 -1000 -1000 -10
5697 71 pedestrian 0 0 -10 883.8592993562929 84.31837457818165 1038.4486336809048 476.8027209659215 -10 -10 -10 -1000 -1000 -1000 -10
5697 75 pedestrian 0 0 -10 862.2372166591657 89.20608080613556 979.4602480488172 414.10978080455845 -10 -10 -10 -1000 -1000 -1000 -10
5698 71 pedestrian 0 0 -10 883.4266998215146 89.65792008155998 1034.2334836165003 471.1665035627194 -10 -10 -10 -1000 -1000 -1000 -10
5698 75 pedestrian 0 0 -10 861.6023145597151 88.25605476987931 980.0265361429892 415.7054526363549 -10 -10 -10 -1000 -1000 -1000 -10
5699 71 pedestrian 0 0 -10 879.3849088166716 89.95670565270075 1026.5966635698846 461.54253099782 -10 -10 -10 -1000 -1000 -1000 -10
5699 75 pedestrian 0 0 -10 862.1435206829942 89.12877692938025 980.2794921784326 415.27808848375895 -10 -10 -10 -1000 -1000 -1000 -10
5700 71 pedestrian 0 0 -10 878.7457471839912 92.03651277117328 1022.9626224776835 456.15917595855933 -10 -10 -10 -1000 -1000 -1000 -10
5701 71 pedestrian 0 0 -10 873.899329244561 86.57829567528884 1025.7540082913727 469.8638787185722 -10 -10 -10 -1000 -1000 -1000 -10
5702 71 pedestrian 0 0 -10 867.7169066209462 84.0184146756759 1022.992026357039 475.44266483534204 -10 -10 -10 -1000 -1000 -1000 -10
5702 75 pedestrian 0 0 -10 866.1627087778744 84.58432890745235 988.051527550326 419.507103462775 -10 -10 -10 -1000 -1000 -1000 -10
5703 71 pedestrian 0 0 -10 865.015952666664 82.2846156298391 1022.112677777649 478.52894667909175 -10 -10 -10 -1000 -1000 -1000 -10
5704 71 pedestrian 0 0 -10 868.6156618884145 82.53764441295175 1025.6457167156527 478.6408995408119 -10 -10 -10 -1000 -1000 -1000 -10
5704 75 pedestrian 0 0 -10 871.1843031397167 81.14772213374161 996.676579984354 422.64440018288747 -10 -10 -10 -1000 -1000 -1000 -10
5705 71 pedestrian 0 0 -10 874.3368462120632 81.72199649945674 1032.0191094278575 480.0040288873223 -10 -10 -10 -1000 -1000 -1000 -10
5706 71 pedestrian 0 0 -10 869.3505646424509 85.47786150887336 1023.6156032266865 475.70823451916715 -10 -10 -10 -1000 -1000 -1000 -10
5707 71 pedestrian 0 0 -10 866.5273293049478 84.95058119749135 1020.8712609838121 476.1300413928825 -10 -10 -10 -1000 -1000 -1000 -10
5708 71 pedestrian 0 0 -10 865.9510515324444 86.1032682153479 1019.2347843145587 475.7012837164845 -10 -10 -10 -1000 -1000 -1000 -10
5709 71 pedestrian 0 0 -10 861.0529893218733 85.78133971776589 1015.0882064921215 475.71433771551625 -10 -10 -10 -1000 -1000 -1000 -10
5710 71 pedestrian 0 0 -10 863.5448647671903 86.58163414814643 1017.1664012547878 474.9185036579606 -10 -10 -10 -1000 -1000 -1000 -10
5711 71 pedestrian 0 0 -10 864.9427990271931 87.52859559406517 1017.8539669150842 473.6297309792945 -10 -10 -10 -1000 -1000 -1000 -10
5712 71 pedestrian 0 0 -10 864.8348591783281 85.7678270272672 1019.6078704936082 475.6381559257226 -10 -10 -10 -1000 -1000 -1000 -10
5713 71 pedestrian 0 0 -10 868.1004713638404 82.89885622306363 1025.594188314661 478.56548081164794 -10 -10 -10 -1000 -1000 -1000 -10
5714 71 pedestrian 0 0 -10 868.6971148985351 80.93113907619565 1028.1273761028442 480.21512338186733 -10 -10 -10 -1000 -1000 -1000 -10
5715 71 pedestrian 0 0 -10 866.276306117667 79.63304226017047 1023.4859909037608 472.27005732178543 -10 -10 -10 -1000 -1000 -1000 -10
5716 71 pedestrian 0 0 -10 867.2353459245699 78.66607162058307 1028.1393074224452 479.0751806092099 -10 -10 -10 -1000 -1000 -1000 -10
5717 71 pedestrian 0 0 -10 863.8433614136169 75.0535804371552 1025.5305683162994 476.2243709849421 -10 -10 -10 -1000 -1000 -1000 -10
5718 71 pedestrian 0 0 -10 868.9692022562015 73.90862000003816 1026.8543029668854 464.9357420975342 -10 -10 -10 -1000 -1000 -1000 -10
5719 71 pedestrian 0 0 -10 870.1084458886564 72.29200357316327 1027.9607217984258 462.18545109485945 -10 -10 -10 -1000 -1000 -1000 -10
5720 71 pedestrian 0 0 -10 885.4196377406423 72.2357882475655 1022.5578227519784 412.30091547572243 -10 -10 -10 -1000 -1000 -1000 -10
5724 71 pedestrian 0 0 -10 849.2512431571015 47.287490277173816 1012.3433290506142 452.3879382380063 -10 -10 -10 -1000 -1000 -1000 -10
5726 77 pedestrian 0 0 -10 881.3151763121211 56.60030288696288 1001.1044892152227 330.19084854125975 -10 -10 -10 -1000 -1000 -1000 -10
5727 77 pedestrian 0 0 -10 882.3192664880121 53.07381565345679 1001.7685043013081 325.9893783229485 -10 -10 -10 -1000 -1000 -1000 -10
5728 77 pedestrian 0 0 -10 881.6443540258568 43.482422127397086 1003.2963464387919 321.94475864107665 -10 -10 -10 -1000 -1000 -1000 -10
5729 79 pedestrian 0 0 -10 285.5910481961249 79.71425018310543 638.3916056124689 919.4962814331054 -10 -10 -10 -1000 -1000 -1000 -10
5734 77 pedestrian 0 0 -10 879.1669106949174 32.305836129978886 978.3389156818967 260.2740583956153 -10 -10 -10 -1000 -1000 -1000 -10
5735 81 pedestrian 0 0 -10 925.4950531007771 43.484621429443365 1038.8395416257854 320.45069808959965 -10 -10 -10 -1000 -1000 -1000 -10
5737 81 pedestrian 0 0 -10 909.9518249233553 35.70371452883734 1008.3643285156318 275.5422177982599 -10 -10 -10 -1000 -1000 -1000 -10
5812 84 pedestrian 0 0 -10 879.9635073524685 9.849968147277835 957.8703183311253 212.1919359207153 -10 -10 -10 -1000 -1000 -1000 -10
5822 85 pedestrian 0 0 -10 874.21269170991 13.274768066406253 954.7791295791526 221.407763671875 -10 -10 -10 -1000 -1000 -1000 -10
5823 85 pedestrian 0 0 -10 884.1247762334125 13.289185627247363 965.5282670774028 222.73180664047754 -10 -10 -10 -1000 -1000 -1000 -10
5825 85 pedestrian 0 0 -10 907.125617289103 17.423127081210026 1000.3832662506202 256.35302068929707 -10 -10 -10 -1000 -1000 -1000 -10
5826 85 pedestrian 0 0 -10 911.5107489611972 24.820636193026814 1006.2942704053619 266.55791208473306 -10 -10 -10 -1000 -1000 -1000 -10
5827 85 pedestrian 0 0 -10 907.1508626655467 23.82086711113243 1004.7748229538896 271.62684070721866 -10 -10 -10 -1000 -1000 -1000 -10
5829 85 pedestrian 0 0 -10 905.1191495373932 33.263187804317425 1013.4441854821465 306.94250531076 -10 -10 -10 -1000 -1000 -1000 -10
5834 85 pedestrian 0 0 -10 880.0112766848863 54.23683902843442 1013.0290033133127 390.35588157215307 -10 -10 -10 -1000 -1000 -1000 -10
5835 85 pedestrian 0 0 -10 864.3181326201363 63.03503442992667 997.6955200403484 398.65888441049617 -10 -10 -10 -1000 -1000 -1000 -10
