57 2 pedestrian 0 0 -10 354.8761885321968 339.9713134765625 677.1857499443656 1085.269091796875 -10 -10 -10 -1000 -1000 -1000 -10
610 3 pedestrian 0 0 -10 351.60840635629484 346.72976074218747 652.179111954252 1081.2670166015625 -10 -10 -10 -1000 -1000 -1000 -10
613 3 pedestrian 0 0 -10 356.2533772856243 343.3904997257959 660.7124488612938 1084.794007628866 -10 -10 -10 -1000 -1000 -1000 -10
668 9 pedestrian 0 0 -10 626.691930244566 16.445618629455566 759.6152474898089 331.5515878677368 -10 -10 -10 -1000 -1000 -1000 -10
670 9 pedestrian 0 0 -10 625.8932307019693 14.777405556418472 760.3779838937392 333.4911464799343 -10 -10 -10 -1000 -1000 -1000 -10
741 12 pedestrian 0 0 -10 1764.5510590824506 952.6886108398437 1811.7949125972368 1044.4637451171875 -10 -10 -10 -1000 -1000 -1000 -10
746 12 pedestrian 0 0 -10 1770.5476247315487 953.3767020290194 1817.2355741682716 1044.1859239250089 -10 -10 -10 -1000 -1000 -1000 -10
1021 26 pedestrian 0 0 -10 1764.6599281578585 952.7007568359375 1811.6289878577663 1044.8286865234375 -10 -10 -10 -1000 -1000 -1000 -10
1025 26 pedestrian 0 0 -10 1764.2655763547575 951.2856607841053 1812.3000850929177 1045.5895711135024 -10 -10 -10 -1000 -1000 -1000 -10
1038 28 pedestrian 0 0 -10 1764.8807964331766 952.5956298828124 1811.1491107933862 1045.2219482421874 -10 -10 -10 -1000 -1000 -1000 -10
1039 28 pedestrian 0 0 -10 1765.383366221254 953.2563911062547 1810.5479695346583 1043.6855247952242 -10 -10 -10 -1000 -1000 -1000 -10
1125 30 pedestrian 0 0 -10 1765.4970405821325 953.0895751953126 1810.5666068788048 1044.1190185546875 -10 -10 -10 -1000 -1000 -1000 -10
1179 33 pedestrian 0 0 -10 1764.7565972575237 951.4999389648438 1812.3095892659135 1044.86845703125 -10 -10 -10 -1000 -1000 -1000 -10
1384 35 pedestrian 0 0 -10 769.6509778149687 67.66637268066405 873.5752917162814 321.456005859375 -10 -10 -10 -1000 -1000 -1000 -10
1390 35 pedestrian 0 0 -10 759.6083343405883 87.56383535868682 870.4067059574157 359.285716755665 -10 -10 -10 -1000 -1000 -1000 -10
1395 37 pedestrian 0 0 -10 813.8378366424896 111.89959716796872 963.0436086700105 437.81806640624995 -10 -10 -10 -1000 -1000 -1000 -10
1396 37 pedestrian 0 0 -10 799.5599136085976 118.5638058297086 951.7254332412112 450.35877657003164 -10 -10 -10 -1000 -1000 -1000 -10
1397 37 pedestrian 0 0 -10 783.9461551009815 136.1942776922807 957.7559528111525 515.3917339065564 -10 -10 -10 -1000 -1000 -1000 -10
1398 37 pedestrian 0 0 -10 768.0100504352126 149.42609337412668 951.7494699881152 549.4338910962863 -10 -10 -10 -1000 -1000 -1000 -10
1399 37 pedestrian 0 0 -10 748.551938991432 168.02763480129903 953.4652338959079 614.201924958958 -10 -10 -10 -1000 -1000 -1000 -10
1400 37 pedestrian 0 0 -10 739.0588146708026 188.11863727900757 956.567982434277 660.7651911574019 -10 -10 -10 -1000 -1000 -1000 -10
1401 37 pedestrian 0 0 -10 740.2151755833944 226.245394576588 980.9949389128911 748.4459973513801 -10 -10 -10 -1000 -1000 -1000 -10
1402 37 pedestrian 0 0 -10 744.1404393619318 278.85575979265997 1005.1924020343322 842.4184474685917 -10 -10 -10 -1000 -1000 -1000 -10
1403 37 pedestrian 0 0 -10 737.5707386643935 370.7136477262391 1032.2254079530906 1003.929415837785 -10 -10 -10 -1000 -1000 -1000 -10
1408 38 pedestrian 0 0 -10 799.2255198993572 80.86297149658202 914.6216968975177 352.628108215332 -10 -10 -10 -1000 -1000 -1000 -10
1409 38 pedestrian 0 0 -10 799.2353591590596 84.21878350552004 925.5226177122706 381.84829434646844 -10 -10 -10 -1000 -1000 -1000 -10
1410 38 pedestrian 0 0 -10 806.8276020235318 95.87431492589687 932.6722248567401 391.9464613972242 -10 -10 -10 -1000 -1000 -1000 -10
1411 38 pedestrian 0 0 -10 803.1904913441633 98.0290774646887 930.5741239133802 397.1998087966838 -10 -10 -10 -1000 -1000 -1000 -10
1412 38 pedestrian 0 0 -10 790.4343673212522 108.98334912604818 930.532276725342 437.2732883598551 -10 -10 -10 -1000 -1000 -1000 -10
1413 38 pedestrian 0 0 -10 777.6932621403122 120.42427570675252 920.2598927158989 452.98477047014467 -10 -10 -10 -1000 -1000 -1000 -10
1414 38 pedestrian 0 0 -10 765.4233219004979 121.58034776941764 923.0903556015755 489.76485416752183 -10 -10 -10 -1000 -1000 -1000 -10
1415 38 pedestrian 0 0 -10 761.8280661518731 147.43952927497836 923.0440536807191 522.4665500858729 -10 -10 -10 -1000 -1000 -1000 -10
1416 38 pedestrian 0 0 -10 755.3302664001247 161.37221357294464 919.5807992563226 540.8457775599054 -10 -10 -10 -1000 -1000 -1000 -10
1417 38 pedestrian 0 0 -10 748.4019332845307 177.78024307380343 931.6055609041173 601.3547655207128 -10 -10 -10 -1000 -1000 -1000 -10
1418 38 pedestrian 0 0 -10 753.2132272216239 201.2328071323228 937.8576488887758 624.0489791293637 -10 -10 -10 -1000 -1000 -1000 -10
1419 38 pedestrian 0 0 -10 743.9603426643971 218.54437434538136 960.6461314595351 715.0566849870982 -10 -10 -10 -1000 -1000 -1000 -10
1420 38 pedestrian 0 0 -10 736.8315239000635 241.50601964966057 981.1281255800349 802.7292974475622 -10 -10 -10 -1000 -1000 -1000 -10
1421 38 pedestrian 0 0 -10 725.9515649822195 296.0428690417842 998.4224562839869 922.9072954410001 -10 -10 -10 -1000 -1000 -1000 -10
1422 38 pedestrian 0 0 -10 717.3465727061944 362.33406817342876 1009.2217758579006 1032.7132823898107 -10 -10 -10 -1000 -1000 -1000 -10
1423 38 pedestrian 0 0 -10 728.3324142876858 427.7970137693237 999.3974059073196 1038.924025523256 -10 -10 -10 -1000 -1000 -1000 -10
1436 39 pedestrian 0 0 -10 783.6956558742012 49.50563507080078 887.1326278172052 305.0869888305664 -10 -10 -10 -1000 -1000 -1000 -10
1437 39 pedestrian 0 0 -10 780.6821187230166 50.46180792071519 890.1014796588505 320.8295242789111 -10 -10 -10 -1000 -1000 -1000 -10
1438 39 pedestrian 0 0 -10 784.1437821432455 59.58998837717371 897.2276406394667 338.38616825813114 -10 -10 -10 -1000 -1000 -1000 -10
1439 39 pedestrian 0 0 -10 800.0881414848972 65.65868701781008 915.6660938617055 350.8874136291174 -10 -10 -10 -1000 -1000 -1000 -10
1440 39 pedestrian 0 0 -10 809.4897141161466 70.79951238052425 927.7442473343406 361.88175846254114 -10 -10 -10 -1000 -1000 -1000 -10
1441 39 pedestrian 0 0 -10 799.3117578961475 80.28037834209476 927.4700057146543 396.143503129018 -10 -10 -10 -1000 -1000 -1000 -10
1442 39 pedestrian 0 0 -10 799.7075226691773 86.36684185900302 939.9686753686365 434.0096843019752 -10 -10 -10 -1000 -1000 -1000 -10
1443 39 pedestrian 0 0 -10 799.7361958628113 96.49534446832337 945.8696118447103 458.51467200297753 -10 -10 -10 -1000 -1000 -1000 -10
1444 39 pedestrian 0 0 -10 780.6158996021815 110.57436265569325 939.0427742275201 502.5158572622264 -10 -10 -10 -1000 -1000 -1000 -10
1445 39 pedestrian 0 0 -10 769.4348375550802 124.8882745167399 939.5861387472514 546.913114498342 -10 -10 -10 -1000 -1000 -1000 -10
1446 39 pedestrian 0 0 -10 769.5507423978299 146.76622112636295 953.2587102851273 602.1246685191936 -10 -10 -10 -1000 -1000 -1000 -10
1447 39 pedestrian 0 0 -10 756.8830713985092 164.74573691657903 962.7360360373859 675.6200665188763 -10 -10 -10 -1000 -1000 -1000 -10
1448 39 pedestrian 0 0 -10 742.5751786013768 201.10133770245488 975.091875572103 779.5275327117648 -10 -10 -10 -1000 -1000 -1000 -10
1449 39 pedestrian 0 0 -10 757.1131247647165 252.72450909441665 1011.6979211405863 888.5345696960112 -10 -10 -10 -1000 -1000 -1000 -10
1450 39 pedestrian 0 0 -10 759.1325793710462 323.83326448402363 1039.3855388059465 1013.670196332871 -10 -10 -10 -1000 -1000 -1000 -10
1470 40 pedestrian 0 0 -10 808.3657952153131 89.74987182617187 934.5714362299994 370.2016540527344 -10 -10 -10 -1000 -1000 -1000 -10
1471 40 pedestrian 0 0 -10 808.2467455928304 95.58411706126805 944.866805077014 399.6521213118361 -10 -10 -10 -1000 -1000 -1000 -10
1472 40 pedestrian 0 0 -10 812.6256506237401 110.0260945450338 954.9146602717924 427.367310141445 -10 -10 -10 -1000 -1000 -1000 -10
1473 40 pedestrian 0 0 -10 799.5079742751226 120.42356658042965 952.5365976436813 462.0618261346484 -10 -10 -10 -1000 -1000 -1000 -10
1474 40 pedestrian 0 0 -10 794.8780713001203 123.84367417539332 951.3880110868715 473.66838152628986 -10 -10 -10 -1000 -1000 -1000 -10
1475 40 pedestrian 0 0 -10 771.6141036284885 136.64138409274005 943.6626299312879 523.3054472092382 -10 -10 -10 -1000 -1000 -1000 -10
1476 40 pedestrian 0 0 -10 763.4029921411196 141.29383395332266 940.3903922040407 541.3867367391296 -10 -10 -10 -1000 -1000 -1000 -10
1477 40 pedestrian 0 0 -10 763.1134023662204 169.409075814384 954.1825525120514 602.37943808317 -10 -10 -10 -1000 -1000 -1000 -10
1478 40 pedestrian 0 0 -10 763.2751095446491 180.15649189999684 959.3855278275545 625.6263792216417 -10 -10 -10 -1000 -1000 -1000 -10
1479 40 pedestrian 0 0 -10 767.5970347264879 222.81821831606857 975.5064882639815 694.7566871017364 -10 -10 -10 -1000 -1000 -1000 -10
1480 40 pedestrian 0 0 -10 769.3236175720007 239.2075484130082 981.9245940392889 721.5939675946383 -10 -10 -10 -1000 -1000 -1000 -10
1482 41 pedestrian 0 0 -10 765.8179647328461 401.3346618652344 1024.5853433726227 1041.5989685058594 -10 -10 -10 -1000 -1000 -1000 -10
1489 42 pedestrian 0 0 -10 775.3768154358087 67.1024139404297 878.9478427673164 315.1034240722656 -10 -10 -10 -1000 -1000 -1000 -10
1491 42 pedestrian 0 0 -10 791.1987050438794 73.84834482084696 902.8973499580643 341.3833519254358 -10 -10 -10 -1000 -1000 -1000 -10
1492 42 pedestrian 0 0 -10 799.651531321881 80.40223887929162 913.024692191491 351.13812838094793 -10 -10 -10 -1000 -1000 -1000 -10
1493 42 pedestrian 0 0 -10 804.3056872549002 86.27174277736461 923.73506135458 370.70211838035766 -10 -10 -10 -1000 -1000 -1000 -10
1494 42 pedestrian 0 0 -10 807.9702634984208 96.80732986183725 934.3110918432571 397.1684240188299 -10 -10 -10 -1000 -1000 -1000 -10
1495 42 pedestrian 0 0 -10 800.6991581795367 105.40967656285653 937.4786906148537 430.3104607995944 -10 -10 -10 -1000 -1000 -1000 -10
1496 42 pedestrian 0 0 -10 793.0155833863096 121.40823436264208 933.7472656572314 455.59127990188784 -10 -10 -10 -1000 -1000 -1000 -10
1497 42 pedestrian 0 0 -10 771.2167588070149 127.41234831704944 914.3051860146438 467.1046384632374 -10 -10 -10 -1000 -1000 -1000 -10
1498 42 pedestrian 0 0 -10 740.5952359076213 136.3047447746085 882.3290404409598 472.93845216500654 -10 -10 -10 -1000 -1000 -1000 -10
1518 44 pedestrian 0 0 -10 367.81722137036684 255.96925659179692 663.9247708171332 1019.3529235839844 -10 -10 -10 -1000 -1000 -1000 -10
1519 44 pedestrian 0 0 -10 359.62406152621054 253.35138938362377 661.1185354729171 1030.7241549289201 -10 -10 -10 -1000 -1000 -1000 -10
1552 45 pedestrian 0 0 -10 1764.3152616270258 952.3679443359375 1811.4101289979742 1043.520166015625 -10 -10 -10 -1000 -1000 -1000 -10
1555 45 pedestrian 0 0 -10 1763.2738151151468 951.2473862566658 1811.9275692912126 1045.4024706663388 -10 -10 -10 -1000 -1000 -1000 -10
1558 45 pedestrian 0 0 -10 1764.355170842677 952.8292284688603 1810.9424969642744 1043.1542464079748 -10 -10 -10 -1000 -1000 -1000 -10
1562 45 pedestrian 0 0 -10 1763.8714288927008 951.9498108542235 1811.9955149961982 1045.4755643157853 -10 -10 -10 -1000 -1000 -1000 -10
1577 48 pedestrian 0 0 -10 1765.080315739416 951.8855224609375 1811.5617985183965 1045.1526123046874 -10 -10 -10 -1000 -1000 -1000 -10
1579 48 pedestrian 0 0 -10 1764.938382407686 951.2558077745784 1811.9848560487026 1045.6882744099055 -10 -10 -10 -1000 -1000 -1000 -10
1583 48 pedestrian 0 0 -10 1764.0226269178345 949.9697345448192 1811.9264965298994 1045.987395005715 -10 -10 -10 -1000 -1000 -1000 -10
1644 49 pedestrian 0 0 -10 788.3192734267235 115.85075836181642 897.1598891709328 372.207453918457 -10 -10 -10 -1000 -1000 -1000 -10
1645 49 pedestrian 0 0 -10 795.2747838917386 134.31416645717735 912.0882156932281 409.4357848261139 -10 -10 -10 -1000 -1000 -1000 -10
1646 49 pedestrian 0 0 -10 797.6165059198009 140.56370373127183 917.1531925730338 422.08248347373285 -10 -10 -10 -1000 -1000 -1000 -10
1647 49 pedestrian 0 0 -10 792.7179864210084 148.9706320893932 924.4710399108629 459.2680568436077 -10 -10 -10 -1000 -1000 -1000 -10
1648 49 pedestrian 0 0 -10 785.1171956915189 171.14630417358077 912.6124235623879 472.372940043693 -10 -10 -10 -1000 -1000 -1000 -10
1649 49 pedestrian 0 0 -10 775.7011931660588 183.60953646691226 913.9773636206048 511.7137454322708 -10 -10 -10 -1000 -1000 -1000 -10
1650 49 pedestrian 0 0 -10 759.9247998354457 197.63669732653918 909.1030626417671 553.0313460788028 -10 -10 -10 -1000 -1000 -1000 -10
1651 49 pedestrian 0 0 -10 742.3634160690483 233.98577289769466 890.7216275756733 590.9549819330149 -10 -10 -10 -1000 -1000 -1000 -10
1652 49 pedestrian 0 0 -10 738.5612583231875 251.58277870802635 898.7539464410088 638.7505268115847 -10 -10 -10 -1000 -1000 -1000 -10
1675 52 pedestrian 0 0 -10 1764.06863068177 951.9822998046875 1811.6198214666676 1044.5953857421875 -10 -10 -10 -1000 -1000 -1000 -10
1676 52 pedestrian 0 0 -10 1764.1300062738978 951.8309994325457 1811.6107021523708 1044.3497850012438 -10 -10 -10 -1000 -1000 -1000 -10
1677 52 pedestrian 0 0 -10 1764.4367848653233 952.2521440469354 1811.5761967828025 1044.0979700890034 -10 -10 -10 -1000 -1000 -1000 -10
1771 58 pedestrian 0 0 -10 1764.4073091892606 951.1002807617188 1811.4821439357395 1045.18017578125 -10 -10 -10 -1000 -1000 -1000 -10
1772 58 pedestrian 0 0 -10 1764.7991217680044 951.5829788719695 1811.398731292139 1044.6804212006723 -10 -10 -10 -1000 -1000 -1000 -10
1773 58 pedestrian 0 0 -10 1764.9406710786266 951.7533194294346 1811.388456114 1044.5009497086253 -10 -10 -10 -1000 -1000 -1000 -10
1774 58 pedestrian 0 0 -10 1765.229622802833 952.3214604685517 1811.3827601737773 1044.3836172592762 -10 -10 -10 -1000 -1000 -1000 -10
1775 58 pedestrian 0 0 -10 1765.3088701958832 952.5080627853116 1811.407216018166 1044.3425551085538 -10 -10 -10 -1000 -1000 -1000 -10
1818 62 pedestrian 0 0 -10 787.6720108104172 63.53304138183594 912.044395439583 354.94533996582027 -10 -10 -10 -1000 -1000 -1000 -10
1819 62 pedestrian 0 0 -10 787.6206745038821 63.51684764174874 912.1399318496713 355.14732196019077 -10 -10 -10 -1000 -1000 -1000 -10
1820 62 pedestrian 0 0 -10 802.0704709867939 75.59361540161558 930.441443781526 376.9583822593104 -10 -10 -10 -1000 -1000 -1000 -10
1821 62 pedestrian 0 0 -10 809.502738804782 83.87084566983785 943.9623282326684 399.62933494793856 -10 -10 -10 -1000 -1000 -1000 -10
1822 62 pedestrian 0 0 -10 817.0312142238178 91.94702993674585 952.9581769571125 411.02381638486725 -10 -10 -10 -1000 -1000 -1000 -10
1823 62 pedestrian 0 0 -10 819.4107787779823 94.57041579180972 955.7428293134122 414.4597791942308 -10 -10 -10 -1000 -1000 -1000 -10
1824 62 pedestrian 0 0 -10 820.4029533783921 94.45507180162403 965.5935139522668 436.321593679089 -10 -10 -10 -1000 -1000 -1000 -10
1825 62 pedestrian 0 0 -10 827.7081296792921 103.69999400360817 971.4458929014106 442.91826616821277 -10 -10 -10 -1000 -1000 -1000 -10
1826 62 pedestrian 0 0 -10 830.3497835536982 106.99695223793071 973.1720861012882 444.9082652252132 -10 -10 -10 -1000 -1000 -1000 -10
1833 63 pedestrian 0 0 -10 1764.720437107976 952.3859619140625 1812.2832982435868 1043.1247802734374 -10 -10 -10 -1000 -1000 -1000 -10
1846 65 pedestrian 0 0 -10 810.8379803275179 126.77301177978512 937.0285113717009 476.71496124267577 -10 -10 -10 -1000 -1000 -1000 -10
1847 65 pedestrian 0 0 -10 813.677203734799 132.2559658960823 940.6951479578204 483.72909464328416 -10 -10 -10 -1000 -1000 -1000 -10
1848 65 pedestrian 0 0 -10 759.627631672044 166.18988029382442 886.9519773379193 519.1735677694134 -10 -10 -10 -1000 -1000 -1000 -10
1849 65 pedestrian 0 0 -10 766.6203516509983 172.81498932487875 908.9419452784625 565.5655130672432 -10 -10 -10 -1000 -1000 -1000 -10
1850 65 pedestrian 0 0 -10 767.096294597396 189.1737176007692 918.9806284926069 605.1276918751826 -10 -10 -10 -1000 -1000 -1000 -10
1854 65 pedestrian 0 0 -10 763.9064984050249 297.5074223436841 955.6074373336604 815.7188343179719 -10 -10 -10 -1000 -1000 -1000 -10
1857 65 pedestrian 0 0 -10 813.5550815139026 386.19332685458494 1030.2973376379448 960.3141360077686 -10 -10 -10 -1000 -1000 -1000 -10
1859 68 pedestrian 0 0 -10 789.8437365340891 51.121401214599615 909.4231579971611 335.8588157653809 -10 -10 -10 -1000 -1000 -1000 -10
1860 68 pedestrian 0 0 -10 789.1702786153754 55.48245476125098 910.5720497681953 344.2734588260097 -10 -10 -10 -1000 -1000 -1000 -10
1860 65 pedestrian 0 0 -10 851.0941439999932 446.40700970936626 1078.3746984353847 1024.2521432559938 -10 -10 -10 -1000 -1000 -1000 -10
1861 68 pedestrian 0 0 -10 788.8745532811146 56.98021724076415 911.0279481393222 347.1417677878354 -10 -10 -10 -1000 -1000 -1000 -10
1861 70 pedestrian 0 0 -10 812.9559282960572 441.6657592773438 1128.1425092039426 1072.203369140625 -10 -10 -10 -1000 -1000 -1000 -10
1861 65 pedestrian 0 0 -10 853.3074091544847 451.2274493686615 1088.466770531791 1029.130761833179 -10 -10 -10 -1000 -1000 -1000 -10
1862 68 pedestrian 0 0 -10 802.7843069052583 64.34798377122092 928.816038899572 363.5544308846657 -10 -10 -10 -1000 -1000 -1000 -10
1862 70 pedestrian 0 0 -10 872.0219344484929 439.902613977756 1189.7354842264128 1074.0131436360875 -10 -10 -10 -1000 -1000 -1000 -10
1863 68 pedestrian 0 0 -10 807.3401114324379 66.64395537993224 934.7240295551718 368.8850300498833 -10 -10 -10 -1000 -1000 -1000 -10
1863 70 pedestrian 0 0 -10 891.3714950200118 439.26369021261047 1210.7882625767174 1074.6676850340366 -10 -10 -10 -1000 -1000 -1000 -10
1864 68 pedestrian 0 0 -10 800.5464883056824 73.6203121469668 935.4493710439681 392.94494845989266 -10 -10 -10 -1000 -1000 -1000 -10
1865 68 pedestrian 0 0 -10 802.2669129503025 80.82560527687966 940.287553522305 406.67475156361365 -10 -10 -10 -1000 -1000 -1000 -10
1866 68 pedestrian 0 0 -10 796.6070334571797 84.65950351438806 938.4923491521421 419.65546005179567 -10 -10 -10 -1000 -1000 -1000 -10
1867 68 pedestrian 0 0 -10 783.984176692433 88.04428181711049 929.4850698674694 431.1570148125594 -10 -10 -10 -1000 -1000 -1000 -10
1868 68 pedestrian 0 0 -10 771.0350769334086 90.03119682817973 924.8168417900422 452.4432308409688 -10 -10 -10 -1000 -1000 -1000 -10
1869 68 pedestrian 0 0 -10 778.692699966851 100.8988163009927 937.6963191282586 476.68356443212235 -10 -10 -10 -1000 -1000 -1000 -10
1870 68 pedestrian 0 0 -10 771.7236355372488 109.41235699316144 934.3004497283013 491.81733137320657 -10 -10 -10 -1000 -1000 -1000 -10
1871 68 pedestrian 0 0 -10 768.8038222926969 112.57320463781659 933.0766585549167 497.24134076216137 -10 -10 -10 -1000 -1000 -1000 -10
1872 68 pedestrian 0 0 -10 751.8882141015367 118.12357693265264 921.3237514817223 512.1373080192844 -10 -10 -10 -1000 -1000 -1000 -10
1873 68 pedestrian 0 0 -10 734.1533631837672 137.40645301310968 937.1486721453938 610.4227879808548 -10 -10 -10 -1000 -1000 -1000 -10
1874 68 pedestrian 0 0 -10 725.6827286182685 149.14637266083557 944.2366263561112 660.3155974869587 -10 -10 -10 -1000 -1000 -1000 -10
1875 68 pedestrian 0 0 -10 722.4771315817819 153.84976829521406 946.9851507141357 680.785719701018 -10 -10 -10 -1000 -1000 -1000 -10
1875 71 pedestrian 0 0 -10 1764.029377098633 951.8776245117188 1811.485027198242 1044.247998046875 -10 -10 -10 -1000 -1000 -1000 -10
1876 68 pedestrian 0 0 -10 726.4782599239835 166.38803919491875 952.2109265347665 694.8723042257891 -10 -10 -10 -1000 -1000 -1000 -10
1876 71 pedestrian 0 0 -10 1764.1051652067545 951.6228087705723 1811.7220551651849 1044.3095640136485 -10 -10 -10 -1000 -1000 -1000 -10
1877 68 pedestrian 0 0 -10 713.423296025063 187.7885843739333 987.1397106940422 828.1598844850254 -10 -10 -10 -1000 -1000 -1000 -10
1878 68 pedestrian 0 0 -10 715.8451154982369 201.06048796231505 1001.0629673578837 864.7385741114512 -10 -10 -10 -1000 -1000 -1000 -10
1879 68 pedestrian 0 0 -10 729.26979456357 217.99087836614365 1021.4743630052822 894.1611519290824 -10 -10 -10 -1000 -1000 -1000 -10
1880 68 pedestrian 0 0 -10 736.4912467380032 237.9982393442886 1054.8934662934842 971.94344507354 -10 -10 -10 -1000 -1000 -1000 -10
1881 68 pedestrian 0 0 -10 743.3423271557584 279.4200079727564 1055.0754438964873 994.8609501614428 -10 -10 -10 -1000 -1000 -1000 -10
1882 68 pedestrian 0 0 -10 764.6600297676821 316.57721546766 1045.304884499176 954.1963569611219 -10 -10 -10 -1000 -1000 -1000 -10
1882 71 pedestrian 0 0 -10 1763.8780159694243 951.5097545937404 1811.631311824861 1044.492859237325 -10 -10 -10 -1000 -1000 -1000 -10
1883 68 pedestrian 0 0 -10 785.7443133019491 346.27233082093124 1047.7843836696948 929.1216200593387 -10 -10 -10 -1000 -1000 -1000 -10
1884 68 pedestrian 0 0 -10 792.1902888969823 367.87059985243064 1078.3294023678782 1004.3924367915843 -10 -10 -10 -1000 -1000 -1000 -10
1885 68 pedestrian 0 0 -10 772.6541584938802 365.1259756258181 1074.622714399794 1032.1704805345116 -10 -10 -10 -1000 -1000 -1000 -10
1886 68 pedestrian 0 0 -10 771.3102547381961 357.0839991840383 1093.2448649971507 1066.629867545509 -10 -10 -10 -1000 -1000 -1000 -10
1887 68 pedestrian 0 0 -10 770.606781850127 353.6007154920538 1100.541101522267 1079.2868549815498 -10 -10 -10 -1000 -1000 -1000 -10
1888 68 pedestrian 0 0 -10 770.463959547644 378.8097316607817 1094.1593523725492 1083.1979610859617 -10 -10 -10 -1000 -1000 -1000 -10
1889 68 pedestrian 0 0 -10 769.6167328259787 388.4097819327437 1091.9600906779447 1083.1684115938822 -10 -10 -10 -1000 -1000 -1000 -10
1890 68 pedestrian 0 0 -10 768.4457479198995 391.57964940664715 1091.7261769741194 1082.3389695407875 -10 -10 -10 -1000 -1000 -1000 -10
1891 68 pedestrian 0 0 -10 793.4462072213141 379.0293242275574 1131.0444004280303 1085.5356292949173 -10 -10 -10 -1000 -1000 -1000 -10
1892 68 pedestrian 0 0 -10 786.8423366290583 379.2708967273103 1134.0981736885633 1089.6214147626856 -10 -10 -10 -1000 -1000 -1000 -10
1893 68 pedestrian 0 0 -10 782.0975930464705 378.9477907656526 1137.001008656348 1090.53524518936 -10 -10 -10 -1000 -1000 -1000 -10
1894 68 pedestrian 0 0 -10 768.4046923791957 369.0717443706356 1131.1033970155281 1090.6177188410359 -10 -10 -10 -1000 -1000 -1000 -10
1895 68 pedestrian 0 0 -10 773.7070116053246 356.92038428130326 1145.7444985848795 1089.3014784745753 -10 -10 -10 -1000 -1000 -1000 -10
1896 68 pedestrian 0 0 -10 818.6978662174032 380.7121643811442 1182.3025003006198 1087.4730480894448 -10 -10 -10 -1000 -1000 -1000 -10
1939 74 pedestrian 0 0 -10 1763.9359338828808 951.9044921875 1812.4712194374315 1045.0018798828125 -10 -10 -10 -1000 -1000 -1000 -10
1944 75 pedestrian 0 0 -10 425.5101613490402 279.40306396484374 620.6710093052568 722.4923583984375 -10 -10 -10 -1000 -1000 -1000 -10
2089 76 pedestrian 0 0 -10 779.0835376836297 68.83622741699219 877.7795116327763 306.765380859375 -10 -10 -10 -1000 -1000 -1000 -10
2092 76 pedestrian 0 0 -10 806.8392676957104 75.27760313956546 918.1408229474574 343.08302894686403 -10 -10 -10 -1000 -1000 -1000 -10
2093 76 pedestrian 0 0 -10 808.2870873006475 86.27108367354708 924.6501279254569 366.06604313266666 -10 -10 -10 -1000 -1000 -1000 -10
2094 76 pedestrian 0 0 -10 808.0124334437032 92.63539189232256 927.9018908914452 380.4984136811162 -10 -10 -10 -1000 -1000 -1000 -10
2095 76 pedestrian 0 0 -10 814.2089111065495 104.43917628620173 939.2928787105873 405.80607391230524 -10 -10 -10 -1000 -1000 -1000 -10
2096 76 pedestrian 0 0 -10 816.5193907020487 108.75030858298828 943.18315208509 415.0195446228821 -10 -10 -10 -1000 -1000 -1000 -10
2097 76 pedestrian 0 0 -10 793.5565424917199 129.17652472461157 932.0370105587914 462.510318022634 -10 -10 -10 -1000 -1000 -1000 -10
2098 76 pedestrian 0 0 -10 771.7984679400736 142.90099740385955 913.2203604762244 483.9476645043421 -10 -10 -10 -1000 -1000 -1000 -10
2099 76 pedestrian 0 0 -10 759.7460434974292 149.03463511460504 916.6776622246429 527.0531205868893 -10 -10 -10 -1000 -1000 -1000 -10
2100 76 pedestrian 0 0 -10 755.0681462971982 151.3474055760038 918.0331747684306 543.4722020100314 -10 -10 -10 -1000 -1000 -1000 -10
2101 76 pedestrian 0 0 -10 757.7793445210591 174.79071333188577 923.1796406826728 571.1151813985176 -10 -10 -10 -1000 -1000 -1000 -10
2102 76 pedestrian 0 0 -10 750.9562848707699 191.1956890133223 923.7527956368934 602.483415955092 -10 -10 -10 -1000 -1000 -1000 -10
2103 76 pedestrian 0 0 -10 748.0111855899668 197.38298202096757 924.2258213790861 614.1982197835463 -10 -10 -10 -1000 -1000 -1000 -10
2104 76 pedestrian 0 0 -10 739.6628590589967 225.74874084446975 905.2931024658901 618.1451116293217 -10 -10 -10 -1000 -1000 -1000 -10
2105 76 pedestrian 0 0 -10 736.4895290171213 236.5384512546642 897.4719062268902 618.4691372558758 -10 -10 -10 -1000 -1000 -1000 -10
2321 79 pedestrian 0 0 -10 310.6365904588682 345.9823181152344 596.099945185663 1022.7278015136719 -10 -10 -10 -1000 -1000 -1000 -10
2379 80 pedestrian 0 0 -10 807.2333702422599 89.32223968505858 960.0499915741465 429.0548324584961 -10 -10 -10 -1000 -1000 -1000 -10
2380 80 pedestrian 0 0 -10 808.3282494201924 89.4714269453591 961.0776100476226 428.9306471234213 -10 -10 -10 -1000 -1000 -1000 -10
2381 80 pedestrian 0 0 -10 810.3575207223556 87.22615456685821 960.8133425978119 421.31680852956566 -10 -10 -10 -1000 -1000 -1000 -10
2382 80 pedestrian 0 0 -10 827.9691332384286 83.64089522131198 974.8874850091046 410.09765977459097 -10 -10 -10 -1000 -1000 -1000 -10
2383 80 pedestrian 0 0 -10 828.7766010338437 82.21909429440544 975.0187164893991 407.40488637996543 -10 -10 -10 -1000 -1000 -1000 -10
2384 80 pedestrian 0 0 -10 828.7737426186742 81.72238724925202 974.8764305100432 406.8451508318259 -10 -10 -10 -1000 -1000 -1000 -10
2384 81 pedestrian 0 0 -10 828.0288114544434 81.74553680419919 985.4146699908691 465.1705978393554 -10 -10 -10 -1000 -1000 -1000 -10
2397 82 pedestrian 0 0 -10 836.1453787896348 73.83692169189453 977.4255074408338 390.219709777832 -10 -10 -10 -1000 -1000 -1000 -10
2399 82 pedestrian 0 0 -10 836.3301692859065 73.20568552650633 977.6401619198634 389.1867467542482 -10 -10 -10 -1000 -1000 -1000 -10
2400 82 pedestrian 0 0 -10 834.6280076147503 69.48481198667321 979.1469205853343 392.21082022946393 -10 -10 -10 -1000 -1000 -1000 -10
2401 82 pedestrian 0 0 -10 830.4715342639197 71.42534589213489 973.6287983475681 390.98177590494635 -10 -10 -10 -1000 -1000 -1000 -10
2402 82 pedestrian 0 0 -10 830.084056239649 74.60332916173422 970.6374581646394 388.2699682432481 -10 -10 -10 -1000 -1000 -1000 -10
2523 84 pedestrian 0 0 -10 855.0028104982368 79.05700378417967 987.9225435056694 396.7666839599609 -10 -10 -10 -1000 -1000 -1000 -10
2524 84 pedestrian 0 0 -10 854.9970913047898 79.45024702418999 987.4494569234591 395.96277630871026 -10 -10 -10 -1000 -1000 -1000 -10
2539 85 pedestrian 0 0 -10 701.3884145936267 173.93053894042964 941.0852792540294 814.1793060302734 -10 -10 -10 -1000 -1000 -1000 -10
2540 85 pedestrian 0 0 -10 716.758214343689 161.45135564753173 937.1109201200799 749.7115596968738 -10 -10 -10 -1000 -1000 -1000 -10
2541 85 pedestrian 0 0 -10 721.7596344436586 157.39287752992612 935.8433063270586 728.4699405594263 -10 -10 -10 -1000 -1000 -1000 -10
2542 85 pedestrian 0 0 -10 734.5235421446151 172.01651720296834 924.0084788249334 675.4232107936974 -10 -10 -10 -1000 -1000 -1000 -10
2543 85 pedestrian 0 0 -10 761.8715877065157 177.78467750808056 940.6437234836893 649.7812202497109 -10 -10 -10 -1000 -1000 -1000 -10
2544 85 pedestrian 0 0 -10 768.7213884823296 179.2777432283925 945.9695819488861 644.1228234028952 -10 -10 -10 -1000 -1000 -1000 -10
2545 85 pedestrian 0 0 -10 777.5637628892722 180.8060075227573 951.1480877124321 631.9191267458881 -10 -10 -10 -1000 -1000 -1000 -10
2546 85 pedestrian 0 0 -10 768.6284681843681 174.57391659294757 942.9087008024742 625.5004373433685 -10 -10 -10 -1000 -1000 -1000 -10
2547 85 pedestrian 0 0 -10 756.1321369258479 164.36753216917538 929.6876425698878 612.3954207544114 -10 -10 -10 -1000 -1000 -1000 -10
2548 85 pedestrian 0 0 -10 751.2367803308653 160.6207501378386 925.212618575676 608.7812656808247 -10 -10 -10 -1000 -1000 -1000 -10
2549 85 pedestrian 0 0 -10 746.0848529694839 158.96065291067046 917.5611992627871 598.4744314884913 -10 -10 -10 -1000 -1000 -1000 -10
2550 85 pedestrian 0 0 -10 742.3679960814286 154.9772810794512 916.2984460437742 599.6492033582924 -10 -10 -10 -1000 -1000 -1000 -10
2551 85 pedestrian 0 0 -10 757.4180434834487 147.45538823611892 928.1604212766838 587.4640410771423 -10 -10 -10 -1000 -1000 -1000 -10
2552 85 pedestrian 0 0 -10 763.2516282092644 144.56861935457852 932.3376522981338 583.7879556549574 -10 -10 -10 -1000 -1000 -1000 -10
2553 85 pedestrian 0 0 -10 770.7979616109201 131.4469794220543 937.6074527233902 565.9377780791069 -10 -10 -10 -1000 -1000 -1000 -10
2554 85 pedestrian 0 0 -10 794.5582395254578 138.87670385161263 948.3778381672516 538.2351999393077 -10 -10 -10 -1000 -1000 -1000 -10
2555 85 pedestrian 0 0 -10 802.8903040392863 141.5173806338419 952.6167114833497 529.1185463844125 -10 -10 -10 -1000 -1000 -1000 -10
2556 85 pedestrian 0 0 -10 807.3803200330668 152.38725515759262 951.8113388224984 526.192433661573 -10 -10 -10 -1000 -1000 -1000 -10
2557 85 pedestrian 0 0 -10 813.7057526265977 152.016900476778 955.6933415247926 520.4349081358531 -10 -10 -10 -1000 -1000 -1000 -10
2559 85 pedestrian 0 0 -10 814.9116667150158 144.6160592631352 958.5707395967046 514.2224101392175 -10 -10 -10 -1000 -1000 -1000 -10
2560 85 pedestrian 0 0 -10 818.8927950178079 132.083341623408 964.5642321957914 506.2809709142285 -10 -10 -10 -1000 -1000 -1000 -10
2561 85 pedestrian 0 0 -10 820.2112743763098 127.80083022937151 966.6865330551029 503.4411538457921 -10 -10 -10 -1000 -1000 -1000 -10
2563 85 pedestrian 0 0 -10 815.5066193212892 113.82612964020981 951.4378392082372 458.96185119735446 -10 -10 -10 -1000 -1000 -1000 -10
2564 85 pedestrian 0 0 -10 813.5427313041113 111.72969879007096 947.7365066239598 449.45057865111494 -10 -10 -10 -1000 -1000 -1000 -10
2566 86 pedestrian 0 0 -10 892.3002054375022 352.65150146484376 1261.8775533515602 1076.096484375 -10 -10 -10 -1000 -1000 -1000 -10
2567 86 pedestrian 0 0 -10 873.9477933582679 349.3164588836581 1247.5357355748815 1079.6920087972348 -10 -10 -10 -1000 -1000 -1000 -10
2568 85 pedestrian 0 0 -10 825.3375044945382 82.60962995757129 944.9237749657839 383.7240691852402 -10 -10 -10 -1000 -1000 -1000 -10
2569 87 pedestrian 0 0 -10 1764.9352138156878 951.2705810546876 1811.5361484889993 1044.7270751953126 -10 -10 -10 -1000 -1000 -1000 -10
2569 85 pedestrian 0 0 -10 825.8705654758946 83.50896957796516 945.1925692531034 384.44110236970056 -10 -10 -10 -1000 -1000 -1000 -10
2571 86 pedestrian 0 0 -10 746.7787510396404 333.1350012324786 1131.220511144987 1081.4715009986755 -10 -10 -10 -1000 -1000 -1000 -10
2572 86 pedestrian 0 0 -10 735.7991397889656 331.8664689803141 1122.602924078303 1081.5479083291782 -10 -10 -10 -1000 -1000 -1000 -10
2577 86 pedestrian 0 0 -10 649.7072550305479 304.0133597395345 1045.186103530795 1082.516047899758 -10 -10 -10 -1000 -1000 -1000 -10
2578 86 pedestrian 0 0 -10 647.4463870779698 301.8012634020197 1038.592495030163 1082.597714925143 -10 -10 -10 -1000 -1000 -1000 -10
2579 86 pedestrian 0 0 -10 654.8439032067358 287.59883306695826 1047.3074726129864 1077.1929279451997 -10 -10 -10 -1000 -1000 -1000 -10
2580 86 pedestrian 0 0 -10 658.9647213565314 282.40780598300114 1050.2427701658046 1075.2015022658443 -10 -10 -10 -1000 -1000 -1000 -10
2581 86 pedestrian 0 0 -10 675.7130913180451 261.9832350561167 1074.6335159436394 1074.7862236884966 -10 -10 -10 -1000 -1000 -1000 -10
2582 86 pedestrian 0 0 -10 683.020018432976 254.43497442537097 1083.5526891045265 1074.6374515532107 -10 -10 -10 -1000 -1000 -1000 -10
2583 86 pedestrian 0 0 -10 684.6154042574038 242.8396332053643 1089.211571978828 1074.4704904106907 -10 -10 -10 -1000 -1000 -1000 -10
2584 86 pedestrian 0 0 -10 685.9532544729341 238.72083807215125 1091.131912465829 1074.3696042802972 -10 -10 -10 -1000 -1000 -1000 -10
2585 86 pedestrian 0 0 -10 681.8339363812395 234.1321704297833 1087.6227395140377 1077.2813973367006 -10 -10 -10 -1000 -1000 -1000 -10
2586 86 pedestrian 0 0 -10 667.4514223327668 222.23581498621127 1071.452878816778 1070.5260230922672 -10 -10 -10 -1000 -1000 -1000 -10
2587 86 pedestrian 0 0 -10 687.8919172483874 206.6350764682287 1086.3683335475048 1051.408572239839 -10 -10 -10 -1000 -1000 -1000 -10
2588 86 pedestrian 0 0 -10 697.0338461020044 201.01013202652115 1091.234462495704 1044.0912534142535 -10 -10 -10 -1000 -1000 -1000 -10
2589 86 pedestrian 0 0 -10 679.8776604589872 192.09721382626532 1039.0407090240583 973.5557417258733 -10 -10 -10 -1000 -1000 -1000 -10
2590 86 pedestrian 0 0 -10 674.8653111784242 189.05329634189616 1017.574158787124 946.5981115296111 -10 -10 -10 -1000 -1000 -1000 -10
2591 86 pedestrian 0 0 -10 677.4263789633416 173.24388067943642 1015.5519455846561 933.0391148491424 -10 -10 -10 -1000 -1000 -1000 -10
2592 86 pedestrian 0 0 -10 680.068008121189 167.8250703893362 1013.4966915249197 928.4142294401272 -10 -10 -10 -1000 -1000 -1000 -10
2593 86 pedestrian 0 0 -10 695.8619694548202 141.72823890731155 1055.0055729314568 970.2473146743853 -10 -10 -10 -1000 -1000 -1000 -10
2594 86 pedestrian 0 0 -10 695.8005370594881 130.79871457095481 1039.7284263115553 932.3591384129754 -10 -10 -10 -1000 -1000 -1000 -10
2595 86 pedestrian 0 0 -10 696.8408156060623 127.2471779857114 1032.616518945451 917.163917322247 -10 -10 -10 -1000 -1000 -1000 -10
2596 86 pedestrian 0 0 -10 696.5848871345922 171.72061194886487 1049.5021802130848 1007.9399987685376 -10 -10 -10 -1000 -1000 -1000 -10
2597 86 pedestrian 0 0 -10 717.2986346548339 128.3996815195639 1026.1499320249295 862.1429330268022 -10 -10 -10 -1000 -1000 -1000 -10
2598 86 pedestrian 0 0 -10 725.6877312651984 103.56927518470451 1016.4714808055904 799.9475090693654 -10 -10 -10 -1000 -1000 -1000 -10
2599 86 pedestrian 0 0 -10 729.1840893319591 95.29184033348781 1012.577144450867 778.9437818807955 -10 -10 -10 -1000 -1000 -1000 -10
2600 86 pedestrian 0 0 -10 731.3854503796941 157.34267366112863 990.8474118382126 784.4722079509124 -10 -10 -10 -1000 -1000 -1000 -10
2601 86 pedestrian 0 0 -10 757.3459378656261 95.41928002007592 987.5765709736717 655.1532628724345 -10 -10 -10 -1000 -1000 -1000 -10
2601 88 pedestrian 0 0 -10 753.6477913459072 162.51486968994143 940.8884147087801 626.0715103149414 -10 -10 -10 -1000 -1000 -1000 -10
2602 86 pedestrian 0 0 -10 766.5895936330504 73.69658142447867 986.4649353946934 611.112162888958 -10 -10 -10 -1000 -1000 -1000 -10
2602 88 pedestrian 0 0 -10 755.1571322334469 181.2026121232547 932.5063073123262 619.1601131635689 -10 -10 -10 -1000 -1000 -1000 -10
2603 88 pedestrian 0 0 -10 731.4387963677747 164.39482861020127 919.0181395272457 627.5676929944811 -10 -10 -10 -1000 -1000 -1000 -10
2604 88 pedestrian 0 0 -10 724.9767468798542 159.64566471485122 915.4484270081819 629.8936617938979 -10 -10 -10 -1000 -1000 -1000 -10
2605 88 pedestrian 0 0 -10 744.2876672282979 140.90411455203503 924.5160643936367 585.5776040651992 -10 -10 -10 -1000 -1000 -1000 -10
2606 88 pedestrian 0 0 -10 751.5462953440351 134.5460481232423 928.2625942512333 570.2265122027773 -10 -10 -10 -1000 -1000 -1000 -10
2607 88 pedestrian 0 0 -10 765.5801525441119 106.23991442847426 918.2962471241841 481.68428694887206 -10 -10 -10 -1000 -1000 -1000 -10
2608 88 pedestrian 0 0 -10 770.3808031497534 96.88691224203012 914.98672892865 451.35011472018687 -10 -10 -10 -1000 -1000 -1000 -10
2609 88 pedestrian 0 0 -10 775.6172309646322 60.79417345988875 920.1510461051237 413.17568267599836 -10 -10 -10 -1000 -1000 -1000 -10
2662 93 pedestrian 0 0 -10 354.5264016075769 347.68341064453125 663.0424216346107 1066.470751953125 -10 -10 -10 -1000 -1000 -1000 -10
2808 97 pedestrian 0 0 -10 1774.5211509665962 951.799951171875 1813.4620033302788 1030.1724365234375 -10 -10 -10 -1000 -1000 -1000 -10
2810 97 pedestrian 0 0 -10 1773.399720382843 950.353402200546 1814.4661031616147 1032.8412581691018 -10 -10 -10 -1000 -1000 -1000 -10
2813 97 pedestrian 0 0 -10 1773.8126005092724 951.2276980887037 1813.9637953750068 1031.5562699429443 -10 -10 -10 -1000 -1000 -1000 -10
2814 97 pedestrian 0 0 -10 1774.6104056053655 952.621754001863 1813.727985222213 1030.6506737396787 -10 -10 -10 -1000 -1000 -1000 -10
2815 97 pedestrian 0 0 -10 1775.5549971069913 953.8021602772054 1813.6272969977647 1029.6366520879824 -10 -10 -10 -1000 -1000 -1000 -10
2817 98 pedestrian 0 0 -10 630.3242458875945 23.833166503906256 754.319479698343 335.72748413085935 -10 -10 -10 -1000 -1000 -1000 -10
2818 98 pedestrian 0 0 -10 632.1930799793654 27.173579061059968 754.283247188682 334.3104979376321 -10 -10 -10 -1000 -1000 -1000 -10
2819 98 pedestrian 0 0 -10 630.3978105337005 22.175949666629293 756.7618576174156 340.09226745605577 -10 -10 -10 -1000 -1000 -1000 -10
2820 98 pedestrian 0 0 -10 628.5849947198999 17.085417256783614 759.0486045496604 345.43895930097693 -10 -10 -10 -1000 -1000 -1000 -10
2930 101 pedestrian 0 0 -10 1766.1229113802015 952.8506591796875 1810.8734265104235 1043.5279541015625 -10 -10 -10 -1000 -1000 -1000 -10
2931 101 pedestrian 0 0 -10 1766.5421351036719 952.9415295399373 1811.1748823831274 1043.3646076528576 -10 -10 -10 -1000 -1000 -1000 -10
2932 101 pedestrian 0 0 -10 1769.7344433868504 948.2638146729065 1808.7859366982075 1027.0692617654736 -10 -10 -10 -1000 -1000 -1000 -10
2963 102 pedestrian 0 0 -10 787.4008243788918 263.1448608398437 1000.655120445327 778.4281005859375 -10 -10 -10 -1000 -1000 -1000 -10
2964 102 pedestrian 0 0 -10 772.0882258946181 234.26733110691458 991.1565440618965 764.5223982196051 -10 -10 -10 -1000 -1000 -1000 -10
2967 102 pedestrian 0 0 -10 746.3633363540569 182.5126302231352 941.7283521907718 655.5044868421144 -10 -10 -10 -1000 -1000 -1000 -10
2968 102 pedestrian 0 0 -10 756.8590751238725 167.7457385809987 934.8679917264062 600.5135776566399 -10 -10 -10 -1000 -1000 -1000 -10
2969 102 pedestrian 0 0 -10 751.289903495204 151.77061141614735 921.0276985758798 566.765454017685 -10 -10 -10 -1000 -1000 -1000 -10
2970 102 pedestrian 0 0 -10 749.3103973748508 136.67418450397545 908.557553581858 526.6289451392092 -10 -10 -10 -1000 -1000 -1000 -10
2973 102 pedestrian 0 0 -10 763.4495479923968 120.75529179529286 913.1865848312497 485.6423605121145 -10 -10 -10 -1000 -1000 -1000 -10
2974 102 pedestrian 0 0 -10 760.231691218552 113.35937087903662 911.1190912607898 481.13334683654864 -10 -10 -10 -1000 -1000 -1000 -10
2975 102 pedestrian 0 0 -10 758.9368559695863 110.78246487784764 910.459013279458 479.9198397776086 -10 -10 -10 -1000 -1000 -1000 -10
2976 102 pedestrian 0 0 -10 766.4874719745852 106.80194434418485 921.4850397672358 483.9142295793295 -10 -10 -10 -1000 -1000 -1000 -10
2979 102 pedestrian 0 0 -10 760.4058893171633 116.48463693370172 912.5133997885396 487.1086215057421 -10 -10 -10 -1000 -1000 -1000 -10
2980 102 pedestrian 0 0 -10 755.8809612963477 116.9060164195686 905.1205263743761 482.70388839732345 -10 -10 -10 -1000 -1000 -1000 -10
2981 102 pedestrian 0 0 -10 755.291191698889 123.86790046607567 901.8251306553905 483.82267909750124 -10 -10 -10 -1000 -1000 -1000 -10
2982 102 pedestrian 0 0 -10 755.3659031299453 126.62157036567268 900.8438636524083 484.8616416108531 -10 -10 -10 -1000 -1000 -1000 -10
2983 102 pedestrian 0 0 -10 758.2831141704422 123.73521100083087 906.7666393561399 488.9723409316223 -10 -10 -10 -1000 -1000 -1000 -10
2984 102 pedestrian 0 0 -10 755.7673098360918 124.65392649380306 903.6872527556128 488.7173075052166 -10 -10 -10 -1000 -1000 -1000 -10
2985 102 pedestrian 0 0 -10 755.8925957669267 122.67090714493034 901.5117900935119 482.86786490981274 -10 -10 -10 -1000 -1000 -1000 -10
2986 102 pedestrian 0 0 -10 754.8631322691532 119.16930623054438 901.6788953681576 483.4677254390497 -10 -10 -10 -1000 -1000 -1000 -10
2987 102 pedestrian 0 0 -10 755.828880707915 125.48128840636122 900.4520475268582 485.21277655275395 -10 -10 -10 -1000 -1000 -1000 -10
2995 104 pedestrian 0 0 -10 764.6380623968972 113.74583282470701 906.8553946343529 476.88065948486326 -10 -10 -10 -1000 -1000 -1000 -10
2998 104 pedestrian 0 0 -10 764.8018954058784 127.89818561838109 906.321751468508 488.8214609593808 -10 -10 -10 -1000 -1000 -1000 -10
3009 106 pedestrian 0 0 -10 762.3570165092772 127.2501281738281 912.0292383735352 491.4790405273437 -10 -10 -10 -1000 -1000 -1000 -10
3010 106 pedestrian 0 0 -10 763.9841885830756 115.67597917701369 918.5223804339066 492.04680022609193 -10 -10 -10 -1000 -1000 -1000 -10
3013 106 pedestrian 0 0 -10 761.7051982710328 126.71704658163179 910.987186770503 490.5352769694353 -10 -10 -10 -1000 -1000 -1000 -10
3019 106 pedestrian 0 0 -10 768.4705878370088 129.71136389113443 915.5673808664742 488.6451118669189 -10 -10 -10 -1000 -1000 -1000 -10
3020 106 pedestrian 0 0 -10 769.098378072752 130.33843269818323 915.891969467993 487.49193702163717 -10 -10 -10 -1000 -1000 -1000 -10
3021 106 pedestrian 0 0 -10 768.6657831674456 129.70492779863113 916.664181626383 488.3284318618431 -10 -10 -10 -1000 -1000 -1000 -10
3022 106 pedestrian 0 0 -10 765.1352477872175 126.29543632315492 911.8257479971666 482.50945978425875 -10 -10 -10 -1000 -1000 -1000 -10
3023 106 pedestrian 0 0 -10 768.6801515796653 130.9769508721908 913.5344956489171 483.24460796556235 -10 -10 -10 -1000 -1000 -1000 -10
3024 106 pedestrian 0 0 -10 765.4607837569592 127.45254237054428 910.3082480036131 480.0948971768056 -10 -10 -10 -1000 -1000 -1000 -10
3025 106 pedestrian 0 0 -10 758.5040133716182 122.45377321236703 905.5057998958009 482.90728947352176 -10 -10 -10 -1000 -1000 -1000 -10
3026 106 pedestrian 0 0 -10 754.7302255582331 111.9607523581023 904.8032737306347 482.25927941007564 -10 -10 -10 -1000 -1000 -1000 -10
3027 106 pedestrian 0 0 -10 754.4558887325286 109.79578597755716 903.6582348794677 480.2952171890849 -10 -10 -10 -1000 -1000 -1000 -10
3028 106 pedestrian 0 0 -10 754.5049543640948 109.79746424367244 903.0991294938557 479.5239014394394 -10 -10 -10 -1000 -1000 -1000 -10
3029 106 pedestrian 0 0 -10 753.9319174245123 109.01203840814301 902.6194755349031 479.8769260615795 -10 -10 -10 -1000 -1000 -1000 -10
3030 106 pedestrian 0 0 -10 753.7195062334434 113.48988197628677 902.3888988980008 484.6412961307622 -10 -10 -10 -1000 -1000 -1000 -10
3031 106 pedestrian 0 0 -10 753.3900379701878 108.33044891531534 903.3387420376222 483.9668288870187 -10 -10 -10 -1000 -1000 -1000 -10
3032 106 pedestrian 0 0 -10 754.0239108732751 113.61144579718584 902.6240074772717 485.98308634120883 -10 -10 -10 -1000 -1000 -1000 -10
3036 107 pedestrian 0 0 -10 757.0975119402717 108.11603698730468 900.7147195050409 484.30458679199216 -10 -10 -10 -1000 -1000 -1000 -10
3037 107 pedestrian 0 0 -10 755.3889384459371 97.91433958013047 901.9551763065432 482.02523443757093 -10 -10 -10 -1000 -1000 -1000 -10
3038 107 pedestrian 0 0 -10 753.9803399741937 91.17229554777848 903.7066280364878 483.9943671652703 -10 -10 -10 -1000 -1000 -1000 -10
3044 107 pedestrian 0 0 -10 756.5002691950313 104.81398399269722 900.4103391287833 483.4123295161688 -10 -10 -10 -1000 -1000 -1000 -10
3045 107 pedestrian 0 0 -10 757.15519326063 112.64997028647969 899.4522792612571 486.9090311699337 -10 -10 -10 -1000 -1000 -1000 -10
3046 107 pedestrian 0 0 -10 753.7722453456271 117.41027459462347 893.7675410163534 485.6997883719098 -10 -10 -10 -1000 -1000 -1000 -10
3047 107 pedestrian 0 0 -10 752.5238725153353 119.0631345299781 891.6887906592829 485.2207288785535 -10 -10 -10 -1000 -1000 -1000 -10
3050 108 pedestrian 0 0 -10 760.0864019112455 108.84431457519534 897.3026117606296 481.58325500488286 -10 -10 -10 -1000 -1000 -1000 -10
3051 108 pedestrian 0 0 -10 761.0723518138477 117.23899723479602 895.9809891745813 483.6345010199756 -10 -10 -10 -1000 -1000 -1000 -10
3052 108 pedestrian 0 0 -10 762.529931713871 123.11158369150613 894.4860191211304 481.43598751297986 -10 -10 -10 -1000 -1000 -1000 -10
3053 108 pedestrian 0 0 -10 763.1670348871556 125.18753418058776 894.1460546366136 480.33163693782905 -10 -10 -10 -1000 -1000 -1000 -10
3054 108 pedestrian 0 0 -10 761.9442345325674 122.45484845239812 895.0707873838339 482.9613573354027 -10 -10 -10 -1000 -1000 -1000 -10
3064 109 pedestrian 0 0 -10 763.9659105654824 113.31058807373049 904.4682325009238 490.7941207885742 -10 -10 -10 -1000 -1000 -1000 -10
3065 109 pedestrian 0 0 -10 763.5104376469138 129.51939174851572 895.6422268052819 484.3232103975549 -10 -10 -10 -1000 -1000 -1000 -10
3066 109 pedestrian 0 0 -10 763.0040952846257 128.9975007128928 893.6791236777261 479.30962688041166 -10 -10 -10 -1000 -1000 -1000 -10
3069 109 pedestrian 0 0 -10 756.6467435490453 127.97716770278257 887.2386213388179 477.0288890757332 -10 -10 -10 -1000 -1000 -1000 -10
3070 109 pedestrian 0 0 -10 753.9269683320307 123.11933537705644 888.0461057454467 481.12583916202266 -10 -10 -10 -1000 -1000 -1000 -10
3071 109 pedestrian 0 0 -10 752.67338835199 120.67953785531734 888.4845448314743 482.6794601777476 -10 -10 -10 -1000 -1000 -1000 -10
3072 109 pedestrian 0 0 -10 752.8391683739914 120.17224598901277 889.0333663464837 483.4734412993102 -10 -10 -10 -1000 -1000 -1000 -10
3078 109 pedestrian 0 0 -10 761.635774729903 109.45189542002396 907.0204402935293 494.26912348562774 -10 -10 -10 -1000 -1000 -1000 -10
3238 117 pedestrian 0 0 -10 1766.0772166260906 953.6004394531251 1809.6861134520345 1042.332763671875 -10 -10 -10 -1000 -1000 -1000 -10
3239 117 pedestrian 0 0 -10 1766.8187077112975 954.4215434916376 1809.762919766879 1041.7772592771273 -10 -10 -10 -1000 -1000 -1000 -10
3240 117 pedestrian 0 0 -10 1765.9768710215087 952.8028014578081 1810.7356409125337 1043.864504849301 -10 -10 -10 -1000 -1000 -1000 -10
3311 120 pedestrian 0 0 -10 1766.7591768557918 953.1326538085937 1810.0109159176461 1044.5 -10 -10 -10 -1000 -1000 -1000 -10
3312 120 pedestrian 0 0 -10 1766.5970230304445 953.0718814784967 1809.6997565006225 1044.1093683847143 -10 -10 -10 -1000 -1000 -1000 -10
3431 127 pedestrian 0 0 -10 1767.432543802671 952.3907104492188 1812.2600343223294 1041.10185546875 -10 -10 -10 -1000 -1000 -1000 -10
3432 127 pedestrian 0 0 -10 1766.0779107284443 952.5990502055168 1811.7821351381758 1043.06202796504 -10 -10 -10 -1000 -1000 -1000 -10
3464 128 pedestrian 0 0 -10 1773.5084952512934 951.446875 1814.3411385377692 1031.05205078125 -10 -10 -10 -1000 -1000 -1000 -10
3466 128 pedestrian 0 0 -10 1772.7659105442392 951.1647872783159 1814.0088398213572 1031.5874530124252 -10 -10 -10 -1000 -1000 -1000 -10
3468 128 pedestrian 0 0 -10 1772.9128207488109 951.5790945688248 1813.9648365737173 1031.7132383120415 -10 -10 -10 -1000 -1000 -1000 -10
3469 128 pedestrian 0 0 -10 1772.923871803774 951.8100034407112 1813.8346594666546 1031.7605436658064 -10 -10 -10 -1000 -1000 -1000 -10
3507 132 pedestrian 0 0 -10 1766.0967421700348 952.2874633789063 1811.1636093924653 1043.4041259765625 -10 -10 -10 -1000 -1000 -1000 -10
3508 132 pedestrian 0 0 -10 1766.4360306598933 952.2216557242689 1811.5615479384578 1043.4749855891896 -10 -10 -10 -1000 -1000 -1000 -10
3510 132 pedestrian 0 0 -10 1766.2583980793934 951.8835134308704 1811.7380459118308 1043.9281096935229 -10 -10 -10 -1000 -1000 -1000 -10
3512 132 pedestrian 0 0 -10 1766.37329031037 951.7672739373323 1811.5030247140796 1043.1492076256213 -10 -10 -10 -1000 -1000 -1000 -10
3514 132 pedestrian 0 0 -10 1765.9321595930846 952.3081873691253 1810.9788855613874 1043.3700220878247 -10 -10 -10 -1000 -1000 -1000 -10
3519 132 pedestrian 0 0 -10 1765.8605748189254 952.5306287168304 1810.833434141824 1043.1423655941048 -10 -10 -10 -1000 -1000 -1000 -10
3536 135 pedestrian 0 0 -10 1771.638752040954 950.4583129882812 1815.3393485449837 1032.0930419921874 -10 -10 -10 -1000 -1000 -1000 -10
3542 135 pedestrian 0 0 -10 1764.1206211444428 951.452142361647 1813.5611157174988 1044.283246486139 -10 -10 -10 -1000 -1000 -1000 -10
3561 137 pedestrian 0 0 -10 1765.8902036746165 950.4952392578125 1811.7630433956958 1045.185791015625 -10 -10 -10 -1000 -1000 -1000 -10
3565 137 pedestrian 0 0 -10 1765.7136697811245 950.5506917966813 1811.5187987048862 1045.073352144259 -10 -10 -10 -1000 -1000 -1000 -10
3569 137 pedestrian 0 0 -10 1765.371357026229 951.1781867768507 1810.6349241710875 1044.1764757486415 -10 -10 -10 -1000 -1000 -1000 -10
3570 137 pedestrian 0 0 -10 1765.0670512038173 951.1153338145874 1810.723868261512 1044.6596195722123 -10 -10 -10 -1000 -1000 -1000 -10
3571 137 pedestrian 0 0 -10 1765.1350552481306 951.0858552967578 1811.1689462883066 1045.0425398585567 -10 -10 -10 -1000 -1000 -1000 -10
3572 137 pedestrian 0 0 -10 1765.0356543741666 950.8535507293192 1811.2071510779922 1044.9093251621064 -10 -10 -10 -1000 -1000 -1000 -10
3573 137 pedestrian 0 0 -10 1764.9475180200848 950.344954341271 1811.625661087603 1045.185065032339 -10 -10 -10 -1000 -1000 -1000 -10
3574 137 pedestrian 0 0 -10 1765.6380115076909 951.2833176961292 1811.547181139171 1044.3991373335123 -10 -10 -10 -1000 -1000 -1000 -10
3575 137 pedestrian 0 0 -10 1765.9319785597618 951.8781381684202 1811.4195690366298 1043.8648381481903 -10 -10 -10 -1000 -1000 -1000 -10
3576 137 pedestrian 0 0 -10 1765.6238861584288 952.0397739964086 1811.039919800439 1043.6873207100025 -10 -10 -10 -1000 -1000 -1000 -10
3577 137 pedestrian 0 0 -10 1765.402040281121 952.4638551315105 1810.4945680385063 1043.2790381038437 -10 -10 -10 -1000 -1000 -1000 -10
3578 137 pedestrian 0 0 -10 1765.6360887345368 952.9032826982906 1810.5051486079165 1043.188820648615 -10 -10 -10 -1000 -1000 -1000 -10
3579 137 pedestrian 0 0 -10 1765.8017201775874 953.2828373053611 1810.4603173463665 1043.1277896559188 -10 -10 -10 -1000 -1000 -1000 -10
3584 137 pedestrian 0 0 -10 1766.2265348439416 953.9259320307793 1810.3881573192778 1042.4478923443069 -10 -10 -10 -1000 -1000 -1000 -10
3713 138 pedestrian 0 0 -10 1764.7033348285263 953.6895385742188 1810.1176368511613 1043.4552490234375 -10 -10 -10 -1000 -1000 -1000 -10
3714 138 pedestrian 0 0 -10 1765.0889727697822 954.3290270085229 1809.8282866609638 1042.8096842682785 -10 -10 -10 -1000 -1000 -1000 -10
3715 138 pedestrian 0 0 -10 1764.8603673030466 952.4394215251178 1811.1251208523995 1044.0460861942245 -10 -10 -10 -1000 -1000 -1000 -10
3716 138 pedestrian 0 0 -10 1764.8836667550686 952.6964106133624 1811.098577719143 1044.2143986863719 -10 -10 -10 -1000 -1000 -1000 -10
3717 138 pedestrian 0 0 -10 1765.1499122385726 953.0051988286159 1810.9828614875535 1043.747492295317 -10 -10 -10 -1000 -1000 -1000 -10
3718 138 pedestrian 0 0 -10 1764.9727452120342 953.1476972879656 1810.613919904265 1043.4805216008585 -10 -10 -10 -1000 -1000 -1000 -10
3719 138 pedestrian 0 0 -10 1764.4327145699235 951.9439511538982 1811.1997123788115 1044.5330125515875 -10 -10 -10 -1000 -1000 -1000 -10
3720 138 pedestrian 0 0 -10 1764.1391652034436 951.6503217824843 1811.2128801400772 1045.0737542516254 -10 -10 -10 -1000 -1000 -1000 -10
3721 138 pedestrian 0 0 -10 1764.2651380158131 951.1382328974005 1811.7134935766526 1045.390192187372 -10 -10 -10 -1000 -1000 -1000 -10
3722 138 pedestrian 0 0 -10 1764.877643852156 952.6157975855524 1810.9744763652484 1044.4332981383654 -10 -10 -10 -1000 -1000 -1000 -10
3723 138 pedestrian 0 0 -10 1765.1830402887751 952.4053471486702 1811.1444099218531 1044.1679522084478 -10 -10 -10 -1000 -1000 -1000 -10
3724 138 pedestrian 0 0 -10 1765.645219280496 952.4989206234221 1811.372041891774 1043.949589581743 -10 -10 -10 -1000 -1000 -1000 -10
3765 141 pedestrian 0 0 -10 1765.0914793494765 952.4732421875 1811.7018800255235 1044.79560546875 -10 -10 -10 -1000 -1000 -1000 -10
3766 141 pedestrian 0 0 -10 1764.68262359305 952.2762521264721 1811.3844226316824 1044.7724433740066 -10 -10 -10 -1000 -1000 -1000 -10
