206 1 pedestrian 0 0 -10 712.637700739138 319.3992309570313 970.2303900811744 924.3838134765626 -10 -10 -10 -1000 -1000 -1000 -10
207 1 pedestrian 0 0 -10 703.5316042895537 268.9154089110496 969.6177030789513 894.407254482157 -10 -10 -10 -1000 -1000 -1000 -10
208 1 pedestrian 0 0 -10 722.2781928549977 221.2137556164268 948.2709038319251 751.4734289582659 -10 -10 -10 -1000 -1000 -1000 -10
210 1 pedestrian 0 0 -10 708.7493281164051 132.91464160116004 935.8849527993706 667.15000155116 -10 -10 -10 -1000 -1000 -1000 -10
212 1 pedestrian 0 0 -10 718.0783227773849 91.26266013898962 922.5563505552982 573.5755699567951 -10 -10 -10 -1000 -1000 -1000 -10
213 1 pedestrian 0 0 -10 738.9331422007297 73.66819471468065 944.5746292451148 556.7535492170293 -10 -10 -10 -1000 -1000 -1000 -10
226 3 pedestrian 0 0 -10 689.8602132937441 425.45143432617186 1018.5143960812559 1088.0145690917968 -10 -10 -10 -1000 -1000 -1000 -10
227 3 pedestrian 0 0 -10 675.6075232120184 397.7090179067048 1015.850406040762 1084.626021959242 -10 -10 -10 -1000 -1000 -1000 -10
228 3 pedestrian 0 0 -10 660.178484061164 388.2593634524881 1003.614584641586 1082.4918201242863 -10 -10 -10 -1000 -1000 -1000 -10
229 3 pedestrian 0 0 -10 643.4674320144563 376.56587954052605 990.6144947046439 1079.7242027784603 -10 -10 -10 -1000 -1000 -1000 -10
230 3 pedestrian 0 0 -10 611.6619091710401 364.5672902941057 962.5388304969166 1078.1438426623229 -10 -10 -10 -1000 -1000 -1000 -10
370 4 pedestrian 0 0 -10 915.6456216769354 128.78640594482425 1114.506502346502 671.1283615112304 -10 -10 -10 -1000 -1000 -1000 -10
372 4 pedestrian 0 0 -10 928.3848464709638 125.31409038658214 1112.1085050062748 624.751033625439 -10 -10 -10 -1000 -1000 -1000 -10
433 7 pedestrian 0 0 -10 506.3259232492046 440.81614379882814 738.814854338686 1030.5492736816407 -10 -10 -10 -1000 -1000 -1000 -10
484 8 pedestrian 0 0 -10 951.9349510358329 135.4560363769531 1157.3450050188544 636.3648315429688 -10 -10 -10 -1000 -1000 -1000 -10
605 14 pedestrian 0 0 -10 949.426897832745 138.42388610839842 1137.7060977727238 621.860238647461 -10 -10 -10 -1000 -1000 -1000 -10
607 14 pedestrian 0 0 -10 952.1756090009698 138.8222882311849 1144.8059631564572 634.3320093745849 -10 -10 -10 -1000 -1000 -1000 -10
608 14 pedestrian 0 0 -10 952.6383852627542 139.09354971206542 1145.6857528471173 636.2177714760028 -10 -10 -10 -1000 -1000 -1000 -10
841 17 pedestrian 0 0 -10 951.4720971715183 139.62338867187498 1161.0115820277006 686.1947631835938 -10 -10 -10 -1000 -1000 -1000 -10
842 17 pedestrian 0 0 -10 949.2803428098199 135.95895396460492 1163.235149892762 694.1468006599476 -10 -10 -10 -1000 -1000 -1000 -10
846 17 pedestrian 0 0 -10 947.0239990908545 135.38584130534935 1151.456536096829 669.0940631055972 -10 -10 -10 -1000 -1000 -1000 -10
847 17 pedestrian 0 0 -10 946.8157483009675 134.71275553981553 1151.0131792661375 667.662380349346 -10 -10 -10 -1000 -1000 -1000 -10
848 17 pedestrian 0 0 -10 951.3262325169559 133.82892014407082 1155.7434836225743 667.9671808350163 -10 -10 -10 -1000 -1000 -1000 -10
849 17 pedestrian 0 0 -10 953.4493723911198 135.14678532146138 1156.9579560308368 666.5264811785489 -10 -10 -10 -1000 -1000 -1000 -10
850 17 pedestrian 0 0 -10 953.9751737481754 135.19326987532435 1157.8170831244076 666.5546035697851 -10 -10 -10 -1000 -1000 -1000 -10
856 17 pedestrian 0 0 -10 953.0422426831498 134.20487971245558 1159.0775060592835 668.1620618603804 -10 -10 -10 -1000 -1000 -1000 -10
891 23 pedestrian 0 0 -10 1113.9828619237085 287.70872802734374 1225.6144037012916 587.0662353515625 -10 -10 -10 -1000 -1000 -1000 -10
909 25 pedestrian 0 0 -10 1115.4390413346644 288.286181640625 1224.061178391898 586.1751953124999 -10 -10 -10 -1000 -1000 -1000 -10
910 25 pedestrian 0 0 -10 1116.0482845034896 290.0964234142631 1223.34731880069 584.3690174555218 -10 -10 -10 -1000 -1000 -1000 -10
911 25 pedestrian 0 0 -10 1116.6700612733848 291.5776969104869 1222.9559934803665 583.0108060141581 -10 -10 -10 -1000 -1000 -1000 -10
912 25 pedestrian 0 0 -10 1114.3168573460941 285.91921568431115 1224.816076140965 588.6960210223042 -10 -10 -10 -1000 -1000 -1000 -10
913 25 pedestrian 0 0 -10 1115.2345307066485 287.9358115676306 1224.1244525624086 586.290240137206 -10 -10 -10 -1000 -1000 -1000 -10
973 28 pedestrian 0 0 -10 937.2636097183636 130.082763671875 1146.6864513167925 712.7290893554688 -10 -10 -10 -1000 -1000 -1000 -10
974 28 pedestrian 0 0 -10 938.5030233560677 129.53983570398958 1145.3674295685116 704.574387626528 -10 -10 -10 -1000 -1000 -1000 -10
979 28 pedestrian 0 0 -10 961.9814885880289 152.25430432154198 1108.030307973413 554.5527427941746 -10 -10 -10 -1000 -1000 -1000 -10
983 28 pedestrian 0 0 -10 886.4609141610267 301.0550318674333 1049.0274041853586 748.2664826488842 -10 -10 -10 -1000 -1000 -1000 -10
984 28 pedestrian 0 0 -10 879.4719393034268 312.58252448118594 1044.6876106687205 766.1527952948854 -10 -10 -10 -1000 -1000 -1000 -10
997 31 pedestrian 0 0 -10 944.0187080264222 145.25738220214842 1125.6783622860776 586.7801971435547 -10 -10 -10 -1000 -1000 -1000 -10
998 31 pedestrian 0 0 -10 936.0424664208625 138.77371195809926 1122.9790862429536 593.4026600371633 -10 -10 -10 -1000 -1000 -1000 -10
999 31 pedestrian 0 0 -10 935.9183978469422 142.80365772909275 1119.373364565134 589.1864552399284 -10 -10 -10 -1000 -1000 -1000 -10
1001 31 pedestrian 0 0 -10 940.8621876889305 140.55198349630135 1126.0889202039282 591.6109693914128 -10 -10 -10 -1000 -1000 -1000 -10
1002 31 pedestrian 0 0 -10 939.829041748066 135.09678476944936 1129.4363963121102 597.0819905418971 -10 -10 -10 -1000 -1000 -1000 -10
1003 31 pedestrian 0 0 -10 943.6475531062537 144.02692027195405 1126.1473026913027 588.1824475029425 -10 -10 -10 -1000 -1000 -1000 -10
1004 31 pedestrian 0 0 -10 945.4447880791433 148.4572745777987 1124.2250298469482 583.6226616925617 -10 -10 -10 -1000 -1000 -1000 -10
1005 31 pedestrian 0 0 -10 947.7659343965714 153.85516996908004 1122.284615924773 578.5305115268415 -10 -10 -10 -1000 -1000 -1000 -10
1006 31 pedestrian 0 0 -10 947.5254009492207 152.6354553297409 1122.899896715442 579.7904890137593 -10 -10 -10 -1000 -1000 -1000 -10
1007 31 pedestrian 0 0 -10 949.5388884052411 152.1605541526204 1121.2267883615143 570.5222246665979 -10 -10 -10 -1000 -1000 -1000 -10
1008 31 pedestrian 0 0 -10 948.2272506300449 151.84107527036937 1122.5151945167884 576.7589336900792 -10 -10 -10 -1000 -1000 -1000 -10
1010 31 pedestrian 0 0 -10 952.6138267809155 148.2420654892538 1117.5612813199189 549.2153582332955 -10 -10 -10 -1000 -1000 -1000 -10
1118 38 pedestrian 0 0 -10 880.7449650037188 302.4687866210937 1046.8666072619062 756.0458129882812 -10 -10 -10 -1000 -1000 -1000 -10
1119 38 pedestrian 0 0 -10 881.8530289873414 305.5291776665588 1045.8819875754443 753.2090168480745 -10 -10 -10 -1000 -1000 -1000 -10
1162 40 pedestrian 0 0 -10 516.3451349772139 443.7735534667969 742.8396428548174 1030.7043884277346 -10 -10 -10 -1000 -1000 -1000 -10
1354 46 pedestrian 0 0 -10 945.3372506181634 126.49961853027344 1164.208464713868 704.9742767333985 -10 -10 -10 -1000 -1000 -1000 -10
1355 46 pedestrian 0 0 -10 946.9541504854886 127.86235267754631 1164.9370552862888 703.5917470075062 -10 -10 -10 -1000 -1000 -1000 -10
1357 46 pedestrian 0 0 -10 954.8363169621377 141.4828454750076 1119.8425212153104 575.6408743099959 -10 -10 -10 -1000 -1000 -1000 -10
1387 47 pedestrian 0 0 -10 948.0116562346623 138.83968200683591 1164.6675429840875 721.2174774169922 -10 -10 -10 -1000 -1000 -1000 -10
1388 47 pedestrian 0 0 -10 946.2891975996835 134.47320953142145 1166.185664498558 725.593407323769 -10 -10 -10 -1000 -1000 -1000 -10
1389 47 pedestrian 0 0 -10 946.5934158665764 135.42361317291693 1165.8632653274153 724.8058241354994 -10 -10 -10 -1000 -1000 -1000 -10
1392 47 pedestrian 0 0 -10 946.2396908081585 134.65466666992495 1166.3353915777866 725.4246395485993 -10 -10 -10 -1000 -1000 -1000 -10
1423 49 pedestrian 0 0 -10 949.8791950049048 139.3533447265625 1176.517020815408 717.8234619140626 -10 -10 -10 -1000 -1000 -1000 -10
1521 53 pedestrian 0 0 -10 956.7665502738879 132.9958923339844 1183.4546289253308 723.8293395996093 -10 -10 -10 -1000 -1000 -1000 -10
1522 53 pedestrian 0 0 -10 954.2772188777735 135.2484057612105 1175.9182283748132 712.9965759877255 -10 -10 -10 -1000 -1000 -1000 -10
1524 53 pedestrian 0 0 -10 951.0984994636369 130.49939810137164 1174.9043366772703 714.6181576844 -10 -10 -10 -1000 -1000 -1000 -10
1525 53 pedestrian 0 0 -10 951.5117815434791 131.24299451436923 1174.1912151275196 713.6613767339229 -10 -10 -10 -1000 -1000 -1000 -10
1534 54 pedestrian 0 0 -10 953.2400290617759 130.9260681152344 1173.4766213288492 714.8007995605469 -10 -10 -10 -1000 -1000 -1000 -10
1535 54 pedestrian 0 0 -10 957.2853922937569 133.54387770719995 1179.725612871728 723.078827808206 -10 -10 -10 -1000 -1000 -1000 -10
1536 54 pedestrian 0 0 -10 955.0689191301175 133.17449782893243 1174.9974164212977 716.0535678728172 -10 -10 -10 -1000 -1000 -1000 -10
1537 54 pedestrian 0 0 -10 951.3924964630769 130.62450574656327 1176.1400956426155 726.7668699970594 -10 -10 -10 -1000 -1000 -1000 -10
1539 54 pedestrian 0 0 -10 956.988368943509 132.41879030177495 1181.1704234331833 727.7979928372447 -10 -10 -10 -1000 -1000 -1000 -10
1547 55 pedestrian 0 0 -10 961.9187417351283 133.84378967285153 1175.5962118781529 725.9598052978515 -10 -10 -10 -1000 -1000 -1000 -10
1584 57 pedestrian 0 0 -10 956.4462901976871 129.3261688232422 1170.1153553101253 716.0331390380859 -10 -10 -10 -1000 -1000 -1000 -10
1586 57 pedestrian 0 0 -10 957.2205766294209 131.7758016959158 1169.2988151903123 714.0495917823849 -10 -10 -10 -1000 -1000 -1000 -10
1590 57 pedestrian 0 0 -10 958.9607293337112 132.1994920640139 1180.6861931422045 740.4047939265276 -10 -10 -10 -1000 -1000 -1000 -10
1591 57 pedestrian 0 0 -10 962.84801742592 133.3899063187286 1177.9256082842492 721.7027560526099 -10 -10 -10 -1000 -1000 -1000 -10
1592 57 pedestrian 0 0 -10 962.0537440285443 132.85557035361734 1179.060053894484 725.827744570581 -10 -10 -10 -1000 -1000 -1000 -10
1593 57 pedestrian 0 0 -10 957.5636969185823 134.01661054794727 1174.3761276311236 725.9683609209989 -10 -10 -10 -1000 -1000 -1000 -10
1648 59 pedestrian 0 0 -10 732.2558128733372 69.42406463623047 908.4554786305691 477.37655487060545 -10 -10 -10 -1000 -1000 -1000 -10
1649 59 pedestrian 0 0 -10 720.534622174937 78.78903191317426 888.7899851613795 469.0488575924565 -10 -10 -10 -1000 -1000 -1000 -10
1650 59 pedestrian 0 0 -10 696.367214904927 86.11318940382301 891.5930292676305 540.655460040266 -10 -10 -10 -1000 -1000 -1000 -10
1651 59 pedestrian 0 0 -10 686.4378685766325 108.4329007895864 884.8247763660836 572.0230547856291 -10 -10 -10 -1000 -1000 -1000 -10
1652 59 pedestrian 0 0 -10 685.2051878720267 111.8512888081815 870.833425232797 547.1080061468888 -10 -10 -10 -1000 -1000 -1000 -10
1653 59 pedestrian 0 0 -10 669.2646470167516 110.01261189954985 862.9555409069251 567.7972860501857 -10 -10 -10 -1000 -1000 -1000 -10
1655 59 pedestrian 0 0 -10 673.8081545500814 132.14195138015359 860.3843524484496 576.1000385720071 -10 -10 -10 -1000 -1000 -1000 -10
1656 59 pedestrian 0 0 -10 671.596880148849 143.48424217093014 865.1034565750377 608.0227187494513 -10 -10 -10 -1000 -1000 -1000 -10
1657 59 pedestrian 0 0 -10 668.7931904751812 146.88328454183747 859.3605029329927 609.5786028982483 -10 -10 -10 -1000 -1000 -1000 -10
1658 59 pedestrian 0 0 -10 666.5000125595349 138.32503548000682 859.0967697576551 609.7442805181673 -10 -10 -10 -1000 -1000 -1000 -10
1659 59 pedestrian 0 0 -10 665.1591251350634 140.56745985587483 860.0159080191165 622.2961767124505 -10 -10 -10 -1000 -1000 -1000 -10
1660 59 pedestrian 0 0 -10 669.1572659937564 168.65676103789525 856.3304810057773 635.9346094505061 -10 -10 -10 -1000 -1000 -1000 -10
1662 59 pedestrian 0 0 -10 686.273875976377 226.09755177904023 861.746835934636 664.0781757155706 -10 -10 -10 -1000 -1000 -1000 -10
1663 59 pedestrian 0 0 -10 690.0668986376916 246.40147622949695 883.6103428624185 729.1819704650959 -10 -10 -10 -1000 -1000 -1000 -10
1666 60 pedestrian 0 0 -10 671.0010846991552 294.22481079101567 934.8206071953763 977.8994934082032 -10 -10 -10 -1000 -1000 -1000 -10
1667 60 pedestrian 0 0 -10 647.1072376790767 325.3411023620889 909.1533188322296 1003.1527996957217 -10 -10 -10 -1000 -1000 -1000 -10
1667 59 pedestrian 0 0 -10 646.0611616271482 329.9557264185782 900.8702083927609 959.8623183503234 -10 -10 -10 -1000 -1000 -1000 -10
1668 59 pedestrian 0 0 -10 644.9398788508768 365.6255112774593 890.1850179230361 967.2959768388694 -10 -10 -10 -1000 -1000 -1000 -10
1669 60 pedestrian 0 0 -10 738.7772676788946 416.46165517321947 993.0929270515056 1071.1532153676885 -10 -10 -10 -1000 -1000 -1000 -10
1670 60 pedestrian 0 0 -10 778.5130241122689 468.86320444718166 1014.8381257214799 1074.7164392355053 -10 -10 -10 -1000 -1000 -1000 -10
1803 62 pedestrian 0 0 -10 1411.150461377508 368.98894653320315 1536.8718286615547 606.4991821289063 -10 -10 -10 -1000 -1000 -1000 -10
1804 62 pedestrian 0 0 -10 1390.1717507754104 334.8882301779493 1515.6090480467585 572.2442156696051 -10 -10 -10 -1000 -1000 -1000 -10
1805 62 pedestrian 0 0 -10 1361.8037862351425 291.35169890320174 1486.0422506823334 526.7047052949431 -10 -10 -10 -1000 -1000 -1000 -10
1848 64 pedestrian 0 0 -10 457.8325266349675 445.04037475585943 733.492302466595 1083.6544860839845 -10 -10 -10 -1000 -1000 -1000 -10
1849 64 pedestrian 0 0 -10 468.96898979715144 447.96104656435864 741.7834381023156 1080.070310618676 -10 -10 -10 -1000 -1000 -1000 -10
1850 64 pedestrian 0 0 -10 468.02750820207325 456.3849049812564 738.1882959626441 1082.3223704189295 -10 -10 -10 -1000 -1000 -1000 -10
1854 64 pedestrian 0 0 -10 330.21698792926804 376.5678599132992 631.013697199236 1072.4217472915557 -10 -10 -10 -1000 -1000 -1000 -10
1855 64 pedestrian 0 0 -10 358.34975463574943 362.79138733636876 667.2056755930075 1077.9901351831313 -10 -10 -10 -1000 -1000 -1000 -10
1856 64 pedestrian 0 0 -10 401.2192816201024 357.4978111862977 713.8109875862292 1080.8202319930833 -10 -10 -10 -1000 -1000 -1000 -10
1857 64 pedestrian 0 0 -10 419.02696766200097 361.8069793876225 731.2411589590702 1084.5542944651963 -10 -10 -10 -1000 -1000 -1000 -10
1858 64 pedestrian 0 0 -10 421.2153604449441 363.1340790117272 733.8225251538174 1086.8711762733574 -10 -10 -10 -1000 -1000 -1000 -10
1859 64 pedestrian 0 0 -10 431.959385631064 364.8214545446432 743.6146243987032 1086.7351194235666 -10 -10 -10 -1000 -1000 -1000 -10
1860 64 pedestrian 0 0 -10 432.34728847188455 361.65064610090906 741.8944912088949 1082.0452423781985 -10 -10 -10 -1000 -1000 -1000 -10
1861 64 pedestrian 0 0 -10 436.5378833470736 359.35769405066833 746.5333093449426 1081.9038633890432 -10 -10 -10 -1000 -1000 -1000 -10
1862 64 pedestrian 0 0 -10 438.48265530567994 358.9764748971415 748.1413513474483 1080.9507330849215 -10 -10 -10 -1000 -1000 -1000 -10
1863 64 pedestrian 0 0 -10 444.3481555280399 356.5195978632592 752.9723283937424 1074.0928978007873 -10 -10 -10 -1000 -1000 -1000 -10
1864 64 pedestrian 0 0 -10 455.15329742220894 359.30584505883166 764.7169891705798 1077.2170851496503 -10 -10 -10 -1000 -1000 -1000 -10
1865 64 pedestrian 0 0 -10 459.80188151828554 357.59953757431396 768.5674551997178 1072.0875695395619 -10 -10 -10 -1000 -1000 -1000 -10
1866 64 pedestrian 0 0 -10 459.26530343720106 351.7101078325734 772.2585478810852 1075.9290595425364 -10 -10 -10 -1000 -1000 -1000 -10
1867 64 pedestrian 0 0 -10 469.4240189490879 352.7104163075807 781.7904962941636 1074.3219670962535 -10 -10 -10 -1000 -1000 -1000 -10
1868 64 pedestrian 0 0 -10 476.74864164619004 350.402620662236 791.1086898428132 1076.2823067682803 -10 -10 -10 -1000 -1000 -1000 -10
1870 64 pedestrian 0 0 -10 507.50352367386824 357.78979821703115 823.0112422698855 1079.5523750277919 -10 -10 -10 -1000 -1000 -1000 -10
1872 64 pedestrian 0 0 -10 544.792093859734 371.9394355863599 857.7430154275445 1079.8757270888755 -10 -10 -10 -1000 -1000 -1000 -10
1873 64 pedestrian 0 0 -10 562.8763040813776 404.33546863590226 863.5543818130083 1080.1226966921445 -10 -10 -10 -1000 -1000 -1000 -10
1874 64 pedestrian 0 0 -10 593.9281673002125 420.3966533422536 888.5575414814715 1075.5644974335692 -10 -10 -10 -1000 -1000 -1000 -10
1875 64 pedestrian 0 0 -10 611.1851508477679 419.7088701624997 910.0261042437909 1080.114978160604 -10 -10 -10 -1000 -1000 -1000 -10
1876 64 pedestrian 0 0 -10 613.9709731970213 409.3707421882284 920.5493680846653 1082.4433613142403 -10 -10 -10 -1000 -1000 -1000 -10
1877 64 pedestrian 0 0 -10 618.1144613778215 404.6209800501756 929.9216193811226 1084.3982921338347 -10 -10 -10 -1000 -1000 -1000 -10
1878 64 pedestrian 0 0 -10 613.9604130628051 401.6532259122233 929.0988679006138 1085.4604989194363 -10 -10 -10 -1000 -1000 -1000 -10
1879 64 pedestrian 0 0 -10 619.5681175140458 392.30117893286865 939.4261225856794 1085.435720867873 -10 -10 -10 -1000 -1000 -1000 -10
1880 64 pedestrian 0 0 -10 621.6179604426097 389.18251537961777 943.0708135797996 1084.5662577869948 -10 -10 -10 -1000 -1000 -1000 -10
1881 64 pedestrian 0 0 -10 622.095001414955 388.2473830839335 943.6819325299284 1083.4300262484676 -10 -10 -10 -1000 -1000 -1000 -10
1882 64 pedestrian 0 0 -10 612.8490265933196 388.1166220803516 934.4842589497291 1083.570661326071 -10 -10 -10 -1000 -1000 -1000 -10
1883 64 pedestrian 0 0 -10 606.0292886820346 398.3494927377894 923.8618934449883 1082.8996763410214 -10 -10 -10 -1000 -1000 -1000 -10
1884 64 pedestrian 0 0 -10 583.7154084700379 419.7632915971401 891.8096329226729 1082.5599810288993 -10 -10 -10 -1000 -1000 -1000 -10
1885 64 pedestrian 0 0 -10 575.7929884300848 435.55352736565584 879.0742251759277 1084.1502282399522 -10 -10 -10 -1000 -1000 -1000 -10
1886 64 pedestrian 0 0 -10 577.4960310414938 450.0447436724805 879.2352007758459 1085.6231871332507 -10 -10 -10 -1000 -1000 -1000 -10
1887 64 pedestrian 0 0 -10 574.7701490299045 465.17348025159436 873.1149451004703 1086.812972523845 -10 -10 -10 -1000 -1000 -1000 -10
1996 66 pedestrian 0 0 -10 503.11708212636756 446.9173278808594 730.9476944849606 1041.5535095214843 -10 -10 -10 -1000 -1000 -1000 -10
1998 66 pedestrian 0 0 -10 504.2444815536484 452.27055646563707 727.2326690076485 1033.9800574072858 -10 -10 -10 -1000 -1000 -1000 -10
1999 66 pedestrian 0 0 -10 504.2643461579886 452.0695444139669 727.2767199473751 1033.6576365763224 -10 -10 -10 -1000 -1000 -1000 -10
2000 66 pedestrian 0 0 -10 503.9848592891829 451.43070253552395 727.1398864801006 1034.2154055741137 -10 -10 -10 -1000 -1000 -1000 -10
2002 66 pedestrian 0 0 -10 503.1984962072638 449.0668380761745 727.902000122999 1036.2611842840388 -10 -10 -10 -1000 -1000 -1000 -10
2003 66 pedestrian 0 0 -10 501.55083273769293 449.8411946061817 729.4175017458297 1045.159364984266 -10 -10 -10 -1000 -1000 -1000 -10
2004 66 pedestrian 0 0 -10 502.11162057816773 452.3298510759613 729.1942521722588 1045.8870041026253 -10 -10 -10 -1000 -1000 -1000 -10
2005 66 pedestrian 0 0 -10 502.1412523924131 452.791843837484 729.2697934935356 1046.8451507530328 -10 -10 -10 -1000 -1000 -1000 -10
2007 66 pedestrian 0 0 -10 502.5761109759137 454.6353687555763 728.5303004370867 1045.3033586341458 -10 -10 -10 -1000 -1000 -1000 -10
2008 66 pedestrian 0 0 -10 503.1688848952725 451.6768218120581 728.138507983798 1038.4935580756783 -10 -10 -10 -1000 -1000 -1000 -10
2009 66 pedestrian 0 0 -10 508.08320199084073 447.67123697765845 732.2189959512946 1030.1092007186692 -10 -10 -10 -1000 -1000 -1000 -10
2010 66 pedestrian 0 0 -10 506.1057724853873 448.001674483364 728.502257022345 1024.959913396829 -10 -10 -10 -1000 -1000 -1000 -10
2011 66 pedestrian 0 0 -10 504.40034282434664 450.2223690989052 728.2217087829002 1030.0800916351513 -10 -10 -10 -1000 -1000 -1000 -10
2012 66 pedestrian 0 0 -10 507.25827065318015 449.0059459957079 733.3707094721799 1033.9516999912978 -10 -10 -10 -1000 -1000 -1000 -10
2159 68 pedestrian 0 0 -10 507.1422607788807 450.1663452148438 727.0584655394787 1034.8599609375 -10 -10 -10 -1000 -1000 -1000 -10
2160 68 pedestrian 0 0 -10 506.75757463819514 451.5990671009068 725.6801086301439 1033.5209337858453 -10 -10 -10 -1000 -1000 -1000 -10
2161 68 pedestrian 0 0 -10 506.00128443875525 450.8549441833995 725.6517019132573 1034.501701994692 -10 -10 -10 -1000 -1000 -1000 -10
2265 70 pedestrian 0 0 -10 495.35692757856077 446.8776000976562 736.4175841401893 1049.5683349609376 -10 -10 -10 -1000 -1000 -1000 -10
2270 70 pedestrian 0 0 -10 505.79052471521663 451.37127070423566 738.7885824640091 1034.335055157426 -10 -10 -10 -1000 -1000 -1000 -10
2278 71 pedestrian 0 0 -10 506.24666613246706 446.4499206542969 738.7554700980016 1038.5809020996094 -10 -10 -10 -1000 -1000 -1000 -10
2279 71 pedestrian 0 0 -10 499.3105483265497 447.41999558048263 735.4406111290787 1048.7840493459537 -10 -10 -10 -1000 -1000 -1000 -10
2280 71 pedestrian 0 0 -10 500.38271513247344 443.31148287631953 741.1145823300825 1056.6587967557698 -10 -10 -10 -1000 -1000 -1000 -10
2281 71 pedestrian 0 0 -10 492.51004497515197 448.52189797358574 741.4555448733253 1083.1306894114684 -10 -10 -10 -1000 -1000 -1000 -10
2455 79 pedestrian 0 0 -10 501.7232470549817 441.92576293945314 740.4945263825184 1040.4854797363282 -10 -10 -10 -1000 -1000 -1000 -10
2456 79 pedestrian 0 0 -10 505.7078027086434 444.38394405638684 739.1191890294529 1029.0802330305878 -10 -10 -10 -1000 -1000 -1000 -10
2466 80 pedestrian 0 0 -10 501.565626429541 440.4633239746094 743.3309861192872 1016.4530456542968 -10 -10 -10 -1000 -1000 -1000 -10
2467 80 pedestrian 0 0 -10 494.3592798888542 440.8372267891697 740.2536466661068 1026.662854302671 -10 -10 -10 -1000 -1000 -1000 -10
2468 80 pedestrian 0 0 -10 472.6410240566389 444.1649010607897 736.0914644936179 1071.1110576212818 -10 -10 -10 -1000 -1000 -1000 -10
2540 83 pedestrian 0 0 -10 487.75497301906756 443.7576599121094 742.8535108676512 1082.3708923339843 -10 -10 -10 -1000 -1000 -1000 -10
2541 83 pedestrian 0 0 -10 481.57091852526156 442.7927613729183 738.5762163729883 1085.6510066119592 -10 -10 -10 -1000 -1000 -1000 -10
2542 83 pedestrian 0 0 -10 479.0692095543516 441.94461034320824 737.375828560012 1087.173233521945 -10 -10 -10 -1000 -1000 -1000 -10
2543 83 pedestrian 0 0 -10 478.5823099202654 442.25835021387996 737.1410241714108 1086.9681912910178 -10 -10 -10 -1000 -1000 -1000 -10
2544 83 pedestrian 0 0 -10 487.92414158561195 443.02293553819976 737.8270973205989 1064.8130908157073 -10 -10 -10 -1000 -1000 -1000 -10
2545 83 pedestrian 0 0 -10 494.5072219630699 441.56596637880676 735.3684322146717 1038.600759686605 -10 -10 -10 -1000 -1000 -1000 -10
2563 85 pedestrian 0 0 -10 500.0186902788607 445.6684509277344 731.0767564984832 1028.2729919433596 -10 -10 -10 -1000 -1000 -1000 -10
