24 2 pedestrian 0 0 -10 1172.7671199515623 515.2468139648438 1410.5183780953128 1084.1031982421875 -10 -10 -10 -1000 -1000 -1000 -10
27 2 pedestrian 0 0 -10 1354.2535674143692 481.06954386511876 1603.364176409533 1077.8162097564848 -10 -10 -10 -1000 -1000 -1000 -10
29 3 pedestrian 0 0 -10 1051.1904786721354 594.1800537109375 1162.505517421615 803.3325927734375 -10 -10 -10 -1000 -1000 -1000 -10
52 7 pedestrian 0 0 -10 1016.0661043750295 202.716748046875 1095.7814053905956 415.0430419921875 -10 -10 -10 -1000 -1000 -1000 -10
78 13 pedestrian 0 0 -10 897.4563266978247 269.6659301757812 1100.6900233998317 729.0312255859375 -10 -10 -10 -1000 -1000 -1000 -10
95 14 pedestrian 0 0 -10 920.1921461766658 252.51815185546872 1117.1975632959902 748.0810424804688 -10 -10 -10 -1000 -1000 -1000 -10
96 14 pedestrian 0 0 -10 914.7363129227416 248.92867775620198 1114.8553846458674 752.0038477306134 -10 -10 -10 -1000 -1000 -1000 -10
97 14 pedestrian 0 0 -10 912.8487766209441 243.4176821467034 1113.2472844771653 747.0638493712622 -10 -10 -10 -1000 -1000 -1000 -10
98 14 pedestrian 0 0 -10 911.4721005854121 239.44531037691354 1114.4196481442966 747.8650948501863 -10 -10 -10 -1000 -1000 -1000 -10
99 14 pedestrian 0 0 -10 915.2684333030514 241.7156731535539 1120.814344348735 754.583781000701 -10 -10 -10 -1000 -1000 -1000 -10
100 14 pedestrian 0 0 -10 925.0833304452678 235.23942763365739 1134.3237766275902 754.4242648084105 -10 -10 -10 -1000 -1000 -1000 -10
101 14 pedestrian 0 0 -10 923.3616319539233 233.84872451098994 1134.6150848156262 753.6930798429271 -10 -10 -10 -1000 -1000 -1000 -10
102 14 pedestrian 0 0 -10 921.9673694874909 238.38547532186885 1135.4111049673934 758.1403296114797 -10 -10 -10 -1000 -1000 -1000 -10
103 14 pedestrian 0 0 -10 927.0508646168618 243.75639232180595 1139.453674723652 755.546003904699 -10 -10 -10 -1000 -1000 -1000 -10
104 14 pedestrian 0 0 -10 928.2077618465653 246.58946108568298 1141.3790890270868 754.3171610945183 -10 -10 -10 -1000 -1000 -1000 -10
105 14 pedestrian 0 0 -10 927.0116926404855 245.80409075579172 1143.7782191144681 756.0199369937657 -10 -10 -10 -1000 -1000 -1000 -10
106 14 pedestrian 0 0 -10 925.5806532172553 245.11541716961898 1145.491984945734 756.8622017861828 -10 -10 -10 -1000 -1000 -1000 -10
107 14 pedestrian 0 0 -10 924.9214629355471 241.36756021520011 1145.8742882632882 751.2995283990032 -10 -10 -10 -1000 -1000 -1000 -10
108 14 pedestrian 0 0 -10 924.4922066657726 240.6621353689891 1146.0153562692883 748.4546134785775 -10 -10 -10 -1000 -1000 -1000 -10
109 14 pedestrian 0 0 -10 920.1030248554653 242.88186601968516 1140.956308694796 745.2242592545412 -10 -10 -10 -1000 -1000 -1000 -10
110 14 pedestrian 0 0 -10 917.7753368262248 243.3615092805805 1139.731176533782 744.2949422096726 -10 -10 -10 -1000 -1000 -1000 -10
111 14 pedestrian 0 0 -10 915.9020371445961 242.0706695669506 1140.2365242921946 745.2298633760028 -10 -10 -10 -1000 -1000 -1000 -10
112 14 pedestrian 0 0 -10 915.3326909602863 242.66899488719994 1140.078091834401 744.2645105615791 -10 -10 -10 -1000 -1000 -1000 -10
113 14 pedestrian 0 0 -10 909.9643191784836 241.6336732882531 1136.2167217472165 745.6293576158264 -10 -10 -10 -1000 -1000 -1000 -10
114 14 pedestrian 0 0 -10 902.680472911399 238.17524448146082 1130.4788917766277 748.3825738098798 -10 -10 -10 -1000 -1000 -1000 -10
115 14 pedestrian 0 0 -10 895.4844660523514 232.37631109783956 1123.2500475570914 745.750077487816 -10 -10 -10 -1000 -1000 -1000 -10
116 14 pedestrian 0 0 -10 887.7380217369648 228.90167460773262 1115.5306651657415 744.9112035535939 -10 -10 -10 -1000 -1000 -1000 -10
117 14 pedestrian 0 0 -10 880.6428809193854 227.7885514614416 1108.0593762541007 744.7691185517856 -10 -10 -10 -1000 -1000 -1000 -10
118 14 pedestrian 0 0 -10 877.6115908689491 230.25984358673577 1105.7476524233462 751.0670731630554 -10 -10 -10 -1000 -1000 -1000 -10
119 14 pedestrian 0 0 -10 881.2457675033294 230.66944726670505 1109.8455376823147 753.5324986112826 -10 -10 -10 -1000 -1000 -1000 -10
120 14 pedestrian 0 0 -10 885.1289170721606 230.78009514760134 1109.5523604783411 746.69959850086 -10 -10 -10 -1000 -1000 -1000 -10
121 14 pedestrian 0 0 -10 891.6542012841479 224.94166742408726 1114.1952213237814 740.2627699979048 -10 -10 -10 -1000 -1000 -1000 -10
122 14 pedestrian 0 0 -10 901.4270588512335 216.44586693425885 1127.2442570267126 744.5429355857254 -10 -10 -10 -1000 -1000 -1000 -10
123 14 pedestrian 0 0 -10 902.137999506664 220.65208098641546 1125.4196860194663 747.1034581985245 -10 -10 -10 -1000 -1000 -1000 -10
124 14 pedestrian 0 0 -10 901.009611697772 223.64423772839024 1126.3329996010152 756.5773047392227 -10 -10 -10 -1000 -1000 -1000 -10
125 14 pedestrian 0 0 -10 900.7347932163191 224.6735241205206 1126.1739315114082 759.9866905945332 -10 -10 -10 -1000 -1000 -1000 -10
126 14 pedestrian 0 0 -10 899.824963466524 222.71601269786356 1127.0046145477859 763.9482940243325 -10 -10 -10 -1000 -1000 -1000 -10
128 14 pedestrian 0 0 -10 904.2645970865194 214.49899225069345 1133.4267819160104 761.8725910919657 -10 -10 -10 -1000 -1000 -1000 -10
129 14 pedestrian 0 0 -10 909.9307338994499 217.1221380194117 1130.6508300532612 747.8032189120609 -10 -10 -10 -1000 -1000 -1000 -10
130 14 pedestrian 0 0 -10 912.8274948210453 214.0690870837587 1128.3995016622416 737.2015078412437 -10 -10 -10 -1000 -1000 -1000 -10
131 14 pedestrian 0 0 -10 906.2099473457466 216.05596959509268 1116.0890936367766 729.9118204033273 -10 -10 -10 -1000 -1000 -1000 -10
137 14 pedestrian 0 0 -10 904.1009140981192 216.86023096191252 1121.570032130288 753.0385599142339 -10 -10 -10 -1000 -1000 -1000 -10
138 14 pedestrian 0 0 -10 910.103426616529 217.48687133424778 1125.4698423191987 754.6843114517745 -10 -10 -10 -1000 -1000 -1000 -10
139 14 pedestrian 0 0 -10 909.8781617947283 223.8372704343879 1120.2842505621238 749.0761699934726 -10 -10 -10 -1000 -1000 -1000 -10
140 14 pedestrian 0 0 -10 913.6658162393645 230.23588670309442 1123.5657369355263 751.6488378414947 -10 -10 -10 -1000 -1000 -1000 -10
141 14 pedestrian 0 0 -10 919.885349658518 229.85245705426223 1129.5786650772225 747.824393614618 -10 -10 -10 -1000 -1000 -1000 -10
142 14 pedestrian 0 0 -10 921.5612802847396 232.59753474174562 1132.009291593176 750.7516428948011 -10 -10 -10 -1000 -1000 -1000 -10
143 14 pedestrian 0 0 -10 922.0407274128202 235.22862086055994 1133.4348882672284 751.0943206285986 -10 -10 -10 -1000 -1000 -1000 -10
144 14 pedestrian 0 0 -10 926.389036265922 236.18367364118967 1138.9954745115863 751.3587098650679 -10 -10 -10 -1000 -1000 -1000 -10
145 14 pedestrian 0 0 -10 923.2126164677427 236.03745942365356 1136.910685097374 751.4842895192278 -10 -10 -10 -1000 -1000 -1000 -10
146 14 pedestrian 0 0 -10 926.1036669097887 236.78997394226235 1140.655714269886 750.5195984822512 -10 -10 -10 -1000 -1000 -1000 -10
147 14 pedestrian 0 0 -10 927.6679033301066 237.10638314902712 1142.1496934449929 749.4555607129639 -10 -10 -10 -1000 -1000 -1000 -10
148 14 pedestrian 0 0 -10 927.9686744315997 237.58988885640744 1142.3872260012138 748.997549515552 -10 -10 -10 -1000 -1000 -1000 -10
149 14 pedestrian 0 0 -10 918.3018054090156 236.51550705231278 1134.002972294324 750.3174904796622 -10 -10 -10 -1000 -1000 -1000 -10
150 14 pedestrian 0 0 -10 914.3428985454815 236.06593807443886 1130.9390696762096 751.3988867383225 -10 -10 -10 -1000 -1000 -1000 -10
151 14 pedestrian 0 0 -10 914.5367665940598 234.44709340813338 1128.2580905412622 744.5870447340736 -10 -10 -10 -1000 -1000 -1000 -10
152 14 pedestrian 0 0 -10 913.5165444525898 232.72929899704712 1127.362640975493 743.1621909580722 -10 -10 -10 -1000 -1000 -1000 -10
153 14 pedestrian 0 0 -10 913.5651020055528 236.30643593017166 1126.975557108931 746.2928319417456 -10 -10 -10 -1000 -1000 -1000 -10
154 14 pedestrian 0 0 -10 912.8042982792085 237.26320323910443 1127.5223785289659 748.525445560684 -10 -10 -10 -1000 -1000 -1000 -10
155 14 pedestrian 0 0 -10 914.7202187620395 236.4454047318024 1125.582295811868 741.3685396879273 -10 -10 -10 -1000 -1000 -1000 -10
156 14 pedestrian 0 0 -10 911.7552477437574 238.01816915430427 1119.6799961278973 737.3694117269131 -10 -10 -10 -1000 -1000 -1000 -10
157 14 pedestrian 0 0 -10 909.953204153196 237.0445490667422 1117.6890160832565 737.7248443790351 -10 -10 -10 -1000 -1000 -1000 -10
158 14 pedestrian 0 0 -10 908.7222122921357 238.89118945392931 1117.9367746587282 744.2646351450903 -10 -10 -10 -1000 -1000 -1000 -10
159 14 pedestrian 0 0 -10 908.7567111316556 245.29987932164164 1117.1120099005927 749.5815164831788 -10 -10 -10 -1000 -1000 -1000 -10
160 14 pedestrian 0 0 -10 908.5717759609272 246.34647759056836 1117.082744914372 753.2400822357739 -10 -10 -10 -1000 -1000 -1000 -10
161 14 pedestrian 0 0 -10 908.857251703818 242.6177583273467 1116.2784404863637 749.7651315284496 -10 -10 -10 -1000 -1000 -1000 -10
162 14 pedestrian 0 0 -10 908.998764318289 238.9802208104024 1116.6378943279137 749.5086676871647 -10 -10 -10 -1000 -1000 -1000 -10
163 14 pedestrian 0 0 -10 908.0039050411276 235.59080501037374 1117.7918369374354 752.6764496262128 -10 -10 -10 -1000 -1000 -1000 -10
164 14 pedestrian 0 0 -10 908.2173871704304 234.43374261404523 1118.2720539125507 753.4309990681656 -10 -10 -10 -1000 -1000 -1000 -10
165 14 pedestrian 0 0 -10 909.3373435638824 236.18613194679398 1117.6573771768872 751.1801240773771 -10 -10 -10 -1000 -1000 -1000 -10
166 14 pedestrian 0 0 -10 909.3959131343302 236.70307426979787 1117.803314412006 750.7652228588116 -10 -10 -10 -1000 -1000 -1000 -10
167 14 pedestrian 0 0 -10 908.6636653026263 235.44135750421663 1118.1734476229326 751.5933254700566 -10 -10 -10 -1000 -1000 -1000 -10
168 14 pedestrian 0 0 -10 909.1342997101827 231.98657403588697 1117.822082646071 746.9287335969082 -10 -10 -10 -1000 -1000 -1000 -10
169 14 pedestrian 0 0 -10 908.4391422163982 233.65418456619693 1117.8266725713545 750.1301399878159 -10 -10 -10 -1000 -1000 -1000 -10
170 14 pedestrian 0 0 -10 910.6040732154124 235.44276950820822 1116.0044859087684 741.5530213999833 -10 -10 -10 -1000 -1000 -1000 -10
171 14 pedestrian 0 0 -10 900.0741829161867 234.88066591626375 1098.1649210482153 720.9365723589319 -10 -10 -10 -1000 -1000 -1000 -10
172 14 pedestrian 0 0 -10 899.6367839721825 232.0261852617428 1097.4967504633287 715.5248110860573 -10 -10 -10 -1000 -1000 -1000 -10
172 24 pedestrian 0 0 -10 1116.2245763396836 298.7497924804687 1362.1833582306292 970.6278930664063 -10 -10 -10 -1000 -1000 -1000 -10
173 14 pedestrian 0 0 -10 889.1215352685306 229.59347143621707 1088.9024086327665 715.1997606151693 -10 -10 -10 -1000 -1000 -1000 -10
181 26 pedestrian 0 0 -10 954.2651075611413 250.2421142578125 1185.87933823964 757.223095703125 -10 -10 -10 -1000 -1000 -1000 -10
182 26 pedestrian 0 0 -10 954.7855552977508 236.49173639230708 1206.4560100684967 788.455579490688 -10 -10 -10 -1000 -1000 -1000 -10
183 26 pedestrian 0 0 -10 958.094922367222 229.4382191879786 1180.2889135021771 717.8480492246251 -10 -10 -10 -1000 -1000 -1000 -10
184 26 pedestrian 0 0 -10 945.4682977316787 215.84917403748986 1161.1253760903037 691.2958352457556 -10 -10 -10 -1000 -1000 -1000 -10
185 26 pedestrian 0 0 -10 945.4643756651876 201.05890366741767 1130.951746561228 610.7083082585611 -10 -10 -10 -1000 -1000 -1000 -10
186 26 pedestrian 0 0 -10 933.1002939564585 163.86295681753046 1123.228769608977 587.2083276316864 -10 -10 -10 -1000 -1000 -1000 -10
187 26 pedestrian 0 0 -10 939.476016308323 167.93353551590022 1111.7295968629096 554.5712644124794 -10 -10 -10 -1000 -1000 -1000 -10
188 26 pedestrian 0 0 -10 940.5958677483483 157.23308248547397 1109.3625025864717 539.5628126750553 -10 -10 -10 -1000 -1000 -1000 -10
190 28 pedestrian 0 0 -10 811.3942744646015 387.36838989257814 1161.111755808836 1081.8165344238282 -10 -10 -10 -1000 -1000 -1000 -10
191 28 pedestrian 0 0 -10 781.3910373489007 355.7663892911263 1146.078445773082 1082.1845454512527 -10 -10 -10 -1000 -1000 -1000 -10
192 28 pedestrian 0 0 -10 745.4744450258021 324.7784154119613 1123.319042648456 1081.147466477242 -10 -10 -10 -1000 -1000 -1000 -10
193 28 pedestrian 0 0 -10 761.2290131905073 296.4095398791526 1088.4464951859607 955.2991024385412 -10 -10 -10 -1000 -1000 -1000 -10
194 28 pedestrian 0 0 -10 774.4347277065738 280.4444849346071 1083.3642589400238 908.1413904472408 -10 -10 -10 -1000 -1000 -1000 -10
195 28 pedestrian 0 0 -10 812.6624005488012 237.2461277945365 1101.052929031884 830.2427949443488 -10 -10 -10 -1000 -1000 -1000 -10
200 30 pedestrian 0 0 -10 900.8668415100756 151.23606567382814 1092.0645183532056 578.64482421875 -10 -10 -10 -1000 -1000 -1000 -10
201 30 pedestrian 0 0 -10 918.8882221230895 140.07854080045973 1100.5083855126495 546.4952416275339 -10 -10 -10 -1000 -1000 -1000 -10
202 30 pedestrian 0 0 -10 912.2192960832413 129.3525079089016 1092.5944969481548 534.061931173163 -10 -10 -10 -1000 -1000 -1000 -10
203 30 pedestrian 0 0 -10 896.7911382813065 128.0754200814558 1060.3584974614269 496.1525290658042 -10 -10 -10 -1000 -1000 -1000 -10
204 30 pedestrian 0 0 -10 880.5947855599611 127.44964617913595 1039.7624298435956 485.997647671992 -10 -10 -10 -1000 -1000 -1000 -10
205 30 pedestrian 0 0 -10 864.6540778609735 126.01581532117243 1023.3911679284132 483.6694728770981 -10 -10 -10 -1000 -1000 -1000 -10
206 30 pedestrian 0 0 -10 875.3560994959714 147.47577576493478 1013.5760111588693 461.9880633345737 -10 -10 -10 -1000 -1000 -1000 -10
207 30 pedestrian 0 0 -10 878.7249558760136 158.44658351565803 1002.4004937881298 443.26919442512906 -10 -10 -10 -1000 -1000 -1000 -10
208 30 pedestrian 0 0 -10 858.4020613075522 165.2332745151071 979.0518459348037 443.7188925172134 -10 -10 -10 -1000 -1000 -1000 -10
209 30 pedestrian 0 0 -10 848.2899650810796 168.83874531718587 944.7004446289385 393.26792904521994 -10 -10 -10 -1000 -1000 -1000 -10
233 34 pedestrian 0 0 -10 814.900886936552 84.79165954589843 959.2078288837605 476.2282806396484 -10 -10 -10 -1000 -1000 -1000 -10
237 34 pedestrian 0 0 -10 822.5161821979816 83.94886648223411 962.1020075267088 463.7252770737038 -10 -10 -10 -1000 -1000 -1000 -10
238 34 pedestrian 0 0 -10 821.3630830739105 83.26073529711272 964.6763766061127 473.0922671756304 -10 -10 -10 -1000 -1000 -1000 -10
239 34 pedestrian 0 0 -10 827.6827745334245 84.8161890776774 967.6733316484749 464.4589114603229 -10 -10 -10 -1000 -1000 -1000 -10
240 34 pedestrian 0 0 -10 827.133040812976 82.85034824632828 971.5134894401186 473.5927380830525 -10 -10 -10 -1000 -1000 -1000 -10
242 34 pedestrian 0 0 -10 821.5996286896767 82.88420837924491 967.9950669390897 477.5148238577317 -10 -10 -10 -1000 -1000 -1000 -10
244 34 pedestrian 0 0 -10 819.0685997811343 81.30292646039459 967.7502142669153 480.0627697878524 -10 -10 -10 -1000 -1000 -1000 -10
250 34 pedestrian 0 0 -10 837.9044379961432 83.77177712820614 987.512506922387 489.7148243875281 -10 -10 -10 -1000 -1000 -1000 -10
251 34 pedestrian 0 0 -10 849.9401334833943 83.98104393656288 997.3628606548634 482.4906089239404 -10 -10 -10 -1000 -1000 -1000 -10
252 34 pedestrian 0 0 -10 860.0008637731695 86.88494157968756 1004.2452291988312 476.4005563522605 -10 -10 -10 -1000 -1000 -1000 -10
253 34 pedestrian 0 0 -10 875.1338596525458 82.16999331508899 1023.7042296553584 479.71219874113865 -10 -10 -10 -1000 -1000 -1000 -10
254 34 pedestrian 0 0 -10 881.633013979407 79.02172105977164 1029.8028769842279 473.4272259044925 -10 -10 -10 -1000 -1000 -1000 -10
255 34 pedestrian 0 0 -10 887.9359785986073 81.91158411569432 1037.3447924374618 474.8175823574274 -10 -10 -10 -1000 -1000 -1000 -10
256 34 pedestrian 0 0 -10 889.0844946330553 81.7084676570827 1041.021666758763 477.4626485362943 -10 -10 -10 -1000 -1000 -1000 -10
257 34 pedestrian 0 0 -10 892.9829297513089 81.74038410307085 1047.7120009185571 480.1959441289191 -10 -10 -10 -1000 -1000 -1000 -10
258 34 pedestrian 0 0 -10 893.8549365351198 80.88436012258865 1050.4894885519477 481.9560983836179 -10 -10 -10 -1000 -1000 -1000 -10
259 34 pedestrian 0 0 -10 892.8573962541639 82.11031225669285 1052.5247138727814 487.6977353362754 -10 -10 -10 -1000 -1000 -1000 -10
260 34 pedestrian 0 0 -10 880.0587334620758 91.02277989312597 1046.6332106034472 510.65234806213346 -10 -10 -10 -1000 -1000 -1000 -10
261 34 pedestrian 0 0 -10 876.8165131457198 81.94945454207468 1042.7400583605065 495.5842332063445 -10 -10 -10 -1000 -1000 -1000 -10
262 34 pedestrian 0 0 -10 875.0136913250109 78.40095062381155 1041.4910999022898 489.29271398665935 -10 -10 -10 -1000 -1000 -1000 -10
263 34 pedestrian 0 0 -10 873.605653225678 76.37171357677965 1041.2635575065713 487.71858664110965 -10 -10 -10 -1000 -1000 -1000 -10
264 34 pedestrian 0 0 -10 872.8795075227772 75.47566520328158 1041.6350131848112 487.3407542514823 -10 -10 -10 -1000 -1000 -1000 -10
265 34 pedestrian 0 0 -10 872.1202267898065 74.82392277439664 1042.0425904540646 487.1950418053064 -10 -10 -10 -1000 -1000 -1000 -10
265 36 pedestrian 0 0 -10 856.5317990085215 79.01827545166014 1042.1011233547597 525.1429397583008 -10 -10 -10 -1000 -1000 -1000 -10
266 34 pedestrian 0 0 -10 870.7949342261709 75.8930725720517 1043.2098464930527 493.55439539001816 -10 -10 -10 -1000 -1000 -1000 -10
267 34 pedestrian 0 0 -10 866.6913205009012 78.92385124249935 1038.249590225277 494.18654551310647 -10 -10 -10 -1000 -1000 -1000 -10
268 34 pedestrian 0 0 -10 867.9685542970466 77.65069979939514 1041.8476172153742 496.705697497012 -10 -10 -10 -1000 -1000 -1000 -10
269 34 pedestrian 0 0 -10 864.25240939417 77.36539052206723 1038.990636392891 497.44779908223023 -10 -10 -10 -1000 -1000 -1000 -10
270 34 pedestrian 0 0 -10 867.169667065261 78.01740176924164 1042.0746736712554 496.92485385935214 -10 -10 -10 -1000 -1000 -1000 -10
271 34 pedestrian 0 0 -10 863.9385525306716 78.8148479505432 1038.7979992606565 496.1851137487469 -10 -10 -10 -1000 -1000 -1000 -10
272 34 pedestrian 0 0 -10 866.8857918439951 78.15665687569663 1042.1878154575065 496.2903905034643 -10 -10 -10 -1000 -1000 -1000 -10
273 34 pedestrian 0 0 -10 868.6799966668217 80.4962987000689 1042.690695166866 494.0934485835369 -10 -10 -10 -1000 -1000 -1000 -10
274 34 pedestrian 0 0 -10 868.8321907934886 79.64017737803582 1043.3495145177778 494.51371271213736 -10 -10 -10 -1000 -1000 -1000 -10
274 38 pedestrian 0 0 -10 856.3051298041529 80.47182006835939 1042.1381929497534 523.6663208007812 -10 -10 -10 -1000 -1000 -1000 -10
275 34 pedestrian 0 0 -10 865.009816141321 81.17717769843748 1038.7527895888047 493.63418913854946 -10 -10 -10 -1000 -1000 -1000 -10
278 39 pedestrian 0 0 -10 869.2899486452902 80.66544952392579 1043.1493335812722 493.4719192504883 -10 -10 -10 -1000 -1000 -1000 -10
279 39 pedestrian 0 0 -10 863.639334607293 79.4495430738263 1038.647364307074 494.92763673318933 -10 -10 -10 -1000 -1000 -1000 -10
280 39 pedestrian 0 0 -10 862.4855338622308 81.27286411711123 1036.108911446434 493.61476942966976 -10 -10 -10 -1000 -1000 -1000 -10
281 39 pedestrian 0 0 -10 866.4270151348784 79.7184955658399 1041.1998702348053 494.49862890217014 -10 -10 -10 -1000 -1000 -1000 -10
282 39 pedestrian 0 0 -10 863.796823351907 80.6051431009895 1037.9311818031351 493.90146438953946 -10 -10 -10 -1000 -1000 -1000 -10
284 39 pedestrian 0 0 -10 867.5315738471195 79.64410282255139 1042.5678523353495 494.6077642851361 -10 -10 -10 -1000 -1000 -1000 -10
285 39 pedestrian 0 0 -10 863.6035593057032 79.6917177527043 1038.8901693011326 494.63355498693613 -10 -10 -10 -1000 -1000 -1000 -10
286 39 pedestrian 0 0 -10 852.4280931910604 81.57643358172794 1037.9256196561998 522.1604317430965 -10 -10 -10 -1000 -1000 -1000 -10
287 39 pedestrian 0 0 -10 850.4644607960141 82.75860287657872 1035.2977794290614 522.3653392446693 -10 -10 -10 -1000 -1000 -1000 -10
288 39 pedestrian 0 0 -10 849.5251803275393 82.66116092440043 1034.378441006576 522.8430810200043 -10 -10 -10 -1000 -1000 -1000 -10
289 39 pedestrian 0 0 -10 848.9134383519125 81.76169469959152 1034.4283423150027 523.794172833233 -10 -10 -10 -1000 -1000 -1000 -10
290 39 pedestrian 0 0 -10 848.7796502148402 80.92003339945 1034.7307516738722 524.3371098472464 -10 -10 -10 -1000 -1000 -1000 -10
291 39 pedestrian 0 0 -10 848.04546494509 79.02687852772885 1035.3591653980995 526.1138934960434 -10 -10 -10 -1000 -1000 -1000 -10
292 39 pedestrian 0 0 -10 848.3500383184021 79.4151213032072 1035.1054331161524 525.4987018524001 -10 -10 -10 -1000 -1000 -1000 -10
293 39 pedestrian 0 0 -10 848.3775683632541 78.56708962759902 1035.4970019488646 526.0608162843027 -10 -10 -10 -1000 -1000 -1000 -10
294 39 pedestrian 0 0 -10 848.3012579033518 78.07820377148397 1035.5819623387679 526.4697873481402 -10 -10 -10 -1000 -1000 -1000 -10
295 39 pedestrian 0 0 -10 848.6087346808106 78.137046494738 1035.561606816617 526.813655527608 -10 -10 -10 -1000 -1000 -1000 -10
296 39 pedestrian 0 0 -10 852.8408545919692 77.85407076758693 1040.2181527723003 526.9209502917802 -10 -10 -10 -1000 -1000 -1000 -10
297 39 pedestrian 0 0 -10 854.4409452800014 77.36107470513579 1042.1504057565103 526.8950823975495 -10 -10 -10 -1000 -1000 -1000 -10
298 39 pedestrian 0 0 -10 858.6578964107509 76.40207319993394 1039.6569954479803 508.9477836186355 -10 -10 -10 -1000 -1000 -1000 -10
299 39 pedestrian 0 0 -10 859.5805402083791 75.22015337068055 1039.0285369223916 502.5040178974285 -10 -10 -10 -1000 -1000 -1000 -10
300 39 pedestrian 0 0 -10 860.2371011137442 76.26460595092581 1038.190709197817 498.67534827887835 -10 -10 -10 -1000 -1000 -1000 -10
301 39 pedestrian 0 0 -10 860.4012560243802 76.96985883510283 1038.2430294327012 497.1918586107107 -10 -10 -10 -1000 -1000 -1000 -10
302 39 pedestrian 0 0 -10 849.5345617140351 75.44027663709218 1040.0869107767091 526.8651604171147 -10 -10 -10 -1000 -1000 -1000 -10
303 39 pedestrian 0 0 -10 847.9603773449587 76.18224537387505 1038.537697175504 527.8176009234317 -10 -10 -10 -1000 -1000 -1000 -10
304 39 pedestrian 0 0 -10 847.6555017273787 77.35811739242277 1037.3418540184769 527.0875755670214 -10 -10 -10 -1000 -1000 -1000 -10
305 39 pedestrian 0 0 -10 857.2154757597764 76.90927455564542 1036.1241324594748 500.23980037991976 -10 -10 -10 -1000 -1000 -1000 -10
306 39 pedestrian 0 0 -10 854.8710935717719 76.80328633716107 1032.9651729488041 498.1994605581505 -10 -10 -10 -1000 -1000 -1000 -10
307 39 pedestrian 0 0 -10 858.2147565894061 76.6959277784739 1036.5124307593312 497.4877803146861 -10 -10 -10 -1000 -1000 -1000 -10
309 39 pedestrian 0 0 -10 860.4473283928605 78.35916088401302 1037.3468774683188 495.2173737185615 -10 -10 -10 -1000 -1000 -1000 -10
310 39 pedestrian 0 0 -10 860.7381702441216 78.61851610400049 1037.900377596127 495.1293692900157 -10 -10 -10 -1000 -1000 -1000 -10
311 39 pedestrian 0 0 -10 860.7480367195616 78.69786314856907 1038.3145491456232 495.2319135092965 -10 -10 -10 -1000 -1000 -1000 -10
312 39 pedestrian 0 0 -10 860.7897245271929 78.43407623426768 1038.1970804186262 495.12881659633 -10 -10 -10 -1000 -1000 -1000 -10
313 39 pedestrian 0 0 -10 861.2842953632553 79.23170805525072 1037.6013218340167 494.2207978104092 -10 -10 -10 -1000 -1000 -1000 -10
314 39 pedestrian 0 0 -10 861.5625320751959 80.18935824075197 1037.0976232581706 493.5006022295819 -10 -10 -10 -1000 -1000 -1000 -10
315 39 pedestrian 0 0 -10 862.3960312450615 77.96991829638102 1036.0189074790542 488.38674617866457 -10 -10 -10 -1000 -1000 -1000 -10
316 39 pedestrian 0 0 -10 867.9383722181791 77.71679996837148 1039.7099674831709 485.6555210352128 -10 -10 -10 -1000 -1000 -1000 -10
317 39 pedestrian 0 0 -10 870.7513413296269 78.84783022942574 1040.9977367640654 483.1755036886012 -10 -10 -10 -1000 -1000 -1000 -10
318 39 pedestrian 0 0 -10 871.392660743486 83.20627846573319 1041.1427847392313 486.5198448080734 -10 -10 -10 -1000 -1000 -1000 -10
319 39 pedestrian 0 0 -10 881.1576379606082 81.24455826579057 1050.695831007477 483.5138211252289 -10 -10 -10 -1000 -1000 -1000 -10
320 39 pedestrian 0 0 -10 876.1824717999924 84.67640866902337 1044.450398521432 485.7843209768027 -10 -10 -10 -1000 -1000 -1000 -10
321 39 pedestrian 0 0 -10 868.5702262571472 86.74471268534666 1038.9603569607762 496.37388435997144 -10 -10 -10 -1000 -1000 -1000 -10
322 39 pedestrian 0 0 -10 863.6220404570129 88.83375870423941 1038.267499793591 507.67763735907914 -10 -10 -10 -1000 -1000 -1000 -10
323 39 pedestrian 0 0 -10 870.6909076482409 86.05196100526862 1047.4850983466035 507.30190914399 -10 -10 -10 -1000 -1000 -1000 -10
324 39 pedestrian 0 0 -10 872.7776639376302 87.78604139041937 1052.3585193116958 513.3620377633083 -10 -10 -10 -1000 -1000 -1000 -10
325 39 pedestrian 0 0 -10 878.383617171341 89.83799466975628 1058.3264467758786 513.9997309584749 -10 -10 -10 -1000 -1000 -1000 -10
326 39 pedestrian 0 0 -10 883.4036860670153 88.01627005140227 1066.4003081989754 516.6103150710621 -10 -10 -10 -1000 -1000 -1000 -10
327 39 pedestrian 0 0 -10 881.1304493750278 86.93319962452776 1064.5108421100222 517.6562839998279 -10 -10 -10 -1000 -1000 -1000 -10
328 39 pedestrian 0 0 -10 885.2613312331074 88.02808219278708 1068.2808370036462 516.1125287836476 -10 -10 -10 -1000 -1000 -1000 -10
329 39 pedestrian 0 0 -10 885.4014209350444 86.13146141288229 1070.6813860899183 517.7693100219262 -10 -10 -10 -1000 -1000 -1000 -10
331 39 pedestrian 0 0 -10 875.6376314997494 85.45653570075177 1060.1640986830002 518.5145965441218 -10 -10 -10 -1000 -1000 -1000 -10
332 39 pedestrian 0 0 -10 873.8712992307945 85.24655507582068 1056.5716743423943 518.4062814287295 -10 -10 -10 -1000 -1000 -1000 -10
333 39 pedestrian 0 0 -10 874.3959032138655 86.6720097403107 1054.1237416099693 516.8203100030012 -10 -10 -10 -1000 -1000 -1000 -10
334 39 pedestrian 0 0 -10 878.6489038169068 86.1823872139804 1058.5675922796158 516.9253993674114 -10 -10 -10 -1000 -1000 -1000 -10
335 39 pedestrian 0 0 -10 880.4608399051037 86.37132062246457 1060.6086285708386 516.9197143520057 -10 -10 -10 -1000 -1000 -1000 -10
336 39 pedestrian 0 0 -10 886.1500011235943 87.89745831044911 1065.0702647925102 515.0506257461486 -10 -10 -10 -1000 -1000 -1000 -10
337 39 pedestrian 0 0 -10 888.1765005972427 88.86588934859208 1066.310277175884 514.0872252419733 -10 -10 -10 -1000 -1000 -1000 -10
338 39 pedestrian 0 0 -10 888.2861580293517 88.30376069776662 1067.0366568426682 514.7729764454862 -10 -10 -10 -1000 -1000 -1000 -10
339 39 pedestrian 0 0 -10 882.7589284275869 85.66961632765683 1064.0000944305905 517.2901881049033 -10 -10 -10 -1000 -1000 -1000 -10
340 39 pedestrian 0 0 -10 880.1651551051895 83.4574825037565 1063.492024777233 519.5609251174037 -10 -10 -10 -1000 -1000 -1000 -10
341 39 pedestrian 0 0 -10 880.1103367383719 84.01768338417668 1062.690896130501 519.0634092131338 -10 -10 -10 -1000 -1000 -1000 -10
342 39 pedestrian 0 0 -10 884.1860666022915 84.7714514281432 1066.624283894967 518.1699061914074 -10 -10 -10 -1000 -1000 -1000 -10
343 39 pedestrian 0 0 -10 889.2558462420358 104.28941182690224 1064.5396850617947 518.1933184476136 -10 -10 -10 -1000 -1000 -1000 -10
344 39 pedestrian 0 0 -10 884.2464111713095 100.68662086858649 1061.6395655028236 519.1788468533698 -10 -10 -10 -1000 -1000 -1000 -10
345 39 pedestrian 0 0 -10 876.870660235593 92.97765959578487 1056.7968267406527 516.6993015060042 -10 -10 -10 -1000 -1000 -1000 -10
346 39 pedestrian 0 0 -10 873.9389053998408 89.50110828529537 1055.4940278395195 516.5188836212816 -10 -10 -10 -1000 -1000 -1000 -10
347 39 pedestrian 0 0 -10 876.3285170100355 87.39737586688997 1060.1563105176729 517.281582059074 -10 -10 -10 -1000 -1000 -1000 -10
348 39 pedestrian 0 0 -10 877.0683097666172 86.13904708617187 1062.2519322424741 517.921985087118 -10 -10 -10 -1000 -1000 -1000 -10
349 39 pedestrian 0 0 -10 869.0887014569048 87.41539032159466 1052.5856517089737 515.8775878499303 -10 -10 -10 -1000 -1000 -1000 -10
350 39 pedestrian 0 0 -10 866.0497310955741 88.22739505218433 1049.0015766486442 514.3388597014156 -10 -10 -10 -1000 -1000 -1000 -10
351 39 pedestrian 0 0 -10 860.972746077347 88.97321753106812 1043.169520589825 513.8807459745359 -10 -10 -10 -1000 -1000 -1000 -10
352 39 pedestrian 0 0 -10 863.7051446693555 86.53060241259274 1044.8237575789635 508.15578323164675 -10 -10 -10 -1000 -1000 -1000 -10
353 39 pedestrian 0 0 -10 864.0081855931572 88.51264640836737 1046.1320550413134 511.2033069155634 -10 -10 -10 -1000 -1000 -1000 -10
354 39 pedestrian 0 0 -10 863.698272772061 87.45262216910533 1047.8290863889474 514.4640859358159 -10 -10 -10 -1000 -1000 -1000 -10
355 39 pedestrian 0 0 -10 859.118574721387 87.3815710883581 1043.8132541201612 515.4943655886198 -10 -10 -10 -1000 -1000 -1000 -10
356 39 pedestrian 0 0 -10 858.763546357637 86.36771778704991 1040.0817802407514 507.80180962246317 -10 -10 -10 -1000 -1000 -1000 -10
358 39 pedestrian 0 0 -10 863.5677834360152 83.5826850709478 1044.415652344493 506.5943650602102 -10 -10 -10 -1000 -1000 -1000 -10
359 39 pedestrian 0 0 -10 872.7698091581077 82.48384524436625 1048.6424794354143 497.6043632473085 -10 -10 -10 -1000 -1000 -1000 -10
360 39 pedestrian 0 0 -10 882.555077332933 80.93303825622434 1052.6545673291523 486.4488309075916 -10 -10 -10 -1000 -1000 -1000 -10
361 39 pedestrian 0 0 -10 891.2734839682081 80.09171237614868 1057.476352309991 482.23172095997705 -10 -10 -10 -1000 -1000 -1000 -10
362 39 pedestrian 0 0 -10 895.4001270180098 84.56577907029191 1058.811787010507 484.08987641913313 -10 -10 -10 -1000 -1000 -1000 -10
363 39 pedestrian 0 0 -10 895.3019678707782 92.95916318822626 1052.2240754189952 479.0833296110211 -10 -10 -10 -1000 -1000 -1000 -10
364 39 pedestrian 0 0 -10 890.4670287154827 97.62242102842941 1044.638903415554 476.2196747119187 -10 -10 -10 -1000 -1000 -1000 -10
368 39 pedestrian 0 0 -10 885.9992341382997 92.338688893821 1042.073904124143 481.64625420757386 -10 -10 -10 -1000 -1000 -1000 -10
369 39 pedestrian 0 0 -10 873.3058662439619 88.20706788632651 1034.1856403666104 486.0919957338565 -10 -10 -10 -1000 -1000 -1000 -10
370 39 pedestrian 0 0 -10 863.5156359028636 83.84005281760923 1028.7141625786626 489.9483724711947 -10 -10 -10 -1000 -1000 -1000 -10
371 39 pedestrian 0 0 -10 864.526090747039 79.15787694474892 1031.218875774829 487.28742397060597 -10 -10 -10 -1000 -1000 -1000 -10
372 39 pedestrian 0 0 -10 868.6803408875336 77.29932388059231 1037.1347880416938 486.4061735104307 -10 -10 -10 -1000 -1000 -1000 -10
373 39 pedestrian 0 0 -10 874.1972999236616 78.84031350910436 1044.7746964548496 491.9934715841291 -10 -10 -10 -1000 -1000 -1000 -10
374 39 pedestrian 0 0 -10 876.6740661041662 79.37958831592198 1048.076783693002 493.93428663029806 -10 -10 -10 -1000 -1000 -1000 -10
375 39 pedestrian 0 0 -10 877.6743255156683 81.02032650521286 1048.4726663721503 494.1360687108845 -10 -10 -10 -1000 -1000 -1000 -10
376 39 pedestrian 0 0 -10 878.0621447043395 81.77351931328505 1048.9834392246853 495.33878400738945 -10 -10 -10 -1000 -1000 -1000 -10
377 39 pedestrian 0 0 -10 878.6397635465275 82.91814995938219 1048.2011030520755 493.1923223520754 -10 -10 -10 -1000 -1000 -1000 -10
378 39 pedestrian 0 0 -10 878.6524154767592 82.70421958990676 1048.8938916991576 493.6281480900441 -10 -10 -10 -1000 -1000 -1000 -10
379 39 pedestrian 0 0 -10 878.437251863445 82.40891989997382 1049.2773182668375 494.32643168767254 -10 -10 -10 -1000 -1000 -1000 -10
380 39 pedestrian 0 0 -10 879.6122104036486 84.02018977308174 1048.5100380386857 492.5407155468106 -10 -10 -10 -1000 -1000 -1000 -10
381 39 pedestrian 0 0 -10 880.0567496358625 88.34682890991925 1048.4381745608512 495.59468388598054 -10 -10 -10 -1000 -1000 -1000 -10
382 39 pedestrian 0 0 -10 879.9724523737816 90.6951961441282 1047.6581165472626 496.4722216236614 -10 -10 -10 -1000 -1000 -1000 -10
383 39 pedestrian 0 0 -10 874.9965784870607 91.3745369811667 1042.920556900086 496.549424550716 -10 -10 -10 -1000 -1000 -1000 -10
384 39 pedestrian 0 0 -10 872.0820699655824 89.7927633225585 1041.8716441704303 498.73671841156954 -10 -10 -10 -1000 -1000 -1000 -10
385 39 pedestrian 0 0 -10 870.8608118427871 89.43959795816752 1041.5808037876313 498.87115387081883 -10 -10 -10 -1000 -1000 -1000 -10
386 39 pedestrian 0 0 -10 870.7181447922135 90.00947623088896 1041.3946238649403 498.2777401544464 -10 -10 -10 -1000 -1000 -1000 -10
387 39 pedestrian 0 0 -10 870.2849367347477 89.82619771674084 1041.5724402409126 498.4868694965787 -10 -10 -10 -1000 -1000 -1000 -10
391 39 pedestrian 0 0 -10 880.5828855903322 92.82762779234866 1044.1759125843585 486.02576718165864 -10 -10 -10 -1000 -1000 -1000 -10
392 39 pedestrian 0 0 -10 888.483118459437 93.92862597504384 1048.1150781937201 481.95829539288695 -10 -10 -10 -1000 -1000 -1000 -10
393 39 pedestrian 0 0 -10 890.9587037301942 93.33905324395158 1049.640802656357 480.88509074614177 -10 -10 -10 -1000 -1000 -1000 -10
394 39 pedestrian 0 0 -10 896.5128692272468 93.1522484018781 1054.054529397309 480.56032742382763 -10 -10 -10 -1000 -1000 -1000 -10
395 39 pedestrian 0 0 -10 898.1381447229841 87.97783345394345 1055.9688307993097 476.8861160141658 -10 -10 -10 -1000 -1000 -1000 -10
396 39 pedestrian 0 0 -10 893.368637781704 83.89307399501487 1053.3147678921841 477.9028418404964 -10 -10 -10 -1000 -1000 -1000 -10
397 39 pedestrian 0 0 -10 891.8985031620394 83.99510633084148 1051.3932742552224 477.1575780518883 -10 -10 -10 -1000 -1000 -1000 -10
398 39 pedestrian 0 0 -10 888.3858979741666 88.92425266891854 1044.6214673355832 472.68253902424595 -10 -10 -10 -1000 -1000 -1000 -10
399 39 pedestrian 0 0 -10 892.119946439677 92.63863565279979 1045.9461686966915 468.8197667595767 -10 -10 -10 -1000 -1000 -1000 -10
400 39 pedestrian 0 0 -10 886.910435473776 93.54969144058319 1043.9674163378122 476.2408782295364 -10 -10 -10 -1000 -1000 -1000 -10
401 39 pedestrian 0 0 -10 885.3682108045274 95.29201572753317 1042.891930641941 477.80906639207586 -10 -10 -10 -1000 -1000 -1000 -10
402 39 pedestrian 0 0 -10 889.272061849727 96.73905538556906 1046.8452729484702 477.77147351211306 -10 -10 -10 -1000 -1000 -1000 -10
403 39 pedestrian 0 0 -10 885.5945558729836 96.18754844338608 1044.6108798800842 479.5362246449897 -10 -10 -10 -1000 -1000 -1000 -10
405 39 pedestrian 0 0 -10 890.1052217355216 97.61219938352525 1048.2690546735978 477.80470027342034 -10 -10 -10 -1000 -1000 -1000 -10
406 39 pedestrian 0 0 -10 890.4260060802198 97.24372080238678 1049.6063516540466 478.3706519565752 -10 -10 -10 -1000 -1000 -1000 -10
409 39 pedestrian 0 0 -10 884.4811489759143 102.1343540721906 1044.2648258460645 483.9091938149137 -10 -10 -10 -1000 -1000 -1000 -10
410 39 pedestrian 0 0 -10 884.0572649551941 100.22084025234685 1043.4481984139318 479.57637482334076 -10 -10 -10 -1000 -1000 -1000 -10
412 39 pedestrian 0 0 -10 882.9240996384542 97.98228734001447 1043.8627527747053 478.90538428551207 -10 -10 -10 -1000 -1000 -1000 -10
413 39 pedestrian 0 0 -10 882.5587427630018 97.81407941544708 1043.7569562737808 478.4965086816728 -10 -10 -10 -1000 -1000 -1000 -10
414 39 pedestrian 0 0 -10 881.7494910628988 96.27604627469367 1044.468213066835 479.94254311763774 -10 -10 -10 -1000 -1000 -1000 -10
415 39 pedestrian 0 0 -10 881.9566048494648 96.77599197539618 1044.2241299450866 478.9025539000287 -10 -10 -10 -1000 -1000 -1000 -10
416 39 pedestrian 0 0 -10 881.7022927143067 96.3960268251933 1044.545131141955 479.56337636548403 -10 -10 -10 -1000 -1000 -1000 -10
417 39 pedestrian 0 0 -10 881.6569641515679 96.09874297034526 1045.1044160283684 479.57472660243275 -10 -10 -10 -1000 -1000 -1000 -10
418 39 pedestrian 0 0 -10 881.8713185250266 96.45714687844395 1045.0684361875706 478.9090929651021 -10 -10 -10 -1000 -1000 -1000 -10
421 39 pedestrian 0 0 -10 882.0456829951085 97.24048113168692 1044.750544884811 478.46070437245965 -10 -10 -10 -1000 -1000 -1000 -10
422 39 pedestrian 0 0 -10 882.3400866660211 98.23642621204445 1044.3078428274505 477.6157642537968 -10 -10 -10 -1000 -1000 -1000 -10
423 39 pedestrian 0 0 -10 882.1501096945817 97.62471166541616 1044.5219587210627 478.33365925282067 -10 -10 -10 -1000 -1000 -1000 -10
427 39 pedestrian 0 0 -10 881.7200691988035 95.89430899521565 1045.3907886607772 479.28213368913384 -10 -10 -10 -1000 -1000 -1000 -10
431 39 pedestrian 0 0 -10 874.705730915001 94.35237329767858 1040.0964381314068 481.09319422862256 -10 -10 -10 -1000 -1000 -1000 -10
432 39 pedestrian 0 0 -10 878.4691985055658 94.33397586271715 1043.6940762646875 480.83254957339216 -10 -10 -10 -1000 -1000 -1000 -10
433 39 pedestrian 0 0 -10 880.1683368025803 94.66820331069107 1045.0637805457172 480.72716939538407 -10 -10 -10 -1000 -1000 -1000 -10
434 39 pedestrian 0 0 -10 881.1062776102037 95.12842966576792 1045.3158696276182 480.0111890083276 -10 -10 -10 -1000 -1000 -1000 -10
435 39 pedestrian 0 0 -10 881.0939567108805 94.65744995241005 1045.6546696889554 480.3908940341868 -10 -10 -10 -1000 -1000 -1000 -10
436 39 pedestrian 0 0 -10 881.2207796307243 95.0564652470297 1045.2200102708275 480.52610202176254 -10 -10 -10 -1000 -1000 -1000 -10
437 39 pedestrian 0 0 -10 881.0932438736298 94.3234579170537 1045.4713174202147 480.8392905950486 -10 -10 -10 -1000 -1000 -1000 -10
438 39 pedestrian 0 0 -10 880.6484334617317 93.21731636703606 1045.9975460401085 482.17946289571506 -10 -10 -10 -1000 -1000 -1000 -10
439 39 pedestrian 0 0 -10 879.4563555948054 90.40692246747693 1046.874135092292 484.0348157061788 -10 -10 -10 -1000 -1000 -1000 -10
440 39 pedestrian 0 0 -10 875.9922668524698 87.39092044946634 1042.063039718715 479.1225973868669 -10 -10 -10 -1000 -1000 -1000 -10
441 39 pedestrian 0 0 -10 874.9436483585894 86.49156709128039 1040.0083338507666 477.1422129135472 -10 -10 -10 -1000 -1000 -1000 -10
442 39 pedestrian 0 0 -10 873.9960297736178 88.08800617680413 1040.0147928586725 481.9030969372916 -10 -10 -10 -1000 -1000 -1000 -10
443 39 pedestrian 0 0 -10 878.6401494289044 91.59954715792367 1043.041014703992 481.6661819497698 -10 -10 -10 -1000 -1000 -1000 -10
444 39 pedestrian 0 0 -10 880.6932985940255 93.6386465498266 1043.94398284907 481.1139612941156 -10 -10 -10 -1000 -1000 -1000 -10
445 39 pedestrian 0 0 -10 881.9575481979589 94.87939505168114 1043.926007587024 480.05299800280625 -10 -10 -10 -1000 -1000 -1000 -10
446 39 pedestrian 0 0 -10 877.4341022671529 93.56225400734391 1040.4412660413122 481.7404989718035 -10 -10 -10 -1000 -1000 -1000 -10
447 39 pedestrian 0 0 -10 879.9893523344822 93.40770605175109 1043.146821021982 482.02693474860257 -10 -10 -10 -1000 -1000 -1000 -10
448 39 pedestrian 0 0 -10 881.6546847665744 94.88803143352845 1043.582164919696 480.6999206233769 -10 -10 -10 -1000 -1000 -1000 -10
449 39 pedestrian 0 0 -10 882.486586233656 95.5663837321751 1043.623184963737 479.90805246824385 -10 -10 -10 -1000 -1000 -1000 -10
450 39 pedestrian 0 0 -10 882.6445973629952 95.46517405208508 1043.6971267788674 479.8227644610588 -10 -10 -10 -1000 -1000 -1000 -10
451 39 pedestrian 0 0 -10 877.853633765116 94.5076038135341 1039.7978133212125 481.15405699459524 -10 -10 -10 -1000 -1000 -1000 -10
452 39 pedestrian 0 0 -10 875.9905656484302 93.9055665000435 1038.5117103806472 482.3242311001112 -10 -10 -10 -1000 -1000 -1000 -10
453 39 pedestrian 0 0 -10 875.8244333362576 94.8185045387794 1037.4163393706099 481.38818588773506 -10 -10 -10 -1000 -1000 -1000 -10
454 39 pedestrian 0 0 -10 875.307339770972 94.39058958520909 1037.1051810749013 481.76522364579796 -10 -10 -10 -1000 -1000 -1000 -10
455 39 pedestrian 0 0 -10 875.0832857856878 94.75886220466055 1036.6489304114875 481.3580821812443 -10 -10 -10 -1000 -1000 -1000 -10
456 39 pedestrian 0 0 -10 875.224835427851 95.42369699349044 1036.2252937356 480.6784053482712 -10 -10 -10 -1000 -1000 -1000 -10
457 39 pedestrian 0 0 -10 870.6325036388613 94.52692768207817 1032.3177282357938 481.1422508568295 -10 -10 -10 -1000 -1000 -1000 -10
467 46 pedestrian 0 0 -10 858.1911441612655 92.47267150878903 1026.7281429481095 482.940396118164 -10 -10 -10 -1000 -1000 -1000 -10
471 46 pedestrian 0 0 -10 865.0783326730489 99.73750870436572 1032.827976123821 488.1059105994035 -10 -10 -10 -1000 -1000 -1000 -10
472 46 pedestrian 0 0 -10 864.5666059992253 98.18530651259442 1034.241856313925 490.58682954763543 -10 -10 -10 -1000 -1000 -1000 -10
473 46 pedestrian 0 0 -10 865.2057037489377 95.22542527546705 1034.2231914595848 485.436096100943 -10 -10 -10 -1000 -1000 -1000 -10
474 46 pedestrian 0 0 -10 864.5811393234192 92.0752816920419 1035.043021456676 484.86897912748054 -10 -10 -10 -1000 -1000 -1000 -10
475 46 pedestrian 0 0 -10 864.3371975985665 91.51773644854569 1034.8247391954997 484.5509454755449 -10 -10 -10 -1000 -1000 -1000 -10
476 46 pedestrian 0 0 -10 864.6013687152774 92.07314022173179 1034.4448462438004 483.67337391667036 -10 -10 -10 -1000 -1000 -1000 -10
477 46 pedestrian 0 0 -10 864.1547569129352 91.14766599772716 1034.7376879052208 484.34127797778547 -10 -10 -10 -1000 -1000 -1000 -10
478 46 pedestrian 0 0 -10 863.877070151486 90.79607084334015 1034.8476798969582 484.6403418414838 -10 -10 -10 -1000 -1000 -1000 -10
479 46 pedestrian 0 0 -10 864.1832621630654 91.71643584304351 1034.528073996682 483.79189608451554 -10 -10 -10 -1000 -1000 -1000 -10
481 46 pedestrian 0 0 -10 864.5189996061292 92.7382297661729 1033.8009560052747 482.930002957032 -10 -10 -10 -1000 -1000 -1000 -10
482 46 pedestrian 0 0 -10 859.8872457076367 91.7968930350172 1029.3649802919947 483.82101296171334 -10 -10 -10 -1000 -1000 -1000 -10
484 46 pedestrian 0 0 -10 862.6270217650814 90.11345009691703 1033.3546800025122 485.07601499346356 -10 -10 -10 -1000 -1000 -1000 -10
485 46 pedestrian 0 0 -10 863.6864375631149 91.06481833941177 1033.7921808336312 484.2497925183609 -10 -10 -10 -1000 -1000 -1000 -10
486 46 pedestrian 0 0 -10 863.7711367204658 90.95871625002366 1034.2124514963834 484.45077156362987 -10 -10 -10 -1000 -1000 -1000 -10
487 46 pedestrian 0 0 -10 863.4639492953961 90.92583757253269 1034.5622030711036 484.71940845316885 -10 -10 -10 -1000 -1000 -1000 -10
488 46 pedestrian 0 0 -10 862.9556297128925 90.0479758982004 1034.9593627415702 485.797303465843 -10 -10 -10 -1000 -1000 -1000 -10
489 46 pedestrian 0 0 -10 863.569760244 91.38497009582034 1034.2617028138347 484.2706712042874 -10 -10 -10 -1000 -1000 -1000 -10
493 46 pedestrian 0 0 -10 863.3162399421615 90.47654666764538 1034.72145951436 485.15597971316856 -10 -10 -10 -1000 -1000 -1000 -10
495 46 pedestrian 0 0 -10 863.9284378037614 90.92273301946395 1034.474089271905 484.35479140647624 -10 -10 -10 -1000 -1000 -1000 -10
496 46 pedestrian 0 0 -10 864.7496819755082 90.9465931871218 1034.5154292637815 483.9200674108307 -10 -10 -10 -1000 -1000 -1000 -10
497 46 pedestrian 0 0 -10 873.446517776122 87.94045063917525 1043.7336807277736 485.8118280962537 -10 -10 -10 -1000 -1000 -1000 -10
498 46 pedestrian 0 0 -10 883.2451072553769 85.7290830982353 1050.0797597739527 479.75319764231745 -10 -10 -10 -1000 -1000 -1000 -10
499 46 pedestrian 0 0 -10 892.7757245676761 80.42242631555393 1056.9058791537916 472.39152633538265 -10 -10 -10 -1000 -1000 -1000 -10
500 46 pedestrian 0 0 -10 902.8078306531537 77.94927941122376 1061.4888570508047 461.27305576490573 -10 -10 -10 -1000 -1000 -1000 -10
501 46 pedestrian 0 0 -10 906.4638120919965 76.48390215801038 1062.943100698502 457.53305506966166 -10 -10 -10 -1000 -1000 -1000 -10
502 46 pedestrian 0 0 -10 904.9011073787146 82.99977757463247 1057.7193354019764 457.89927684899124 -10 -10 -10 -1000 -1000 -1000 -10
503 46 pedestrian 0 0 -10 904.0846330468154 84.68283608078409 1055.7630222997004 458.08227167889197 -10 -10 -10 -1000 -1000 -1000 -10
504 46 pedestrian 0 0 -10 908.1091849722789 85.9392124416841 1058.9774900997381 457.83182974585503 -10 -10 -10 -1000 -1000 -1000 -10
505 46 pedestrian 0 0 -10 904.9690152245156 84.44487607874157 1056.573614772127 459.4075350099838 -10 -10 -10 -1000 -1000 -1000 -10
506 46 pedestrian 0 0 -10 904.7097443564013 83.39654198829757 1054.1808325163483 454.01078718291853 -10 -10 -10 -1000 -1000 -1000 -10
507 46 pedestrian 0 0 -10 904.2200445227279 81.44102615879123 1053.8975641112465 453.2825726892411 -10 -10 -10 -1000 -1000 -1000 -10
508 46 pedestrian 0 0 -10 903.068530247637 82.3856504772574 1053.8628135277518 458.6402797673545 -10 -10 -10 -1000 -1000 -1000 -10
509 46 pedestrian 0 0 -10 903.1119070473804 82.99646794824659 1053.7030947849564 460.82277793370076 -10 -10 -10 -1000 -1000 -1000 -10
510 46 pedestrian 0 0 -10 904.1382784338314 84.81833352225414 1052.9538292923085 460.3461178753169 -10 -10 -10 -1000 -1000 -1000 -10
511 46 pedestrian 0 0 -10 904.2527909581655 84.37438873250682 1052.9291456587457 461.8876400457719 -10 -10 -10 -1000 -1000 -1000 -10
512 46 pedestrian 0 0 -10 896.537794443878 85.92725296971031 1050.8175536530741 479.42356949434367 -10 -10 -10 -1000 -1000 -1000 -10
513 46 pedestrian 0 0 -10 882.1334517188615 93.51553476237797 1042.9103210540904 506.43993833929215 -10 -10 -10 -1000 -1000 -1000 -10
514 46 pedestrian 0 0 -10 871.8009518438851 97.56292741325609 1035.3287852070691 516.736557011576 -10 -10 -10 -1000 -1000 -1000 -10
515 46 pedestrian 0 0 -10 866.2441514540021 95.6860296013399 1033.8894251240915 523.549951025831 -10 -10 -10 -1000 -1000 -1000 -10
516 46 pedestrian 0 0 -10 877.4596481677537 97.40383441406334 1047.8219980734957 532.0361927492027 -10 -10 -10 -1000 -1000 -1000 -10
517 46 pedestrian 0 0 -10 884.4924151560003 95.95019177490218 1060.6584088627378 547.4918234752804 -10 -10 -10 -1000 -1000 -1000 -10
518 46 pedestrian 0 0 -10 895.4979182627551 103.84763280510353 1084.0457308732848 589.7060125116341 -10 -10 -10 -1000 -1000 -1000 -10
519 46 pedestrian 0 0 -10 910.3639023623391 119.11719890762492 1109.8411482825425 629.4937207546402 -10 -10 -10 -1000 -1000 -1000 -10
520 46 pedestrian 0 0 -10 892.1836664064851 124.78552251144959 1134.373580876153 744.9678053737382 -10 -10 -10 -1000 -1000 -1000 -10
521 46 pedestrian 0 0 -10 865.2358693680536 145.97453616511694 1112.9286870929582 778.5887671437315 -10 -10 -10 -1000 -1000 -1000 -10
522 47 pedestrian 0 0 -10 800.3681127169433 177.5012969970703 1036.5176294705568 715.6902862548828 -10 -10 -10 -1000 -1000 -1000 -10
523 47 pedestrian 0 0 -10 758.3833163445288 172.55957575226296 1016.528016414521 760.6458617730826 -10 -10 -10 -1000 -1000 -1000 -10
525 47 pedestrian 0 0 -10 757.2266770091499 205.0431129631466 982.5261303931586 717.6592657384615 -10 -10 -10 -1000 -1000 -1000 -10
526 47 pedestrian 0 0 -10 695.9988515731214 213.00031059315 984.7474195307434 875.1474122872853 -10 -10 -10 -1000 -1000 -1000 -10
527 47 pedestrian 0 0 -10 646.0690920693089 198.12406350457832 953.624288962588 906.0226424701739 -10 -10 -10 -1000 -1000 -1000 -10
531 47 pedestrian 0 0 -10 496.18829641047915 237.47123383946007 858.5343785256584 1071.9001708586961 -10 -10 -10 -1000 -1000 -1000 -10
533 47 pedestrian 0 0 -10 479.434623534117 245.12368583006298 844.9365788557259 1089.2452272726464 -10 -10 -10 -1000 -1000 -1000 -10
534 47 pedestrian 0 0 -10 482.3513270481593 255.84668262350084 841.3763850226019 1087.9488407588879 -10 -10 -10 -1000 -1000 -1000 -10
549 49 pedestrian 0 0 -10 717.444507851907 168.50034484863278 967.7664418551242 677.2843048095704 -10 -10 -10 -1000 -1000 -1000 -10
550 49 pedestrian 0 0 -10 746.5768736967782 147.24092306266374 1006.5786881143605 675.7075726837365 -10 -10 -10 -1000 -1000 -1000 -10
551 49 pedestrian 0 0 -10 782.8751010969946 145.2881602093812 1046.265760335968 681.3371629047625 -10 -10 -10 -1000 -1000 -1000 -10
553 49 pedestrian 0 0 -10 840.9373541732925 137.93011212034116 1111.4699556203568 691.0032315459611 -10 -10 -10 -1000 -1000 -1000 -10
554 49 pedestrian 0 0 -10 867.0015674115054 129.99610827838416 1124.4287867960184 659.0536883448517 -10 -10 -10 -1000 -1000 -1000 -10
555 49 pedestrian 0 0 -10 887.4229735051218 122.85688000042754 1133.662954351599 632.7205677449731 -10 -10 -10 -1000 -1000 -1000 -10
556 49 pedestrian 0 0 -10 918.0116523214697 125.23303805595017 1151.1538253347258 610.1180529707167 -10 -10 -10 -1000 -1000 -1000 -10
557 49 pedestrian 0 0 -10 939.022039568609 131.8477278020867 1194.7782921090277 666.2930509000216 -10 -10 -10 -1000 -1000 -1000 -10
558 49 pedestrian 0 0 -10 961.6626964739826 149.62812528567486 1259.2976187204222 781.6046291584079 -10 -10 -10 -1000 -1000 -1000 -10
583 50 pedestrian 0 0 -10 999.9483076956008 96.81497344970705 1189.1011796090866 617.943830871582 -10 -10 -10 -1000 -1000 -1000 -10
584 50 pedestrian 0 0 -10 981.0150371693962 95.3602736986316 1155.4435548815736 574.0367758378275 -10 -10 -10 -1000 -1000 -1000 -10
585 50 pedestrian 0 0 -10 947.620768833275 99.3702780296212 1115.9606780555334 558.7778187737915 -10 -10 -10 -1000 -1000 -1000 -10
586 50 pedestrian 0 0 -10 926.0328235931767 93.8106811998693 1086.2957709295772 528.2570525485039 -10 -10 -10 -1000 -1000 -1000 -10
587 50 pedestrian 0 0 -10 917.9168149364327 93.18794942461491 1072.5697589833653 509.4417920837559 -10 -10 -10 -1000 -1000 -1000 -10
588 50 pedestrian 0 0 -10 922.5684888474987 85.92557585454156 1073.97384174355 491.349430273434 -10 -10 -10 -1000 -1000 -1000 -10
589 50 pedestrian 0 0 -10 928.9806391793255 84.62327773483128 1072.1001087356422 465.19900444326913 -10 -10 -10 -1000 -1000 -1000 -10
590 50 pedestrian 0 0 -10 933.0458096422376 95.30147866048995 1069.9615062557796 455.593772620613 -10 -10 -10 -1000 -1000 -1000 -10
591 50 pedestrian 0 0 -10 937.1415873321107 112.06082634926679 1067.3934847541623 450.734895379926 -10 -10 -10 -1000 -1000 -1000 -10
694 54 pedestrian 0 0 -10 882.3323036986975 85.29298553466799 1052.9303427856776 460.08735809326174 -10 -10 -10 -1000 -1000 -1000 -10
695 54 pedestrian 0 0 -10 891.5846092352399 83.84053019399784 1059.5140481747171 453.2146663179846 -10 -10 -10 -1000 -1000 -1000 -10
771 55 pedestrian 0 0 -10 888.8848113478557 78.46604919433591 1050.2183380662068 452.6069915771484 -10 -10 -10 -1000 -1000 -1000 -10
772 55 pedestrian 0 0 -10 894.8002603527535 77.97855876511068 1056.1842023609238 452.6262778894806 -10 -10 -10 -1000 -1000 -1000 -10
773 55 pedestrian 0 0 -10 892.3019230601027 75.76216200695833 1052.0887255547977 447.3742211446977 -10 -10 -10 -1000 -1000 -1000 -10
774 55 pedestrian 0 0 -10 886.0681457009018 73.67734329712525 1045.9881069343073 446.3248639550583 -10 -10 -10 -1000 -1000 -1000 -10
775 55 pedestrian 0 0 -10 875.4155000955922 75.70669037542416 1032.476341749672 442.1905257589325 -10 -10 -10 -1000 -1000 -1000 -10
835 56 pedestrian 0 0 -10 878.1818806101659 91.8448211669922 1043.0145671437406 468.1658172607422 -10 -10 -10 -1000 -1000 -1000 -10
871 57 pedestrian 0 0 -10 880.2170953837264 82.36524810791013 1047.104266920961 448.8304275512695 -10 -10 -10 -1000 -1000 -1000 -10
872 57 pedestrian 0 0 -10 881.1318977072705 83.16053374904331 1046.854568678509 448.0484824245266 -10 -10 -10 -1000 -1000 -1000 -10
873 57 pedestrian 0 0 -10 880.3827680503564 81.9843509562331 1046.3088417978533 448.96387902893525 -10 -10 -10 -1000 -1000 -1000 -10
874 57 pedestrian 0 0 -10 865.2241984169196 81.91230303545544 1030.5059174976627 449.6649497895355 -10 -10 -10 -1000 -1000 -1000 -10
893 59 pedestrian 0 0 -10 935.6283973968947 74.68059692382815 1062.1150718413867 404.68341064453125 -10 -10 -10 -1000 -1000 -1000 -10
908 60 pedestrian 0 0 -10 921.3107458414759 78.29359130859376 1052.2082971272744 408.3101379394531 -10 -10 -10 -1000 -1000 -1000 -10
909 60 pedestrian 0 0 -10 919.3794781502638 77.26082755520227 1052.0244207941248 411.7740688113837 -10 -10 -10 -1000 -1000 -1000 -10
1460 72 pedestrian 0 0 -10 1176.8480564949116 436.44418945312503 1474.7810450675888 1077.66748046875 -10 -10 -10 -1000 -1000 -1000 -10
1461 72 pedestrian 0 0 -10 1182.7864108775784 437.61884576111896 1479.7950681039085 1076.7208084439887 -10 -10 -10 -1000 -1000 -1000 -10
1463 72 pedestrian 0 0 -10 1185.255722163925 437.8282134208781 1481.2223190437085 1076.158320990694 -10 -10 -10 -1000 -1000 -1000 -10
1464 72 pedestrian 0 0 -10 1186.136913818014 437.58292086661123 1480.6428763125716 1076.2510555911726 -10 -10 -10 -1000 -1000 -1000 -10
1465 72 pedestrian 0 0 -10 1181.3972155331307 430.84664631966086 1475.6339520296858 1073.2203614553887 -10 -10 -10 -1000 -1000 -1000 -10
1486 75 pedestrian 0 0 -10 885.7839469036679 109.02636566162113 1038.0700692096134 537.6649826049804 -10 -10 -10 -1000 -1000 -1000 -10
1487 75 pedestrian 0 0 -10 885.792356262438 106.02379544187804 1040.1062069314098 540.4139853853502 -10 -10 -10 -1000 -1000 -1000 -10
1492 75 pedestrian 0 0 -10 889.6260202913073 100.75330812844169 1037.6487709245416 518.3153696711963 -10 -10 -10 -1000 -1000 -1000 -10
1493 75 pedestrian 0 0 -10 896.415017876454 114.14345903360959 1020.0606283628093 461.9451663848456 -10 -10 -10 -1000 -1000 -1000 -10
1495 77 pedestrian 0 0 -10 1182.3864461941973 443.01279296875 1469.3935831026774 1081.8287841796873 -10 -10 -10 -1000 -1000 -1000 -10
1496 77 pedestrian 0 0 -10 1176.7331206210013 443.7152425769523 1464.1415912376924 1083.2915306335756 -10 -10 -10 -1000 -1000 -1000 -10
1497 77 pedestrian 0 0 -10 1179.3001382739767 436.1817174617431 1468.8308678550081 1080.874304949711 -10 -10 -10 -1000 -1000 -1000 -10
1515 81 pedestrian 0 0 -10 935.3741439890357 122.84674377441408 1065.551673882058 439.4159698486328 -10 -10 -10 -1000 -1000 -1000 -10
1516 81 pedestrian 0 0 -10 934.3788090769062 123.37974967303012 1064.3250442017759 439.2550835060248 -10 -10 -10 -1000 -1000 -1000 -10
1517 81 pedestrian 0 0 -10 933.7625194933327 122.71789725666179 1064.2631306315739 439.75388216182523 -10 -10 -10 -1000 -1000 -1000 -10
1518 81 pedestrian 0 0 -10 934.1076325914047 124.28395146800005 1063.6013042446534 438.34912071432984 -10 -10 -10 -1000 -1000 -1000 -10
1519 81 pedestrian 0 0 -10 934.8361668308645 125.86403745878863 1063.2286515936328 436.70617508747864 -10 -10 -10 -1000 -1000 -1000 -10
1520 81 pedestrian 0 0 -10 934.895983113383 126.11504416888289 1063.2721449778167 436.33778142431123 -10 -10 -10 -1000 -1000 -1000 -10
1521 81 pedestrian 0 0 -10 935.6933856874962 127.93376652370713 1062.6724553945887 434.3901317027256 -10 -10 -10 -1000 -1000 -1000 -10
1522 81 pedestrian 0 0 -10 933.3532236389018 122.65785922705783 1064.3488549971112 438.1475882865846 -10 -10 -10 -1000 -1000 -1000 -10
1523 81 pedestrian 0 0 -10 928.0403560631877 121.16374498691701 1060.6110185626578 439.6301345146161 -10 -10 -10 -1000 -1000 -1000 -10
1524 81 pedestrian 0 0 -10 926.38982182562 122.07497605437277 1058.8624662726586 439.67088646737534 -10 -10 -10 -1000 -1000 -1000 -10
1525 81 pedestrian 0 0 -10 928.9713787814569 123.93991752113021 1063.930430325291 446.0924815631733 -10 -10 -10 -1000 -1000 -1000 -10
1526 81 pedestrian 0 0 -10 934.3989941812372 127.57928280965857 1070.9135022486898 456.10452012970393 -10 -10 -10 -1000 -1000 -1000 -10
1529 81 pedestrian 0 0 -10 911.406842883508 134.66251267586662 1063.3632181936885 503.1317134410773 -10 -10 -10 -1000 -1000 -1000 -10
1531 81 pedestrian 0 0 -10 900.9810437995911 145.5439436964734 1046.9182603791076 501.6920232697943 -10 -10 -10 -1000 -1000 -1000 -10
1534 81 pedestrian 0 0 -10 881.1086687971995 161.68574564706068 1023.1340012730341 512.3786639256693 -10 -10 -10 -1000 -1000 -1000 -10
1540 81 pedestrian 0 0 -10 828.3577588994958 224.12483864811662 1028.1902872022808 719.047936783166 -10 -10 -10 -1000 -1000 -1000 -10
1541 81 pedestrian 0 0 -10 813.9045306996666 249.07494640416257 996.0268883851481 696.8962371578872 -10 -10 -10 -1000 -1000 -1000 -10
1640 89 pedestrian 0 0 -10 1194.8511525723945 421.9827026367187 1453.9939890291678 1060.673974609375 -10 -10 -10 -1000 -1000 -1000 -10
1641 89 pedestrian 0 0 -10 1196.9345227526587 425.7673958317191 1454.197979810658 1059.3298365333633 -10 -10 -10 -1000 -1000 -1000 -10
1646 89 pedestrian 0 0 -10 1200.3175204245897 459.7887002328794 1424.0923879435552 1012.2201747639631 -10 -10 -10 -1000 -1000 -1000 -10
1647 89 pedestrian 0 0 -10 1204.03436890484 467.35606026372125 1429.268597454312 1025.5119174697693 -10 -10 -10 -1000 -1000 -1000 -10
1651 89 pedestrian 0 0 -10 1188.4868605122797 466.3039268869914 1422.1271896632713 1046.7427368690865 -10 -10 -10 -1000 -1000 -1000 -10
1652 89 pedestrian 0 0 -10 1185.7983157057254 463.17944701881567 1422.52071685923 1051.9067850807824 -10 -10 -10 -1000 -1000 -1000 -10
1994 95 pedestrian 0 0 -10 990.035422052108 134.18598327636718 1079.0862942564859 327.5658813476563 -10 -10 -10 -1000 -1000 -1000 -10
1995 95 pedestrian 0 0 -10 990.2927765184185 134.71412775315207 1078.9929400361182 327.2908277058505 -10 -10 -10 -1000 -1000 -1000 -10
1996 95 pedestrian 0 0 -10 990.0048943956715 134.28409615043245 1079.1537412367086 327.9020897732605 -10 -10 -10 -1000 -1000 -1000 -10
1997 95 pedestrian 0 0 -10 990.4140721705515 135.4089840273175 1078.7316343226355 327.2712080326844 -10 -10 -10 -1000 -1000 -1000 -10
2149 97 pedestrian 0 0 -10 982.6393043631371 129.5008087158203 1086.6906028634255 407.35143127441404 -10 -10 -10 -1000 -1000 -1000 -10
2151 97 pedestrian 0 0 -10 983.0062996710002 129.7647700674307 1085.867776040738 404.04663074233076 -10 -10 -10 -1000 -1000 -1000 -10
2177 98 pedestrian 0 0 -10 1049.6411476527078 278.60364379882816 1312.8353416051045 1005.3155334472656 -10 -10 -10 -1000 -1000 -1000 -10
2178 98 pedestrian 0 0 -10 1030.1616094241585 288.36863811016553 1303.1293328540228 1042.2738410810252 -10 -10 -10 -1000 -1000 -1000 -10
2190 100 pedestrian 0 0 -10 971.4775730274548 225.5882446289063 1229.343752656139 835.8676147460938 -10 -10 -10 -1000 -1000 -1000 -10
2191 100 pedestrian 0 0 -10 983.4920940465706 234.27649514642127 1214.7514092717386 781.0966758229522 -10 -10 -10 -1000 -1000 -1000 -10
2192 100 pedestrian 0 0 -10 976.929437608032 223.42838555912095 1196.7151325689215 742.0476325140003 -10 -10 -10 -1000 -1000 -1000 -10
2193 100 pedestrian 0 0 -10 942.1492243396729 207.9480763488288 1169.760345229086 745.5021684559802 -10 -10 -10 -1000 -1000 -1000 -10
2198 100 pedestrian 0 0 -10 907.9705626137161 164.15276749425993 1142.3412339872207 721.1398030835026 -10 -10 -10 -1000 -1000 -1000 -10
2200 100 pedestrian 0 0 -10 864.5285156797993 155.32895733290889 1148.5025098610035 838.9989632148176 -10 -10 -10 -1000 -1000 -1000 -10
2201 100 pedestrian 0 0 -10 855.2951768883544 146.77470315825974 1150.8309202567377 870.0215148190244 -10 -10 -10 -1000 -1000 -1000 -10
2204 100 pedestrian 0 0 -10 853.3360100384785 140.05851864659354 1149.2049062960775 877.4762197208042 -10 -10 -10 -1000 -1000 -1000 -10
2208 100 pedestrian 0 0 -10 849.04304786845 152.6323116643752 1143.371712722898 902.2085521950971 -10 -10 -10 -1000 -1000 -1000 -10
2398 110 pedestrian 0 0 -10 850.1541266230126 311.27887573242185 1133.7726556035498 972.0412780761718 -10 -10 -10 -1000 -1000 -1000 -10
2399 110 pedestrian 0 0 -10 821.331514808177 278.4305328055658 1128.9976876342153 996.0863603520548 -10 -10 -10 -1000 -1000 -1000 -10
2399 111 pedestrian 0 0 -10 817.1439026110149 275.0853088378907 1143.9279601819535 1005.6161437988281 -10 -10 -10 -1000 -1000 -1000 -10
2403 111 pedestrian 0 0 -10 871.710661351146 189.73654579644082 1071.2852275485739 635.0610732648861 -10 -10 -10 -1000 -1000 -1000 -10
2404 111 pedestrian 0 0 -10 888.642676629868 176.73945427420398 1064.3573295252527 566.8996069810528 -10 -10 -10 -1000 -1000 -1000 -10
2405 111 pedestrian 0 0 -10 891.9690956450572 164.83288712768552 1062.642701097502 541.8573036597238 -10 -10 -10 -1000 -1000 -1000 -10
2406 111 pedestrian 0 0 -10 898.5108629427535 153.94522108505583 1079.1412434780273 555.2810101944194 -10 -10 -10 -1000 -1000 -1000 -10
2407 111 pedestrian 0 0 -10 899.3326494790804 155.9794118456062 1065.194765514224 524.4019239432237 -10 -10 -10 -1000 -1000 -1000 -10
2408 111 pedestrian 0 0 -10 902.7233645206232 161.45343580117674 1066.3025187955957 523.6004898558683 -10 -10 -10 -1000 -1000 -1000 -10
2409 111 pedestrian 0 0 -10 897.8763131560781 162.52447382285038 1062.7390473977316 525.4656052265547 -10 -10 -10 -1000 -1000 -1000 -10
2410 111 pedestrian 0 0 -10 899.1716128960651 159.5033598210346 1068.0410481355748 531.2080604287949 -10 -10 -10 -1000 -1000 -1000 -10
2411 111 pedestrian 0 0 -10 904.8508503573164 158.48125719293944 1074.7452105577618 532.6211099145793 -10 -10 -10 -1000 -1000 -1000 -10
2412 111 pedestrian 0 0 -10 910.0579752780317 150.80961599965443 1083.180504631413 532.8492440116876 -10 -10 -10 -1000 -1000 -1000 -10
2413 111 pedestrian 0 0 -10 907.5337431680942 148.27976577559352 1081.7023494858843 532.9703700765932 -10 -10 -10 -1000 -1000 -1000 -10
2414 111 pedestrian 0 0 -10 902.2936138497369 153.55701614177315 1076.0875080494877 537.0169877476486 -10 -10 -10 -1000 -1000 -1000 -10
2415 111 pedestrian 0 0 -10 905.2132549938622 152.00465127466487 1078.0190688412042 534.4553816519112 -10 -10 -10 -1000 -1000 -1000 -10
2416 111 pedestrian 0 0 -10 906.3547729197301 152.48751390361844 1077.6611537286703 532.7578280989758 -10 -10 -10 -1000 -1000 -1000 -10
2417 111 pedestrian 0 0 -10 903.3533092255982 154.3770836090754 1072.2667678461735 530.1710221755103 -10 -10 -10 -1000 -1000 -1000 -10
2418 111 pedestrian 0 0 -10 902.9059208399331 157.0082601524894 1069.4621504522277 528.8080641311649 -10 -10 -10 -1000 -1000 -1000 -10
2419 111 pedestrian 0 0 -10 902.7150455862077 157.38871180210123 1068.9578409148874 529.4817898641968 -10 -10 -10 -1000 -1000 -1000 -10
2420 111 pedestrian 0 0 -10 905.8106114109627 158.703216237596 1073.6932081015675 535.9505265536775 -10 -10 -10 -1000 -1000 -1000 -10
2421 111 pedestrian 0 0 -10 907.7971633846203 161.24094410331068 1075.0963887559296 537.9284881396582 -10 -10 -10 -1000 -1000 -1000 -10
2422 111 pedestrian 0 0 -10 909.9293984681585 155.70442298853683 1083.0456224273125 544.7020325578751 -10 -10 -10 -1000 -1000 -1000 -10
2423 111 pedestrian 0 0 -10 907.5168714712513 151.8776605339332 1080.5526337690114 540.2905051999594 -10 -10 -10 -1000 -1000 -1000 -10
2424 111 pedestrian 0 0 -10 908.1915115894104 159.5497434324022 1077.0743387798063 537.8907072915064 -10 -10 -10 -1000 -1000 -1000 -10
2425 111 pedestrian 0 0 -10 904.6593465942703 163.7679340898714 1071.1292323760067 537.2290318917151 -10 -10 -10 -1000 -1000 -1000 -10
2427 111 pedestrian 0 0 -10 902.8519101771138 165.24869606600117 1078.4739585251057 559.3173776965034 -10 -10 -10 -1000 -1000 -1000 -10
2428 111 pedestrian 0 0 -10 902.8415993626861 166.1441609216945 1079.7487052165736 562.968136615548 -10 -10 -10 -1000 -1000 -1000 -10
2429 111 pedestrian 0 0 -10 899.6853813910399 164.75724165031124 1075.3816140896374 557.1936568450878 -10 -10 -10 -1000 -1000 -1000 -10
2430 111 pedestrian 0 0 -10 905.5142068925974 165.33520878546 1074.396997589905 543.264889977137 -10 -10 -10 -1000 -1000 -1000 -10
2431 111 pedestrian 0 0 -10 903.2215785087539 161.6126487361342 1069.9729837030936 535.097732005625 -10 -10 -10 -1000 -1000 -1000 -10
2432 111 pedestrian 0 0 -10 899.9942505123745 159.75189986327644 1070.3436547384574 540.6833297587351 -10 -10 -10 -1000 -1000 -1000 -10
2433 111 pedestrian 0 0 -10 893.9816189358407 157.9029443513036 1067.132270262783 543.9254396793674 -10 -10 -10 -1000 -1000 -1000 -10
2434 111 pedestrian 0 0 -10 892.3683375339574 157.34310530238812 1065.5936573254576 544.3575982735478 -10 -10 -10 -1000 -1000 -1000 -10
2435 111 pedestrian 0 0 -10 897.6532025127664 161.05762574097773 1067.2013268700255 541.3688954779476 -10 -10 -10 -1000 -1000 -1000 -10
2436 111 pedestrian 0 0 -10 896.3491616230143 164.36038039744346 1062.5809533296147 537.8410764150939 -10 -10 -10 -1000 -1000 -1000 -10
2437 111 pedestrian 0 0 -10 896.5656127630318 166.31861878805165 1060.5049001493974 535.4244206998176 -10 -10 -10 -1000 -1000 -1000 -10
2438 111 pedestrian 0 0 -10 899.3847438959233 164.3115598747823 1064.8497338572315 537.2202747598471 -10 -10 -10 -1000 -1000 -1000 -10
2439 111 pedestrian 0 0 -10 898.3108963874885 158.7254153876555 1068.8076655098675 543.7721959348185 -10 -10 -10 -1000 -1000 -1000 -10
2440 111 pedestrian 0 0 -10 899.4241626403585 159.43256333107863 1068.504381228226 542.6219623081738 -10 -10 -10 -1000 -1000 -1000 -10
2441 111 pedestrian 0 0 -10 899.2764316804388 157.8146927913613 1069.0513374434943 544.2122219363216 -10 -10 -10 -1000 -1000 -1000 -10
2442 111 pedestrian 0 0 -10 896.5363209347288 156.60149480784392 1064.2242312536123 537.1081245367636 -10 -10 -10 -1000 -1000 -1000 -10
2443 111 pedestrian 0 0 -10 899.3656415660656 159.78841963992767 1066.9709988430143 539.8033966256291 -10 -10 -10 -1000 -1000 -1000 -10
2444 111 pedestrian 0 0 -10 905.0336823076902 160.66528567993404 1072.4959006693134 541.1525865547519 -10 -10 -10 -1000 -1000 -1000 -10
2445 111 pedestrian 0 0 -10 905.040898559907 167.13441040425968 1068.0814745944685 535.3906240946692 -10 -10 -10 -1000 -1000 -1000 -10
2446 111 pedestrian 0 0 -10 908.0043618741556 160.0907403732927 1072.8597156094356 533.458991229244 -10 -10 -10 -1000 -1000 -1000 -10
2447 111 pedestrian 0 0 -10 915.1991283621364 166.26736249811103 1077.276472925964 533.9855066405919 -10 -10 -10 -1000 -1000 -1000 -10
2448 111 pedestrian 0 0 -10 916.3000229970869 158.26283409677143 1081.6377935306098 534.7048685211255 -10 -10 -10 -1000 -1000 -1000 -10
2449 111 pedestrian 0 0 -10 917.7127685578639 163.61333788414657 1081.402216952704 535.5914702223163 -10 -10 -10 -1000 -1000 -1000 -10
2450 111 pedestrian 0 0 -10 912.7877294674641 169.285403462045 1077.3806549139676 541.6144871287287 -10 -10 -10 -1000 -1000 -1000 -10
2451 111 pedestrian 0 0 -10 913.7606745214907 182.85210511310478 1073.0506901511737 542.2401561303946 -10 -10 -10 -1000 -1000 -1000 -10
2452 111 pedestrian 0 0 -10 909.6087348722874 185.06155896831734 1065.3576284916282 535.2031663708487 -10 -10 -10 -1000 -1000 -1000 -10
2453 111 pedestrian 0 0 -10 896.1510098511801 175.30528014039555 1055.9642493797287 533.5372486546182 -10 -10 -10 -1000 -1000 -1000 -10
2474 113 pedestrian 0 0 -10 878.8543813601973 107.27708435058594 1076.3170053585527 575.568978881836 -10 -10 -10 -1000 -1000 -1000 -10
2475 113 pedestrian 0 0 -10 891.4859159047722 127.350999917759 1096.2329277249846 612.7545176655631 -10 -10 -10 -1000 -1000 -1000 -10
2476 113 pedestrian 0 0 -10 891.0500627540457 135.61550216927935 1129.0178671808371 699.9458261794543 -10 -10 -10 -1000 -1000 -1000 -10
2477 113 pedestrian 0 0 -10 890.0588113490917 175.79303354087745 1160.2978347158923 817.2763939237065 -10 -10 -10 -1000 -1000 -1000 -10
2478 113 pedestrian 0 0 -10 875.8818869377037 205.83858715869883 1203.8143932567114 985.6245737585773 -10 -10 -10 -1000 -1000 -1000 -10
2479 113 pedestrian 0 0 -10 869.6036566973768 287.9063073284708 1204.1887561809694 1077.6443098510376 -10 -10 -10 -1000 -1000 -1000 -10
3153 120 pedestrian 0 0 -10 1024.9408153686018 215.73001098632812 1112.5522754517103 447.0395690917969 -10 -10 -10 -1000 -1000 -1000 -10
3159 120 pedestrian 0 0 -10 704.0588063695332 167.7515969271462 790.3491636972163 394.0739389295701 -10 -10 -10 -1000 -1000 -1000 -10
3385 122 pedestrian 0 0 -10 878.9792961034022 90.34346771240234 1006.1756355372225 435.6012130737305 -10 -10 -10 -1000 -1000 -1000 -10
3386 122 pedestrian 0 0 -10 899.5391223389651 91.07184730233936 1027.735274002211 439.54433592969906 -10 -10 -10 -1000 -1000 -1000 -10
3387 122 pedestrian 0 0 -10 911.7899610652478 86.44926103281671 1040.5335796371812 436.90397542897585 -10 -10 -10 -1000 -1000 -1000 -10
3388 122 pedestrian 0 0 -10 915.251068780646 88.24541747127662 1044.6567637983408 440.3641297659526 -10 -10 -10 -1000 -1000 -1000 -10
3389 122 pedestrian 0 0 -10 915.6712918098951 85.25229231670394 1045.414255534021 437.8426908738451 -10 -10 -10 -1000 -1000 -1000 -10
3390 122 pedestrian 0 0 -10 915.2312588173111 87.4216603350782 1045.536445778913 441.0914578022198 -10 -10 -10 -1000 -1000 -1000 -10
3391 122 pedestrian 0 0 -10 914.8395073853112 88.29541693617227 1045.3347792568711 442.0983392803205 -10 -10 -10 -1000 -1000 -1000 -10
3392 122 pedestrian 0 0 -10 914.2579950205904 84.29042592660275 1045.399848219693 439.7071243462715 -10 -10 -10 -1000 -1000 -1000 -10
3393 122 pedestrian 0 0 -10 914.6023994432101 87.64020560945744 1044.9369406789551 441.12943090582735 -10 -10 -10 -1000 -1000 -1000 -10
3394 122 pedestrian 0 0 -10 912.95142747894 88.39668829406224 1046.7639984979796 452.434110434769 -10 -10 -10 -1000 -1000 -1000 -10
3395 122 pedestrian 0 0 -10 911.2761428789265 92.19903148960458 1047.228969875887 464.2169659817253 -10 -10 -10 -1000 -1000 -1000 -10
3396 122 pedestrian 0 0 -10 911.349501969362 98.54339742611441 1047.2861818339295 470.6391185881523 -10 -10 -10 -1000 -1000 -1000 -10
3397 122 pedestrian 0 0 -10 923.9452905336478 102.52732504831775 1061.8615168772947 481.01302418767284 -10 -10 -10 -1000 -1000 -1000 -10
3398 122 pedestrian 0 0 -10 940.6901199123178 111.77618029406744 1083.9695448874238 506.7422598639821 -10 -10 -10 -1000 -1000 -1000 -10
3399 122 pedestrian 0 0 -10 945.7431461694563 114.82056074947187 1092.9595673555987 516.6798245280336 -10 -10 -10 -1000 -1000 -1000 -10
3400 122 pedestrian 0 0 -10 939.5951213267418 121.02015810881466 1095.5049328077728 542.6083671880579 -10 -10 -10 -1000 -1000 -1000 -10
3401 122 pedestrian 0 0 -10 928.7434819903732 130.6356752874633 1094.4078472812744 572.3225349859251 -10 -10 -10 -1000 -1000 -1000 -10
3402 122 pedestrian 0 0 -10 913.4439446094924 134.43405494082893 1087.4548973800247 591.7280426471679 -10 -10 -10 -1000 -1000 -1000 -10
3403 122 pedestrian 0 0 -10 902.7516842102177 136.8331037256459 1088.8634392851372 616.8148452624052 -10 -10 -10 -1000 -1000 -1000 -10
3404 122 pedestrian 0 0 -10 894.1361538471249 145.7912591576492 1094.1678441294162 654.8974656119599 -10 -10 -10 -1000 -1000 -1000 -10
3405 122 pedestrian 0 0 -10 891.9088214094961 153.00690814306824 1103.8415642658583 682.7593796797364 -10 -10 -10 -1000 -1000 -1000 -10
3406 122 pedestrian 0 0 -10 902.4979220364775 155.57431683763662 1122.9739531791367 702.773559155202 -10 -10 -10 -1000 -1000 -1000 -10
3407 122 pedestrian 0 0 -10 903.9215869929968 171.84760107692642 1133.5200414875815 740.3672580296993 -10 -10 -10 -1000 -1000 -1000 -10
3408 122 pedestrian 0 0 -10 909.2306478144335 184.0076336852253 1141.8026520056899 757.9480005775446 -10 -10 -10 -1000 -1000 -1000 -10
3409 122 pedestrian 0 0 -10 934.470613468778 195.31247158532688 1167.191998582755 766.5058530102878 -10 -10 -10 -1000 -1000 -1000 -10
3410 122 pedestrian 0 0 -10 990.560106707309 203.2500745748539 1222.573991793443 764.9971228566714 -10 -10 -10 -1000 -1000 -1000 -10
3411 122 pedestrian 0 0 -10 1040.8065355553088 198.98907799365304 1279.8702790557463 771.0039624174076 -10 -10 -10 -1000 -1000 -1000 -10
3417 125 pedestrian 0 0 -10 1226.2472315143036 350.86875000000003 1553.4069677044465 1074.684765625 -10 -10 -10 -1000 -1000 -1000 -10
3873 132 pedestrian 0 0 -10 1395.1200077392684 502.61242675781256 1654.724694409169 1082.1166748046876 -10 -10 -10 -1000 -1000 -1000 -10
3876 132 pedestrian 0 0 -10 1379.9418126630649 498.6492162435137 1643.1928209967439 1086.0044803671944 -10 -10 -10 -1000 -1000 -1000 -10
3877 132 pedestrian 0 0 -10 1383.3122606277232 498.1820892091639 1647.2848793505418 1086.0878022816962 -10 -10 -10 -1000 -1000 -1000 -10
3878 132 pedestrian 0 0 -10 1383.4338342390993 496.19749817497643 1649.8218937912893 1087.76008489271 -10 -10 -10 -1000 -1000 -1000 -10
3880 132 pedestrian 0 0 -10 1378.3634919107685 497.7208407542536 1644.4769093271998 1086.4945862280924 -10 -10 -10 -1000 -1000 -1000 -10
3881 132 pedestrian 0 0 -10 1372.2272388733995 499.0613011158311 1638.593285617842 1084.8902876064508 -10 -10 -10 -1000 -1000 -1000 -10
4336 137 pedestrian 0 0 -10 836.102314275118 298.2305236816406 1114.1289967600383 871.1867980957031 -10 -10 -10 -1000 -1000 -1000 -10
4337 137 pedestrian 0 0 -10 852.6404711361946 268.42732086768876 1133.9667361027573 849.2379320873468 -10 -10 -10 -1000 -1000 -1000 -10
4338 137 pedestrian 0 0 -10 880.5145180378047 247.8753478476653 1140.8714327393168 786.4097824086268 -10 -10 -10 -1000 -1000 -1000 -10
4339 137 pedestrian 0 0 -10 896.0690935493631 217.04929086002835 1146.7531674589497 737.9879183160373 -10 -10 -10 -1000 -1000 -1000 -10
4340 137 pedestrian 0 0 -10 894.6892078845126 202.61426160463517 1131.8824684397887 698.9550654422236 -10 -10 -10 -1000 -1000 -1000 -10
4341 137 pedestrian 0 0 -10 888.4154355221385 183.0417369072319 1111.322907706428 652.37788954672 -10 -10 -10 -1000 -1000 -1000 -10
4342 137 pedestrian 0 0 -10 880.0068933788762 169.40291131602407 1110.1113257481043 658.1435312213258 -10 -10 -10 -1000 -1000 -1000 -10
4343 137 pedestrian 0 0 -10 903.255488725341 157.66616359361794 1091.9272900964522 560.4021219130939 -10 -10 -10 -1000 -1000 -1000 -10
4344 137 pedestrian 0 0 -10 912.1067484344981 165.85938375311073 1074.6321676267028 515.8674208912611 -10 -10 -10 -1000 -1000 -1000 -10
4345 137 pedestrian 0 0 -10 924.6718318857099 155.95365882294556 1070.5123985659209 474.30603737734106 -10 -10 -10 -1000 -1000 -1000 -10
4346 137 pedestrian 0 0 -10 884.4602375099674 149.92898281434347 1027.5939645026056 467.12119851032196 -10 -10 -10 -1000 -1000 -1000 -10
4347 137 pedestrian 0 0 -10 889.5610494935978 138.9958491197251 1028.4406994234653 445.139954188926 -10 -10 -10 -1000 -1000 -1000 -10
4665 139 pedestrian 0 0 -10 664.5354809214941 140.28833923339843 754.1553882191307 335.32819824218745 -10 -10 -10 -1000 -1000 -1000 -10
4721 140 pedestrian 0 0 -10 832.6312363724328 266.4103149414062 1208.323780717411 1082.318212890625 -10 -10 -10 -1000 -1000 -1000 -10
4722 140 pedestrian 0 0 -10 789.8437509974495 242.41235886066607 1175.0795415190273 1080.1223829302091 -10 -10 -10 -1000 -1000 -1000 -10
4723 140 pedestrian 0 0 -10 763.1017528166697 229.9233852888645 1110.418423812731 985.8601280473845 -10 -10 -10 -1000 -1000 -1000 -10
4724 140 pedestrian 0 0 -10 747.3109423216322 218.17131114850366 1089.1795662158067 964.4452791304241 -10 -10 -10 -1000 -1000 -1000 -10
4725 140 pedestrian 0 0 -10 769.5824611417105 207.37923517366278 1079.0164200715408 882.5985521510298 -10 -10 -10 -1000 -1000 -1000 -10
4726 140 pedestrian 0 0 -10 817.8504393818782 197.5114962312914 1113.1413378446166 844.6312983652597 -10 -10 -10 -1000 -1000 -1000 -10
4727 140 pedestrian 0 0 -10 819.5768693854421 193.47689202958236 1107.2752034659138 825.2206916689179 -10 -10 -10 -1000 -1000 -1000 -10
4728 140 pedestrian 0 0 -10 757.2339527456456 172.1639071616575 1066.5840794879043 851.680875024028 -10 -10 -10 -1000 -1000 -1000 -10
4731 140 pedestrian 0 0 -10 703.7106232253932 163.76575413840715 1027.3307729426974 875.7531191090909 -10 -10 -10 -1000 -1000 -1000 -10
4733 140 pedestrian 0 0 -10 750.4272004791711 150.76061546522834 1079.2377533784195 884.3020369308317 -10 -10 -10 -1000 -1000 -1000 -10
4737 140 pedestrian 0 0 -10 782.8561860847341 145.16077681484853 1078.6680537998968 815.128389760486 -10 -10 -10 -1000 -1000 -1000 -10
4738 140 pedestrian 0 0 -10 790.879429802362 144.29058679983655 1076.2728642818302 800.2017152967297 -10 -10 -10 -1000 -1000 -1000 -10
4739 140 pedestrian 0 0 -10 783.2415600537068 139.78060842035 1066.4996626256543 799.9169748117658 -10 -10 -10 -1000 -1000 -1000 -10
4742 140 pedestrian 0 0 -10 737.1283168477073 149.40256941077809 1031.2887381324742 836.5380072402918 -10 -10 -10 -1000 -1000 -1000 -10
4743 140 pedestrian 0 0 -10 753.6977500915964 155.92079054462175 1031.9238830172594 810.1814569288863 -10 -10 -10 -1000 -1000 -1000 -10
4744 140 pedestrian 0 0 -10 749.8293280860008 160.04676606689196 1061.6204650763357 904.8126859365136 -10 -10 -10 -1000 -1000 -1000 -10
4745 140 pedestrian 0 0 -10 751.6891001128104 161.69067669152213 1068.3235697746536 928.152210275382 -10 -10 -10 -1000 -1000 -1000 -10
4747 140 pedestrian 0 0 -10 767.9451257765302 152.79242760295296 1067.1250125978254 884.036632227665 -10 -10 -10 -1000 -1000 -1000 -10
4748 140 pedestrian 0 0 -10 753.5665982500464 154.96497184137263 1066.2644727466918 926.5716613042808 -10 -10 -10 -1000 -1000 -1000 -10
4749 140 pedestrian 0 0 -10 755.8424204389739 150.4198520514811 1068.023099239539 927.6857817550422 -10 -10 -10 -1000 -1000 -1000 -10
4751 140 pedestrian 0 0 -10 821.0516722234762 147.20493748890118 1092.3910978570893 830.3203130563368 -10 -10 -10 -1000 -1000 -1000 -10
4754 140 pedestrian 0 0 -10 899.8874097271389 125.5293182389538 1114.5031128458345 674.5997839431574 -10 -10 -10 -1000 -1000 -1000 -10
4755 140 pedestrian 0 0 -10 912.1837987348812 123.40075896632936 1104.9005479976413 619.833806709321 -10 -10 -10 -1000 -1000 -1000 -10
4757 140 pedestrian 0 0 -10 897.796316708617 112.09050439821169 1096.582969487821 623.6887987303701 -10 -10 -10 -1000 -1000 -1000 -10
4758 140 pedestrian 0 0 -10 898.4208892430171 111.15009823272877 1091.3308877469872 606.0519358704805 -10 -10 -10 -1000 -1000 -1000 -10
4759 140 pedestrian 0 0 -10 903.1212364948409 109.36805222914705 1094.189042992322 601.7151348654711 -10 -10 -10 -1000 -1000 -1000 -10
4760 140 pedestrian 0 0 -10 896.9183365892076 104.64260003285429 1073.9407007054776 556.8446811106229 -10 -10 -10 -1000 -1000 -1000 -10
