69 1 pedestrian 0 0 -10 824.6168209234706 313.0250305175781 1304.5504520257482 1076.1217102050782 -10 -10 -10 -1000 -1000 -1000 -10
70 1 pedestrian 0 0 -10 810.6946396543603 251.28765356493346 1316.385925005064 1060.8524382149128 -10 -10 -10 -1000 -1000 -1000 -10
72 2 pedestrian 0 0 -10 947.1852561882456 170.74428710937497 1210.3627906867546 755.1596557617188 -10 -10 -10 -1000 -1000 -1000 -10
73 2 pedestrian 0 0 -10 931.8728893467508 150.28517187641825 1179.6848859427298 702.0742150839978 -10 -10 -10 -1000 -1000 -1000 -10
74 2 pedestrian 0 0 -10 923.4591434648994 120.9078511936491 1150.3988642180223 627.7115628828014 -10 -10 -10 -1000 -1000 -1000 -10
75 2 pedestrian 0 0 -10 912.966678229327 108.46985601812901 1117.9960351240622 568.673152864209 -10 -10 -10 -1000 -1000 -1000 -10
76 2 pedestrian 0 0 -10 899.053062022408 95.61879168288306 1088.0247240001866 521.0037119616737 -10 -10 -10 -1000 -1000 -1000 -10
139 3 pedestrian 0 0 -10 851.5655771416499 86.86201324462894 964.637096198194 432.0934341430664 -10 -10 -10 -1000 -1000 -1000 -10
584 5 pedestrian 0 0 -10 428.8506425111493 187.6543029785156 517.4103804380694 368.1617126464844 -10 -10 -10 -1000 -1000 -1000 -10
626 9 pedestrian 0 0 -10 862.6135665731441 87.59831085205076 990.889411942481 417.1501235961914 -10 -10 -10 -1000 -1000 -1000 -10
628 9 pedestrian 0 0 -10 861.7249280427814 89.1927693104156 993.4646355878679 428.2965271269 -10 -10 -10 -1000 -1000 -1000 -10
630 9 pedestrian 0 0 -10 854.0384689831629 84.50166788229936 989.6456880439983 433.47689389436187 -10 -10 -10 -1000 -1000 -1000 -10
634 9 pedestrian 0 0 -10 859.987429718508 88.23003338657671 981.6233018306222 403.27539753510905 -10 -10 -10 -1000 -1000 -1000 -10
657 12 pedestrian 0 0 -10 871.7893819210278 84.22269439697266 1001.3448954227222 405.0379470825195 -10 -10 -10 -1000 -1000 -1000 -10
658 12 pedestrian 0 0 -10 866.4381352832578 86.44970631147584 994.0969630298861 402.7266167132802 -10 -10 -10 -1000 -1000 -1000 -10
660 12 pedestrian 0 0 -10 865.8694513516768 90.8117444898509 990.264957608588 399.5065472568966 -10 -10 -10 -1000 -1000 -1000 -10
661 12 pedestrian 0 0 -10 866.1464307490849 91.68109921270289 989.472698571046 398.3650889345852 -10 -10 -10 -1000 -1000 -1000 -10
667 12 pedestrian 0 0 -10 859.8317009929882 92.84918732204207 982.1636005639874 397.99174790011784 -10 -10 -10 -1000 -1000 -1000 -10
670 13 pedestrian 0 0 -10 867.6718446969003 91.84931488037108 985.7625180960686 398.20425872802736 -10 -10 -10 -1000 -1000 -1000 -10
671 13 pedestrian 0 0 -10 867.7175410808503 89.0066910844682 987.844320545921 400.5546462725572 -10 -10 -10 -1000 -1000 -1000 -10
672 13 pedestrian 0 0 -10 863.1071900730562 89.96352180284586 982.4563084042506 399.6434454909062 -10 -10 -10 -1000 -1000 -1000 -10
673 13 pedestrian 0 0 -10 861.7591864213354 90.7875652871781 980.3834327305968 398.8075500606555 -10 -10 -10 -1000 -1000 -1000 -10
674 13 pedestrian 0 0 -10 865.2062570240923 87.90661846127949 986.3175022904826 401.98487022718115 -10 -10 -10 -1000 -1000 -1000 -10
685 15 pedestrian 0 0 -10 860.8894349124445 87.42853088378905 981.0549132320868 414.1112091064453 -10 -10 -10 -1000 -1000 -1000 -10
686 15 pedestrian 0 0 -10 862.7298988383471 88.39105824610814 979.1101171374788 404.8390590300618 -10 -10 -10 -1000 -1000 -1000 -10
687 15 pedestrian 0 0 -10 863.111224656129 87.89244358046011 978.7128160300792 402.22638137802346 -10 -10 -10 -1000 -1000 -1000 -10
688 15 pedestrian 0 0 -10 863.2015084033825 88.1486515603959 978.5561717601628 401.1413585192265 -10 -10 -10 -1000 -1000 -1000 -10
689 15 pedestrian 0 0 -10 863.2294630943621 89.02153655138423 978.3017914701757 400.36967127002856 -10 -10 -10 -1000 -1000 -1000 -10
691 15 pedestrian 0 0 -10 858.3888050087711 90.96045641887608 972.0328758601737 397.70907086657553 -10 -10 -10 -1000 -1000 -1000 -10
699 16 pedestrian 0 0 -10 860.315691664169 86.69577026367188 981.9499455428623 403.7162658691406 -10 -10 -10 -1000 -1000 -1000 -10
700 16 pedestrian 0 0 -10 858.4289088187509 81.67225955449337 983.8941625079884 408.563879912713 -10 -10 -10 -1000 -1000 -1000 -10
701 16 pedestrian 0 0 -10 858.4501864193007 81.64144881938947 983.9597009753636 408.9428099897714 -10 -10 -10 -1000 -1000 -1000 -10
702 16 pedestrian 0 0 -10 858.941887730801 82.80144591388299 983.1493914307456 406.9316104755899 -10 -10 -10 -1000 -1000 -1000 -10
705 16 pedestrian 0 0 -10 858.2984480501218 81.83361105183741 983.2663310136808 408.378416434263 -10 -10 -10 -1000 -1000 -1000 -10
706 16 pedestrian 0 0 -10 854.7026326369919 84.54492429770772 977.2987478788363 405.0003704341875 -10 -10 -10 -1000 -1000 -1000 -10
707 16 pedestrian 0 0 -10 853.0175878828893 85.23262136201626 975.5013990661673 404.805394276687 -10 -10 -10 -1000 -1000 -1000 -10
711 16 pedestrian 0 0 -10 855.0658567246052 87.14149892042425 971.6145001864066 391.63290244917846 -10 -10 -10 -1000 -1000 -1000 -10
712 16 pedestrian 0 0 -10 854.3440852734292 84.61622866343646 972.3007590087221 392.63226802264825 -10 -10 -10 -1000 -1000 -1000 -10
713 16 pedestrian 0 0 -10 851.9447589248094 86.20799761988647 975.160120245659 408.67874325257833 -10 -10 -10 -1000 -1000 -1000 -10
715 16 pedestrian 0 0 -10 852.852649151195 86.67317769969716 974.2556481536857 405.09097192090474 -10 -10 -10 -1000 -1000 -1000 -10
719 16 pedestrian 0 0 -10 852.9794151646454 86.28475656987945 974.1617563918152 404.05846686815954 -10 -10 -10 -1000 -1000 -1000 -10
720 16 pedestrian 0 0 -10 853.1263912672971 86.47469694947222 974.3474005872062 403.61725775163853 -10 -10 -10 -1000 -1000 -1000 -10
721 16 pedestrian 0 0 -10 853.1802243008699 86.32307399160183 974.4300502873098 403.4770352680257 -10 -10 -10 -1000 -1000 -1000 -10
722 16 pedestrian 0 0 -10 852.5017769065543 84.15798899366538 975.267682320509 405.48834530501995 -10 -10 -10 -1000 -1000 -1000 -10
725 16 pedestrian 0 0 -10 853.2335438541055 86.01478665837263 974.3905485482169 404.5159640305153 -10 -10 -10 -1000 -1000 -1000 -10
727 16 pedestrian 0 0 -10 852.8797110457689 84.72752244168973 974.8045576819841 405.3634224339546 -10 -10 -10 -1000 -1000 -1000 -10
728 16 pedestrian 0 0 -10 853.152721224128 85.63296033875585 974.4556650260848 404.5195963633099 -10 -10 -10 -1000 -1000 -1000 -10
731 16 pedestrian 0 0 -10 859.1740155091788 85.92211043814174 979.9806152117985 404.4417993397534 -10 -10 -10 -1000 -1000 -1000 -10
732 16 pedestrian 0 0 -10 865.0887733570531 86.65232246720856 985.8222452034322 403.8859864969893 -10 -10 -10 -1000 -1000 -1000 -10
733 16 pedestrian 0 0 -10 867.9343479407416 88.8527446945069 986.9350007992275 401.4893125460672 -10 -10 -10 -1000 -1000 -1000 -10
734 16 pedestrian 0 0 -10 864.2222907492636 89.15624301911632 982.9845354306577 401.22458660581776 -10 -10 -10 -1000 -1000 -1000 -10
736 16 pedestrian 0 0 -10 868.0243259693923 89.73895738828159 986.7775545455435 400.9995088554956 -10 -10 -10 -1000 -1000 -1000 -10
737 16 pedestrian 0 0 -10 868.3625827008852 88.07300919321526 988.2741048214423 402.2569305479593 -10 -10 -10 -1000 -1000 -1000 -10
738 16 pedestrian 0 0 -10 868.4003180185947 87.51880499712942 988.5022143589995 402.8533023530157 -10 -10 -10 -1000 -1000 -1000 -10
740 16 pedestrian 0 0 -10 867.5211161298982 85.6034450224476 989.3352327738979 404.7834842473021 -10 -10 -10 -1000 -1000 -1000 -10
743 16 pedestrian 0 0 -10 860.9242764033642 84.34096970704479 984.0745165460422 406.45699353338017 -10 -10 -10 -1000 -1000 -1000 -10
744 16 pedestrian 0 0 -10 864.852578158783 85.25986720329814 987.3902421429952 405.6293609451343 -10 -10 -10 -1000 -1000 -1000 -10
745 16 pedestrian 0 0 -10 865.1581732137845 82.77267303390485 989.5765436605582 407.9795501893319 -10 -10 -10 -1000 -1000 -1000 -10
1510 18 pedestrian 0 0 -10 868.2181344466162 89.71221160888672 990.6897024674464 429.91024627685545 -10 -10 -10 -1000 -1000 -1000 -10
1511 18 pedestrian 0 0 -10 867.1864234786466 89.01221001202504 990.2303205426725 430.706480244946 -10 -10 -10 -1000 -1000 -1000 -10
1512 18 pedestrian 0 0 -10 866.8170358943169 89.87029309958055 989.4353308800239 430.3674124396258 -10 -10 -10 -1000 -1000 -1000 -10
1513 18 pedestrian 0 0 -10 866.5188372810062 89.33547646296307 989.2404204640764 430.50194822215707 -10 -10 -10 -1000 -1000 -1000 -10
1514 18 pedestrian 0 0 -10 865.9221788832649 92.1164395519146 989.4826524407858 436.0695916329861 -10 -10 -10 -1000 -1000 -1000 -10
1515 18 pedestrian 0 0 -10 866.2553246952823 94.1779745818842 989.1998413300445 436.5837106087205 -10 -10 -10 -1000 -1000 -1000 -10
1516 18 pedestrian 0 0 -10 866.4005057875927 90.66806575794033 989.5333790269162 433.11983897974926 -10 -10 -10 -1000 -1000 -1000 -10
1517 18 pedestrian 0 0 -10 866.3928502168303 89.15674729213589 990.0130335793988 432.37305268010795 -10 -10 -10 -1000 -1000 -1000 -10
1518 18 pedestrian 0 0 -10 866.0473919829504 88.07969982005102 990.2036474091099 432.4972124844694 -10 -10 -10 -1000 -1000 -1000 -10
1519 18 pedestrian 0 0 -10 865.8878783064072 87.44096845421032 990.5368976895502 432.73571743582727 -10 -10 -10 -1000 -1000 -1000 -10
1520 18 pedestrian 0 0 -10 865.9083986676584 87.37780713449703 990.9321016402072 432.72880963769126 -10 -10 -10 -1000 -1000 -1000 -10
1521 18 pedestrian 0 0 -10 866.0803849458484 87.6176860550396 990.8788240115088 432.0633208226876 -10 -10 -10 -1000 -1000 -1000 -10
1522 18 pedestrian 0 0 -10 866.056538549115 88.36706092339239 990.5306666679173 431.6327839512628 -10 -10 -10 -1000 -1000 -1000 -10
1523 18 pedestrian 0 0 -10 866.1974853338559 88.53224775947442 990.7756842373029 431.27429450657974 -10 -10 -10 -1000 -1000 -1000 -10
1524 18 pedestrian 0 0 -10 866.1457189420205 88.58777992908523 990.9771584025548 430.9166649369694 -10 -10 -10 -1000 -1000 -1000 -10
1525 18 pedestrian 0 0 -10 865.7759390824272 87.64997862122812 991.3543700192456 431.4645526206866 -10 -10 -10 -1000 -1000 -1000 -10
1526 18 pedestrian 0 0 -10 865.6975616216532 87.94054613035121 990.9350218754103 430.9114116705405 -10 -10 -10 -1000 -1000 -1000 -10
1527 18 pedestrian 0 0 -10 865.7403563028773 88.1331135124849 990.9139576881025 430.9927079667053 -10 -10 -10 -1000 -1000 -1000 -10
1528 18 pedestrian 0 0 -10 865.5141839923302 87.43451988051211 991.2139629213177 431.54985002016224 -10 -10 -10 -1000 -1000 -1000 -10
1529 18 pedestrian 0 0 -10 865.5701337810146 88.0895422982478 990.84786036073 431.2065980084699 -10 -10 -10 -1000 -1000 -1000 -10
1530 18 pedestrian 0 0 -10 865.4755140221041 88.1465640481965 990.829535987581 431.3991232152291 -10 -10 -10 -1000 -1000 -1000 -10
1531 18 pedestrian 0 0 -10 865.4627972473974 88.12476237805205 990.959613741576 431.67413689246575 -10 -10 -10 -1000 -1000 -1000 -10
1532 18 pedestrian 0 0 -10 865.5333920957254 87.86131756995886 991.383599263699 432.18007381843086 -10 -10 -10 -1000 -1000 -1000 -10
1533 18 pedestrian 0 0 -10 865.6721629584364 88.10072138693016 991.5516230842246 432.33729075515026 -10 -10 -10 -1000 -1000 -1000 -10
1534 18 pedestrian 0 0 -10 865.9534877017336 88.83147636371629 991.0265941857014 431.33532040255454 -10 -10 -10 -1000 -1000 -1000 -10
1535 18 pedestrian 0 0 -10 866.1479821200129 89.5058550551527 990.6751878049251 430.5105412611292 -10 -10 -10 -1000 -1000 -1000 -10
1536 18 pedestrian 0 0 -10 866.2977398996318 90.80964957526317 989.8724228065421 429.19092343661384 -10 -10 -10 -1000 -1000 -1000 -10
1537 18 pedestrian 0 0 -10 865.9213166799304 93.78331905355569 989.9318343379748 433.80637798475664 -10 -10 -10 -1000 -1000 -1000 -10
1540 18 pedestrian 0 0 -10 872.9103527798685 96.9337261877539 995.6957352725262 435.0915301754409 -10 -10 -10 -1000 -1000 -1000 -10
1541 18 pedestrian 0 0 -10 879.0307481540506 98.24620679746985 1000.9127469928742 434.9347048949936 -10 -10 -10 -1000 -1000 -1000 -10
1542 18 pedestrian 0 0 -10 885.3617119452938 97.93534343175145 1007.2194164683837 435.2753779763276 -10 -10 -10 -1000 -1000 -1000 -10
1543 18 pedestrian 0 0 -10 887.990594755092 97.91365482826961 1009.6441643460605 435.40627137653917 -10 -10 -10 -1000 -1000 -1000 -10
1548 18 pedestrian 0 0 -10 875.818575286697 94.73002617579033 999.4998624918347 436.98104487944994 -10 -10 -10 -1000 -1000 -1000 -10
1549 18 pedestrian 0 0 -10 874.381472036428 91.45954202991285 996.9801735647526 432.1211254476018 -10 -10 -10 -1000 -1000 -1000 -10
1550 18 pedestrian 0 0 -10 869.7656050604472 91.0444028842688 991.6699050227207 430.15698679422167 -10 -10 -10 -1000 -1000 -1000 -10
1551 18 pedestrian 0 0 -10 868.4456523366266 91.2474866383723 989.5609859364415 427.95932949347 -10 -10 -10 -1000 -1000 -1000 -10
1557 18 pedestrian 0 0 -10 875.5384282111571 94.76961822871402 1007.3282772522923 462.1671492489607 -10 -10 -10 -1000 -1000 -1000 -10
1558 18 pedestrian 0 0 -10 885.351662048077 98.59252428758879 1018.3490096894851 472.2050575157809 -10 -10 -10 -1000 -1000 -1000 -10
1561 19 pedestrian 0 0 -10 923.4730550403189 131.39656066894528 1079.7515665417122 528.0930450439453 -10 -10 -10 -1000 -1000 -1000 -10
1562 19 pedestrian 0 0 -10 922.2996540323546 143.2001214559932 1098.7427629020385 591.8298802876782 -10 -10 -10 -1000 -1000 -1000 -10
1564 19 pedestrian 0 0 -10 925.913604392896 215.8764225379757 1138.4078713252366 756.297875903624 -10 -10 -10 -1000 -1000 -1000 -10
1567 20 pedestrian 0 0 -10 845.116767609539 411.069970703125 1155.7737353201487 1085.5306640625 -10 -10 -10 -1000 -1000 -1000 -10
2403 22 pedestrian 0 0 -10 856.47699616097 132.76404418945313 963.2912655577799 463.27787475585944 -10 -10 -10 -1000 -1000 -1000 -10
2404 22 pedestrian 0 0 -10 884.8738302240959 134.51827303477404 1003.238741788791 498.3096639938664 -10 -10 -10 -1000 -1000 -1000 -10
2405 22 pedestrian 0 0 -10 898.6835880546954 140.7980214531238 1014.892161506946 496.19413270930164 -10 -10 -10 -1000 -1000 -1000 -10
2406 22 pedestrian 0 0 -10 939.87028691755 182.2475570143316 1042.5100422772791 496.30753060195445 -10 -10 -10 -1000 -1000 -1000 -10
2406 23 pedestrian 0 0 -10 975.8370190083342 174.85880432128909 1116.2158618510407 553.7881866455078 -10 -10 -10 -1000 -1000 -1000 -10
2408 22 pedestrian 0 0 -10 961.3357875611863 230.8737462766369 1057.5666766700817 522.8187689678113 -10 -10 -10 -1000 -1000 -1000 -10
2409 23 pedestrian 0 0 -10 1036.5376039890439 212.6008262177004 1234.3624653263018 745.5767108481157 -10 -10 -10 -1000 -1000 -1000 -10
2410 23 pedestrian 0 0 -10 1049.0965497584948 226.69715210492518 1254.9803467051013 780.3772626617716 -10 -10 -10 -1000 -1000 -1000 -10
2411 23 pedestrian 0 0 -10 1070.2068237947678 245.29760709145006 1272.0829818403497 787.8043037785528 -10 -10 -10 -1000 -1000 -1000 -10
2417 23 pedestrian 0 0 -10 1205.8272824101466 382.1893384510224 1455.6446938986371 1054.3951324807272 -10 -10 -10 -1000 -1000 -1000 -10
2418 23 pedestrian 0 0 -10 1211.8909415921883 417.7369323078792 1460.4991009207138 1081.104929447703 -10 -10 -10 -1000 -1000 -1000 -10
2419 23 pedestrian 0 0 -10 1215.893412118374 447.30099232022957 1458.9578208347182 1091.2216544125092 -10 -10 -10 -1000 -1000 -1000 -10
2420 23 pedestrian 0 0 -10 1217.825886640814 447.5717483505223 1465.411979187866 1094.5448294526045 -10 -10 -10 -1000 -1000 -1000 -10
2421 23 pedestrian 0 0 -10 1217.058487886735 445.81315962470603 1468.237818503945 1096.1674371773931 -10 -10 -10 -1000 -1000 -1000 -10
2917 34 pedestrian 0 0 -10 1360.1532177495706 490.9738403320313 1615.812578148867 1079.0905273437502 -10 -10 -10 -1000 -1000 -1000 -10
3397 38 pedestrian 0 0 -10 465.70689050089857 199.9969451904297 592.1472476826951 478.5363372802735 -10 -10 -10 -1000 -1000 -1000 -10
3418 40 pedestrian 0 0 -10 902.4619355948679 127.98847656249998 1007.7016996590384 433.3183227539063 -10 -10 -10 -1000 -1000 -1000 -10
3419 40 pedestrian 0 0 -10 903.4536101625429 126.50319198834191 1010.2004549730862 436.2042534659123 -10 -10 -10 -1000 -1000 -1000 -10
3420 40 pedestrian 0 0 -10 904.3919552644198 128.0979383446386 1010.1557112039351 434.79839814858974 -10 -10 -10 -1000 -1000 -1000 -10
3421 40 pedestrian 0 0 -10 908.4331219201307 131.30267129120395 1015.1238307117214 439.5616087417113 -10 -10 -10 -1000 -1000 -1000 -10
3422 40 pedestrian 0 0 -10 903.7714772360122 130.68423882485658 1013.1041334306316 445.6714834775669 -10 -10 -10 -1000 -1000 -1000 -10
3423 40 pedestrian 0 0 -10 902.0374909932763 135.99792172239037 1011.9013660609486 450.5675801747635 -10 -10 -10 -1000 -1000 -1000 -10
3424 40 pedestrian 0 0 -10 891.0100330099397 140.19784644863796 1013.4939579546467 488.9419073586305 -10 -10 -10 -1000 -1000 -1000 -10
3425 40 pedestrian 0 0 -10 897.6256228959377 144.70420623415458 1029.8311484998226 518.7475876420324 -10 -10 -10 -1000 -1000 -1000 -10
3426 40 pedestrian 0 0 -10 918.5276507034063 146.37354829370648 1055.2536708428906 529.2015474337799 -10 -10 -10 -1000 -1000 -1000 -10
3427 40 pedestrian 0 0 -10 922.9175907353845 156.94805438324485 1069.2805753747245 561.038638468252 -10 -10 -10 -1000 -1000 -1000 -10
3428 40 pedestrian 0 0 -10 928.8425860360812 175.5687982887586 1079.2492930573962 584.7579109985232 -10 -10 -10 -1000 -1000 -1000 -10
3430 41 pedestrian 0 0 -10 881.642825569588 205.98511962890632 1116.7803799968183 824.1001831054688 -10 -10 -10 -1000 -1000 -1000 -10
3431 41 pedestrian 0 0 -10 900.9529923638958 226.67507596227233 1128.8061402834442 824.8463789604123 -10 -10 -10 -1000 -1000 -1000 -10
3433 41 pedestrian 0 0 -10 847.4567565622978 312.3961359640323 1131.3567908754799 1053.1066957360715 -10 -10 -10 -1000 -1000 -1000 -10
3434 41 pedestrian 0 0 -10 843.8289686145426 369.5851866598741 1125.9653883026288 1097.6860734287836 -10 -10 -10 -1000 -1000 -1000 -10
3435 41 pedestrian 0 0 -10 856.1909032876406 443.05597700174616 1120.386647608208 1106.149879441371 -10 -10 -10 -1000 -1000 -1000 -10
3436 41 pedestrian 0 0 -10 873.9019043527055 554.9377311081946 1105.8723389455317 1106.311359347897 -10 -10 -10 -1000 -1000 -1000 -10
4109 46 pedestrian 0 0 -10 900.9145616259219 83.35374908447264 1037.9969862256407 420.7968276977539 -10 -10 -10 -1000 -1000 -1000 -10
4110 46 pedestrian 0 0 -10 901.7794507928132 82.83167791430225 1039.5275529759563 421.71096359912684 -10 -10 -10 -1000 -1000 -1000 -10
4111 46 pedestrian 0 0 -10 901.5393410007748 81.49974850902271 1040.3385835582155 422.97162696443246 -10 -10 -10 -1000 -1000 -1000 -10
4112 46 pedestrian 0 0 -10 901.2365699568353 80.59046762778442 1040.5615546987312 423.3827381790803 -10 -10 -10 -1000 -1000 -1000 -10
4113 46 pedestrian 0 0 -10 900.9152003077033 79.10074341788501 1040.9138538269146 423.9750627896658 -10 -10 -10 -1000 -1000 -1000 -10
4114 46 pedestrian 0 0 -10 901.2886244062514 79.81607984205544 1040.6865888340067 423.29610450682367 -10 -10 -10 -1000 -1000 -1000 -10
4115 46 pedestrian 0 0 -10 901.7650217035056 80.86721795552961 1040.0137060322925 422.2416302232129 -10 -10 -10 -1000 -1000 -1000 -10
4116 46 pedestrian 0 0 -10 901.4400182577391 80.50677223327946 1039.9329866891496 422.8372544249893 -10 -10 -10 -1000 -1000 -1000 -10
4117 46 pedestrian 0 0 -10 900.8821314173019 79.37488469345965 1040.331718531293 423.8443499032937 -10 -10 -10 -1000 -1000 -1000 -10
4118 46 pedestrian 0 0 -10 900.8131910106181 78.94991510218196 1040.4291991727498 423.83346632752523 -10 -10 -10 -1000 -1000 -1000 -10
4119 46 pedestrian 0 0 -10 900.9470600809653 79.45623375510854 1040.2420734825334 423.3780965056094 -10 -10 -10 -1000 -1000 -1000 -10
4120 46 pedestrian 0 0 -10 901.2620062906552 80.35543199277572 1039.7215303216026 422.63437225140376 -10 -10 -10 -1000 -1000 -1000 -10
4121 46 pedestrian 0 0 -10 901.1125473304234 79.64092283967031 1039.979106768793 423.0605781624972 -10 -10 -10 -1000 -1000 -1000 -10
4122 46 pedestrian 0 0 -10 901.3713025653276 80.04877715557026 1039.9273497073339 422.74293016834747 -10 -10 -10 -1000 -1000 -1000 -10
4123 46 pedestrian 0 0 -10 901.5594338518092 80.00553220518404 1040.01296325033 422.71134761344445 -10 -10 -10 -1000 -1000 -1000 -10
4124 46 pedestrian 0 0 -10 901.3176022411133 79.36015356898139 1040.203179482782 423.0005409734574 -10 -10 -10 -1000 -1000 -1000 -10
4125 46 pedestrian 0 0 -10 901.2403741212737 79.12410498759985 1040.3986751691077 423.0048030815025 -10 -10 -10 -1000 -1000 -1000 -10
4126 46 pedestrian 0 0 -10 901.0249957311821 78.5529194634496 1040.7420974089773 423.5894625168383 -10 -10 -10 -1000 -1000 -1000 -10
4127 46 pedestrian 0 0 -10 900.968386088634 78.61489056430005 1040.6768661420733 423.95494256278596 -10 -10 -10 -1000 -1000 -1000 -10
4128 46 pedestrian 0 0 -10 900.9954346982653 78.98778393089319 1040.4413610980635 423.9769564429314 -10 -10 -10 -1000 -1000 -1000 -10
4129 46 pedestrian 0 0 -10 900.8680275828369 78.23783978307594 1040.6181191986893 424.3048916055726 -10 -10 -10 -1000 -1000 -1000 -10
4130 46 pedestrian 0 0 -10 901.154279259028 78.87894234602439 1040.3213636019557 423.74351286182844 -10 -10 -10 -1000 -1000 -1000 -10
4131 46 pedestrian 0 0 -10 901.6889577144104 79.71702870530234 1040.0360902869425 422.9867048427001 -10 -10 -10 -1000 -1000 -1000 -10
4132 46 pedestrian 0 0 -10 901.8575026367914 80.3047493285953 1039.482889200001 422.4718266333133 -10 -10 -10 -1000 -1000 -1000 -10
4133 46 pedestrian 0 0 -10 901.6026876684109 80.01029666451686 1039.464269241252 422.91328048927676 -10 -10 -10 -1000 -1000 -1000 -10
4134 46 pedestrian 0 0 -10 901.8308216684577 80.1000839658721 1039.347814109345 422.62010115546326 -10 -10 -10 -1000 -1000 -1000 -10
4135 46 pedestrian 0 0 -10 901.763869573961 79.64359772122432 1039.4851962015164 422.96654779372386 -10 -10 -10 -1000 -1000 -1000 -10
4136 46 pedestrian 0 0 -10 901.7225994466884 79.93128954502342 1039.1451788355716 422.76166214574846 -10 -10 -10 -1000 -1000 -1000 -10
4137 46 pedestrian 0 0 -10 901.8773140934569 79.5550198399975 1039.1851962335536 422.74549858187186 -10 -10 -10 -1000 -1000 -1000 -10
4138 46 pedestrian 0 0 -10 902.2052835738687 80.20752407972302 1039.3138975118386 422.74032281354937 -10 -10 -10 -1000 -1000 -1000 -10
4139 46 pedestrian 0 0 -10 902.5912526809153 80.71034443780329 1039.3618854229549 422.2896345474012 -10 -10 -10 -1000 -1000 -1000 -10
4140 46 pedestrian 0 0 -10 902.5897287717185 81.25651372139973 1038.867174756595 422.39819700216015 -10 -10 -10 -1000 -1000 -1000 -10
4141 46 pedestrian 0 0 -10 903.2489829072766 83.02013849330419 1038.610182075463 421.0050590847777 -10 -10 -10 -1000 -1000 -1000 -10
4142 46 pedestrian 0 0 -10 902.7769413150951 82.71673573763141 1038.6946122130028 421.14458123131294 -10 -10 -10 -1000 -1000 -1000 -10
4143 46 pedestrian 0 0 -10 902.378246110042 82.79170250421757 1038.5825007756087 421.01665852203143 -10 -10 -10 -1000 -1000 -1000 -10
4144 46 pedestrian 0 0 -10 902.6504593765395 83.54066793196907 1038.7229955137882 419.96945283198454 -10 -10 -10 -1000 -1000 -1000 -10
4145 46 pedestrian 0 0 -10 906.619283701557 83.04746214119439 1043.6999767031248 421.1625566501363 -10 -10 -10 -1000 -1000 -1000 -10
4146 46 pedestrian 0 0 -10 904.1322533722118 83.37322256580995 1040.8906431470768 421.1573173013185 -10 -10 -10 -1000 -1000 -1000 -10
4149 46 pedestrian 0 0 -10 873.393386859542 90.91812038078291 1020.0266957764117 460.0899539834316 -10 -10 -10 -1000 -1000 -1000 -10
4150 46 pedestrian 0 0 -10 869.3471324056608 100.78783925114297 1016.5089761934415 476.0479382832041 -10 -10 -10 -1000 -1000 -1000 -10
4151 46 pedestrian 0 0 -10 873.7433767291188 108.36885948653756 1018.265568468755 479.8238159799406 -10 -10 -10 -1000 -1000 -1000 -10
4152 46 pedestrian 0 0 -10 895.9475796125454 117.61356556670859 1054.7385918407572 521.5595205027821 -10 -10 -10 -1000 -1000 -1000 -10
4153 46 pedestrian 0 0 -10 902.1456279533246 125.13631970322504 1070.5789020966945 549.6455321733299 -10 -10 -10 -1000 -1000 -1000 -10
4154 46 pedestrian 0 0 -10 892.2631879369744 138.19535971824237 1088.6340189184084 631.6142140456544 -10 -10 -10 -1000 -1000 -1000 -10
4155 46 pedestrian 0 0 -10 874.8324693448275 149.19832602719714 1092.0938341613708 692.4056178944338 -10 -10 -10 -1000 -1000 -1000 -10
4156 46 pedestrian 0 0 -10 872.4339074066514 169.58022603709935 1106.009140662702 753.9746833775438 -10 -10 -10 -1000 -1000 -1000 -10
4157 46 pedestrian 0 0 -10 836.0550833957651 196.29146872190194 1111.8607316769346 883.3553740902232 -10 -10 -10 -1000 -1000 -1000 -10
5089 48 pedestrian 0 0 -10 881.6960569448445 65.8693588256836 1016.1344240121869 437.1832077026367 -10 -10 -10 -1000 -1000 -1000 -10
5090 48 pedestrian 0 0 -10 882.4899709214717 67.93679916415246 1015.4706044995825 434.87103847284857 -10 -10 -10 -1000 -1000 -1000 -10
5091 48 pedestrian 0 0 -10 877.178920097939 68.30086214846838 1010.6077163851767 435.5285649436811 -10 -10 -10 -1000 -1000 -1000 -10
5092 48 pedestrian 0 0 -10 874.5773455482754 65.9713293925995 1009.7996964330765 437.3696271464042 -10 -10 -10 -1000 -1000 -1000 -10
5093 48 pedestrian 0 0 -10 873.6777333419482 65.43676142871837 1009.910030098771 438.6399569321545 -10 -10 -10 -1000 -1000 -1000 -10
5094 48 pedestrian 0 0 -10 866.4886458193373 65.92093019036068 1006.4375733775519 448.96428517600873 -10 -10 -10 -1000 -1000 -1000 -10
5095 48 pedestrian 0 0 -10 857.8244730021617 66.17671797750953 1002.3380281833117 461.81845345786314 -10 -10 -10 -1000 -1000 -1000 -10
5096 48 pedestrian 0 0 -10 850.7650553984681 68.57103909672068 995.4739743368649 465.00006462919373 -10 -10 -10 -1000 -1000 -1000 -10
5097 48 pedestrian 0 0 -10 858.691276440662 64.88822738646991 1010.7263614072317 478.08806363866813 -10 -10 -10 -1000 -1000 -1000 -10
5098 48 pedestrian 0 0 -10 872.9646151792579 71.49598797292055 1033.2820238160946 503.3376932029054 -10 -10 -10 -1000 -1000 -1000 -10
5099 48 pedestrian 0 0 -10 892.1808496505142 79.81563523269193 1055.836628493373 516.094912098346 -10 -10 -10 -1000 -1000 -1000 -10
5100 48 pedestrian 0 0 -10 888.437548700146 85.80648084041118 1067.2229869863913 556.315070866077 -10 -10 -10 -1000 -1000 -1000 -10
5101 48 pedestrian 0 0 -10 879.6007869858065 102.22206236281662 1069.215588928549 593.2776967682682 -10 -10 -10 -1000 -1000 -1000 -10
5102 48 pedestrian 0 0 -10 869.2852025661978 110.56569935491495 1067.6943181510444 613.6828488228166 -10 -10 -10 -1000 -1000 -1000 -10
5103 48 pedestrian 0 0 -10 861.3426512076073 123.67158360034028 1079.4969327489612 666.6821192399805 -10 -10 -10 -1000 -1000 -1000 -10
5104 48 pedestrian 0 0 -10 874.7566745346991 140.36576844734714 1112.1526430304407 720.384126475081 -10 -10 -10 -1000 -1000 -1000 -10
5105 48 pedestrian 0 0 -10 851.2799360559238 156.33339669946054 1109.7849601930352 776.6942678130513 -10 -10 -10 -1000 -1000 -1000 -10
5107 51 pedestrian 0 0 -10 739.6753939143182 236.26394348144532 1119.3320401677129 1083.3900177001954 -10 -10 -10 -1000 -1000 -1000 -10
5108 51 pedestrian 0 0 -10 819.0175949335753 263.7398686472782 1181.6221682345752 1074.4016107687708 -10 -10 -10 -1000 -1000 -1000 -10
5109 51 pedestrian 0 0 -10 822.5134013681155 377.3556855397748 1144.3608079382557 1079.3669777835319 -10 -10 -10 -1000 -1000 -1000 -10
5594 52 pedestrian 0 0 -10 806.8091637567004 274.25128784179685 1188.8368811651746 1080.348455810547 -10 -10 -10 -1000 -1000 -1000 -10
5595 52 pedestrian 0 0 -10 832.1767658881681 244.37557783753778 1176.3805378325046 972.2327386646243 -10 -10 -10 -1000 -1000 -1000 -10
5596 52 pedestrian 0 0 -10 851.6987392148226 226.22196961137365 1173.1171756211131 908.1061886608688 -10 -10 -10 -1000 -1000 -1000 -10
5609 54 pedestrian 0 0 -10 851.6926410386975 132.1658447265625 1078.8050518323962 633.4519165039062 -10 -10 -10 -1000 -1000 -1000 -10
5610 54 pedestrian 0 0 -10 857.230444929083 128.20943047253968 1070.4199185071018 599.0184189276453 -10 -10 -10 -1000 -1000 -1000 -10
5611 54 pedestrian 0 0 -10 869.6093337071175 119.232278720512 1079.77502137263 584.7776312573371 -10 -10 -10 -1000 -1000 -1000 -10
5612 54 pedestrian 0 0 -10 878.9501684542246 112.92224659828773 1077.3538693980342 553.9455292659632 -10 -10 -10 -1000 -1000 -1000 -10
5613 54 pedestrian 0 0 -10 877.974206833148 110.00134230736754 1069.248584564407 535.9105011091422 -10 -10 -10 -1000 -1000 -1000 -10
5614 54 pedestrian 0 0 -10 872.6830960735676 110.06019023071207 1061.561199821315 530.8865983343912 -10 -10 -10 -1000 -1000 -1000 -10
5615 54 pedestrian 0 0 -10 869.2067221787115 111.39413677524635 1059.874125092661 536.8724903542181 -10 -10 -10 -1000 -1000 -1000 -10
5616 54 pedestrian 0 0 -10 864.2058571143219 114.6548957690905 1053.7774126484342 537.7668581846576 -10 -10 -10 -1000 -1000 -1000 -10
5617 54 pedestrian 0 0 -10 863.5215521449966 120.15362696643226 1050.1024280620131 535.3530838945934 -10 -10 -10 -1000 -1000 -1000 -10
5618 54 pedestrian 0 0 -10 863.7355530254929 123.07282243181297 1048.8484981016065 533.5901695658494 -10 -10 -10 -1000 -1000 -1000 -10
5619 54 pedestrian 0 0 -10 863.048159759444 122.28789461408633 1049.674635192239 535.504588253063 -10 -10 -10 -1000 -1000 -1000 -10
5620 54 pedestrian 0 0 -10 862.8720116680797 122.18823475862621 1049.8338828419116 535.6718141630822 -10 -10 -10 -1000 -1000 -1000 -10
5621 54 pedestrian 0 0 -10 862.8997327872578 123.4834369146794 1049.193171623809 534.7906154924761 -10 -10 -10 -1000 -1000 -1000 -10
5622 54 pedestrian 0 0 -10 857.5691983759624 122.38298232374945 1045.446888441501 536.0584397853806 -10 -10 -10 -1000 -1000 -1000 -10
5623 54 pedestrian 0 0 -10 854.8682494515824 121.8682085788588 1043.9062205419996 536.456959535235 -10 -10 -10 -1000 -1000 -1000 -10
5624 54 pedestrian 0 0 -10 853.8529692019966 122.10439480753371 1043.5509384652255 536.3673621652501 -10 -10 -10 -1000 -1000 -1000 -10
5625 54 pedestrian 0 0 -10 853.552400807194 121.9179114160423 1044.1788537627663 536.8990284839996 -10 -10 -10 -1000 -1000 -1000 -10
5626 54 pedestrian 0 0 -10 853.8707791878428 122.65786885310544 1044.2601766176908 536.6266627320899 -10 -10 -10 -1000 -1000 -1000 -10
5627 54 pedestrian 0 0 -10 854.3690880083825 123.56308787717848 1044.234985257701 535.7375065051478 -10 -10 -10 -1000 -1000 -1000 -10
5628 54 pedestrian 0 0 -10 858.9894568126274 123.06512101533278 1049.3629937823625 536.1219246273243 -10 -10 -10 -1000 -1000 -1000 -10
5629 54 pedestrian 0 0 -10 865.3267664203339 122.97291915238188 1055.2304200896272 536.3813859953797 -10 -10 -10 -1000 -1000 -1000 -10
5630 54 pedestrian 0 0 -10 867.4332204564506 121.70876418400164 1058.3520460734164 537.5082252257438 -10 -10 -10 -1000 -1000 -1000 -10
5631 54 pedestrian 0 0 -10 867.9038455059865 120.45569006174847 1059.6302391103825 538.7393209529367 -10 -10 -10 -1000 -1000 -1000 -10
5632 54 pedestrian 0 0 -10 867.7177783506896 118.54912665995869 1060.7720268605913 540.3774771935751 -10 -10 -10 -1000 -1000 -1000 -10
5633 54 pedestrian 0 0 -10 872.4800462378962 115.49746863209907 1064.203309013582 535.1036067525201 -10 -10 -10 -1000 -1000 -1000 -10
5634 54 pedestrian 0 0 -10 869.3660057173025 116.610237629334 1062.3839689963515 539.0293639435049 -10 -10 -10 -1000 -1000 -1000 -10
5635 54 pedestrian 0 0 -10 874.013292755708 117.03177814316169 1064.00562748126 533.4269321448015 -10 -10 -10 -1000 -1000 -1000 -10
5636 54 pedestrian 0 0 -10 876.1363132353038 117.27939615801435 1064.4248485046085 530.8521518122724 -10 -10 -10 -1000 -1000 -1000 -10
5637 54 pedestrian 0 0 -10 872.9872830937902 121.41058700745916 1059.9414240724466 533.299307134228 -10 -10 -10 -1000 -1000 -1000 -10
5638 54 pedestrian 0 0 -10 869.7435550369407 119.9266354142868 1059.1688405662808 537.6935998424519 -10 -10 -10 -1000 -1000 -1000 -10
5639 54 pedestrian 0 0 -10 864.4632835020536 119.76865397246831 1054.6885960362354 538.8189644545126 -10 -10 -10 -1000 -1000 -1000 -10
5640 54 pedestrian 0 0 -10 862.3355409739919 119.2458136538182 1053.199585843342 539.8476638035985 -10 -10 -10 -1000 -1000 -1000 -10
5641 54 pedestrian 0 0 -10 870.9128871460571 119.1726755325754 1060.7025029254055 540.2623861964653 -10 -10 -10 -1000 -1000 -1000 -10
5642 54 pedestrian 0 0 -10 869.9546042183898 118.27751210525838 1059.5408819351683 541.2915396755373 -10 -10 -10 -1000 -1000 -1000 -10
5643 54 pedestrian 0 0 -10 869.2714491799132 117.87327253720915 1058.6749437837543 541.6354329368298 -10 -10 -10 -1000 -1000 -1000 -10
5644 54 pedestrian 0 0 -10 865.2837969829983 119.63766448924125 1053.3184999227985 540.6717056057441 -10 -10 -10 -1000 -1000 -1000 -10
5645 54 pedestrian 0 0 -10 858.7694074627858 120.14963524700678 1047.2052880725823 540.3439581240235 -10 -10 -10 -1000 -1000 -1000 -10
5646 54 pedestrian 0 0 -10 855.9460534440053 121.90794852563752 1044.5057443562573 538.5997708025775 -10 -10 -10 -1000 -1000 -1000 -10
5647 54 pedestrian 0 0 -10 849.7748600116552 122.09551061554652 1039.6593236170438 538.371611594283 -10 -10 -10 -1000 -1000 -1000 -10
5648 54 pedestrian 0 0 -10 851.7600627104608 122.98074264099913 1042.412250062505 537.4993953848385 -10 -10 -10 -1000 -1000 -1000 -10
5649 54 pedestrian 0 0 -10 852.3656874909132 122.92322973707653 1043.9358297598808 537.5916731468338 -10 -10 -10 -1000 -1000 -1000 -10
5650 54 pedestrian 0 0 -10 856.8707659939163 122.32658632482296 1049.1048635059394 537.9786693150222 -10 -10 -10 -1000 -1000 -1000 -10
5651 54 pedestrian 0 0 -10 858.5134340789486 121.87951945268429 1051.222908550329 538.3580651404079 -10 -10 -10 -1000 -1000 -1000 -10
5652 54 pedestrian 0 0 -10 859.1203117057643 121.29165446711372 1052.2872364857826 538.8715484813763 -10 -10 -10 -1000 -1000 -1000 -10
5653 54 pedestrian 0 0 -10 859.8759070838701 122.03721976570583 1052.147722762099 538.1148062061038 -10 -10 -10 -1000 -1000 -1000 -10
5654 54 pedestrian 0 0 -10 859.785122646022 121.21004851549426 1052.7204465352484 538.5931820133266 -10 -10 -10 -1000 -1000 -1000 -10
5655 54 pedestrian 0 0 -10 860.0039467332431 121.07360867241985 1052.8302379187262 538.4458701098343 -10 -10 -10 -1000 -1000 -1000 -10
5656 54 pedestrian 0 0 -10 855.426045894471 120.23866190539681 1048.8782448891573 538.9407780332178 -10 -10 -10 -1000 -1000 -1000 -10
5657 54 pedestrian 0 0 -10 854.3068257869385 118.52984732857809 1046.6783067063627 533.6703051493017 -10 -10 -10 -1000 -1000 -1000 -10
5658 54 pedestrian 0 0 -10 852.9054367318673 119.63256410831073 1046.8824862527545 536.9338863381007 -10 -10 -10 -1000 -1000 -1000 -10
5659 54 pedestrian 0 0 -10 852.4039171424075 120.53131706351192 1046.8998158937045 537.5554794267495 -10 -10 -10 -1000 -1000 -1000 -10
5660 54 pedestrian 0 0 -10 852.301290708006 121.18580020521404 1046.9844105151578 537.8777343554045 -10 -10 -10 -1000 -1000 -1000 -10
5661 54 pedestrian 0 0 -10 851.9283872640543 120.39567704796988 1047.101912466965 538.3519593604116 -10 -10 -10 -1000 -1000 -1000 -10
5662 54 pedestrian 0 0 -10 851.7007978873239 120.31407311456073 1047.0311511067034 538.49891901647 -10 -10 -10 -1000 -1000 -1000 -10
5663 54 pedestrian 0 0 -10 851.6355283421588 120.6937066713179 1046.534759776474 537.9877039432586 -10 -10 -10 -1000 -1000 -1000 -10
5664 54 pedestrian 0 0 -10 851.7936893585729 122.03877346974545 1046.2857202945343 536.7604995628254 -10 -10 -10 -1000 -1000 -1000 -10
5665 54 pedestrian 0 0 -10 851.7427377052422 122.40519817316425 1046.470858959182 536.4057702213768 -10 -10 -10 -1000 -1000 -1000 -10
5666 54 pedestrian 0 0 -10 851.0473041245313 121.505237396036 1047.1765892201922 537.1364757692579 -10 -10 -10 -1000 -1000 -1000 -10
5667 54 pedestrian 0 0 -10 850.768224048709 120.82626998739525 1047.8116680662297 538.1085765076286 -10 -10 -10 -1000 -1000 -1000 -10
5668 54 pedestrian 0 0 -10 855.0065669889538 120.2840363189261 1052.3242455689942 538.8704109551838 -10 -10 -10 -1000 -1000 -1000 -10
5669 54 pedestrian 0 0 -10 856.5797526660972 119.71078676140306 1054.3809848601873 539.7667578511945 -10 -10 -10 -1000 -1000 -1000 -10
5670 54 pedestrian 0 0 -10 857.7023822798376 116.54206605939683 1054.397447498443 535.5365676370193 -10 -10 -10 -1000 -1000 -1000 -10
5671 54 pedestrian 0 0 -10 859.203690275455 116.56271398510486 1054.3297402325684 532.8096779671918 -10 -10 -10 -1000 -1000 -1000 -10
5672 54 pedestrian 0 0 -10 859.7847035817434 116.37088367229745 1054.5375454411048 531.6373187548975 -10 -10 -10 -1000 -1000 -1000 -10
5673 54 pedestrian 0 0 -10 859.8421075206462 116.71580601670988 1053.6112244710118 530.3394955060098 -10 -10 -10 -1000 -1000 -1000 -10
5674 54 pedestrian 0 0 -10 860.037765088123 116.7262419481394 1053.924779645577 529.8389649967895 -10 -10 -10 -1000 -1000 -1000 -10
5675 54 pedestrian 0 0 -10 859.0568436550332 116.4276227335375 1053.9983899601316 531.086237131848 -10 -10 -10 -1000 -1000 -1000 -10
5676 54 pedestrian 0 0 -10 858.2342773040037 115.40724007364827 1054.3793787985237 532.0339623187261 -10 -10 -10 -1000 -1000 -1000 -10
5677 54 pedestrian 0 0 -10 852.9927414473079 116.86489775409802 1051.2200276137023 537.9779183583266 -10 -10 -10 -1000 -1000 -1000 -10
5678 54 pedestrian 0 0 -10 852.0215183080484 115.38683617750578 1049.057550954026 534.5203650633098 -10 -10 -10 -1000 -1000 -1000 -10
5679 54 pedestrian 0 0 -10 851.7165616885826 115.4790592583951 1048.1471020554839 532.7790651659304 -10 -10 -10 -1000 -1000 -1000 -10
5680 54 pedestrian 0 0 -10 851.2743767773336 114.96943050123807 1048.052284321304 532.8336464348545 -10 -10 -10 -1000 -1000 -1000 -10
5681 54 pedestrian 0 0 -10 849.7021868099165 115.12778204103205 1049.0188664861453 540.2572346680067 -10 -10 -10 -1000 -1000 -1000 -10
5682 54 pedestrian 0 0 -10 847.4532387350042 116.3631568075185 1050.944069211626 551.9995210011094 -10 -10 -10 -1000 -1000 -1000 -10
5683 54 pedestrian 0 0 -10 841.1430563519864 118.25698460377768 1048.548969361368 564.18594887025 -10 -10 -10 -1000 -1000 -1000 -10
5684 54 pedestrian 0 0 -10 840.8599093932601 119.0576792287147 1045.323178873066 559.4449188669183 -10 -10 -10 -1000 -1000 -1000 -10
5685 54 pedestrian 0 0 -10 836.2707840553476 121.68881426147783 1057.1583160694106 602.1599302545035 -10 -10 -10 -1000 -1000 -1000 -10
5686 54 pedestrian 0 0 -10 842.9749226798906 118.22127817683162 1053.236283411278 576.8100165627468 -10 -10 -10 -1000 -1000 -1000 -10
5687 54 pedestrian 0 0 -10 842.9140047696819 119.56148703028288 1054.6963015313995 582.1820174020716 -10 -10 -10 -1000 -1000 -1000 -10
5688 54 pedestrian 0 0 -10 839.2469998891149 119.42964500117222 1059.177227530102 603.5800321347019 -10 -10 -10 -1000 -1000 -1000 -10
5691 54 pedestrian 0 0 -10 838.598646862291 118.68544223095182 1071.7279196304376 638.2916650803252 -10 -10 -10 -1000 -1000 -1000 -10
5693 54 pedestrian 0 0 -10 845.6824756307145 117.16117823925225 1056.364535456654 590.3017203826771 -10 -10 -10 -1000 -1000 -1000 -10
5694 54 pedestrian 0 0 -10 840.7133026337962 116.91511126159781 1068.936891588318 637.9762282172087 -10 -10 -10 -1000 -1000 -1000 -10
5695 54 pedestrian 0 0 -10 851.5906990719575 119.20196728176913 1070.0909738063854 623.1678575332324 -10 -10 -10 -1000 -1000 -1000 -10
5696 54 pedestrian 0 0 -10 865.0441591082777 117.53592752636959 1061.3112702940189 572.178504908626 -10 -10 -10 -1000 -1000 -1000 -10
5697 54 pedestrian 0 0 -10 870.7167223110126 117.44691066604406 1056.8509899667424 551.7667277749251 -10 -10 -10 -1000 -1000 -1000 -10
5698 54 pedestrian 0 0 -10 871.9517788375214 116.47926291961011 1055.456853439472 545.5478478902371 -10 -10 -10 -1000 -1000 -1000 -10
5699 54 pedestrian 0 0 -10 867.49449865522 114.8415379911306 1051.3861596597246 544.6955730630165 -10 -10 -10 -1000 -1000 -1000 -10
5700 54 pedestrian 0 0 -10 860.3856207627919 116.9919846432214 1054.2087181254042 570.8567257033357 -10 -10 -10 -1000 -1000 -1000 -10
5701 54 pedestrian 0 0 -10 850.3748862708408 112.81897180672297 1063.1606796013007 613.393583159751 -10 -10 -10 -1000 -1000 -1000 -10
5702 54 pedestrian 0 0 -10 847.0181411473351 110.02531127858828 1074.8806613087722 648.819960574808 -10 -10 -10 -1000 -1000 -1000 -10
5703 54 pedestrian 0 0 -10 849.7706492847183 108.84510137484762 1075.909405771033 644.8145180519753 -10 -10 -10 -1000 -1000 -1000 -10
5704 54 pedestrian 0 0 -10 850.60361799579 113.25869769596682 1067.348685607401 628.6255777308387 -10 -10 -10 -1000 -1000 -1000 -10
5705 54 pedestrian 0 0 -10 852.8741263004918 109.98695191831513 1080.6595990652418 655.1804183842091 -10 -10 -10 -1000 -1000 -1000 -10
5706 54 pedestrian 0 0 -10 853.6061778607312 109.85811255620365 1076.6738276768997 645.8063582127892 -10 -10 -10 -1000 -1000 -1000 -10
5706 61 pedestrian 0 0 -10 802.3080381845072 458.69167480468747 1127.8041566397114 1083.153076171875 -10 -10 -10 -1000 -1000 -1000 -10
5707 54 pedestrian 0 0 -10 856.9533032836177 110.68228963702381 1080.7580002293587 649.7570164900152 -10 -10 -10 -1000 -1000 -1000 -10
5707 61 pedestrian 0 0 -10 795.1463174775488 452.8658860362925 1121.7674399265682 1078.9230622318375 -10 -10 -10 -1000 -1000 -1000 -10
5708 54 pedestrian 0 0 -10 852.5619976874398 110.85284942127578 1078.719997421406 660.521848377068 -10 -10 -10 -1000 -1000 -1000 -10
5708 61 pedestrian 0 0 -10 805.1250719845511 458.34467768591236 1129.1921470036136 1079.5975377434565 -10 -10 -10 -1000 -1000 -1000 -10
5709 54 pedestrian 0 0 -10 863.7343151509169 112.75417989839306 1064.7401305677859 597.5853045907234 -10 -10 -10 -1000 -1000 -1000 -10
5709 61 pedestrian 0 0 -10 810.3842741351538 470.02085221574595 1129.8554602096026 1082.0754760377922 -10 -10 -10 -1000 -1000 -1000 -10
5710 54 pedestrian 0 0 -10 857.5559953859021 115.36196004876814 1069.7805823281037 629.1299718994287 -10 -10 -10 -1000 -1000 -1000 -10
5710 61 pedestrian 0 0 -10 814.0116166922097 482.4522821399311 1128.0028970654712 1084.4935824630727 -10 -10 -10 -1000 -1000 -1000 -10
5711 54 pedestrian 0 0 -10 855.2734913232711 115.3291597452909 1071.9987339379552 640.697926807808 -10 -10 -10 -1000 -1000 -1000 -10
5711 61 pedestrian 0 0 -10 827.923902011335 495.8675091773263 1134.6788383659582 1084.989877677459 -10 -10 -10 -1000 -1000 -1000 -10
5712 54 pedestrian 0 0 -10 858.5702564375492 114.56756483597997 1069.1870003373353 626.9977009538189 -10 -10 -10 -1000 -1000 -1000 -10
5712 61 pedestrian 0 0 -10 829.2256022867991 488.5751148432309 1140.4578118408608 1087.2822535978496 -10 -10 -10 -1000 -1000 -1000 -10
5713 54 pedestrian 0 0 -10 859.0138132120891 111.95861919609504 1068.8707163959812 623.8201875481446 -10 -10 -10 -1000 -1000 -1000 -10
5713 61 pedestrian 0 0 -10 832.0404143800367 470.3243710670791 1149.4140703185305 1084.8441601284535 -10 -10 -10 -1000 -1000 -1000 -10
5714 54 pedestrian 0 0 -10 855.9744697842698 111.62216754946326 1071.7687695944323 640.6728660538665 -10 -10 -10 -1000 -1000 -1000 -10
5714 61 pedestrian 0 0 -10 833.4548205944936 463.004805134707 1151.8946942040968 1083.8169201956694 -10 -10 -10 -1000 -1000 -1000 -10
5715 54 pedestrian 0 0 -10 856.7064468826147 111.5359181549162 1071.0169426545021 637.6758528320141 -10 -10 -10 -1000 -1000 -1000 -10
5715 61 pedestrian 0 0 -10 834.2193095848722 458.6100167436938 1152.5138071934975 1084.3978279070375 -10 -10 -10 -1000 -1000 -1000 -10
5716 54 pedestrian 0 0 -10 854.550162403726 110.11831532822254 1072.6696965675687 647.2065873396275 -10 -10 -10 -1000 -1000 -1000 -10
5716 61 pedestrian 0 0 -10 836.9190497646514 446.5784441609649 1159.3685058369897 1086.2633278952728 -10 -10 -10 -1000 -1000 -1000 -10
5717 61 pedestrian 0 0 -10 824.9368629294814 425.0209110578629 1156.356823435408 1085.0166730393025 -10 -10 -10 -1000 -1000 -1000 -10
5718 61 pedestrian 0 0 -10 816.8710482154722 399.59716295056376 1158.50935295509 1083.661891674844 -10 -10 -10 -1000 -1000 -1000 -10
5719 61 pedestrian 0 0 -10 813.7785001589186 383.6568155794599 1158.9932951658225 1080.5959508833182 -10 -10 -10 -1000 -1000 -1000 -10
5720 61 pedestrian 0 0 -10 803.1517518849247 375.79704733695957 1150.1016861191997 1080.4418709698848 -10 -10 -10 -1000 -1000 -1000 -10
5721 61 pedestrian 0 0 -10 783.4916113577183 363.0438784351884 1134.4804633098295 1081.119414551463 -10 -10 -10 -1000 -1000 -1000 -10
5721 54 pedestrian 0 0 -10 853.2213374032439 108.11060518820653 1073.3067174883643 653.6099426863148 -10 -10 -10 -1000 -1000 -1000 -10
5724 61 pedestrian 0 0 -10 741.515019142671 313.22992470827177 1110.952207571278 1078.2493778396051 -10 -10 -10 -1000 -1000 -1000 -10
5725 63 pedestrian 0 0 -10 1265.552768787029 280.51535644531253 1570.8196189082835 994.360107421875 -10 -10 -10 -1000 -1000 -1000 -10
5726 63 pedestrian 0 0 -10 1260.236268452873 273.28789371899506 1565.480913076602 988.6067408975953 -10 -10 -10 -1000 -1000 -1000 -10
5726 54 pedestrian 0 0 -10 875.1796126859415 249.26484179699833 1078.3389658584983 745.6441592986101 -10 -10 -10 -1000 -1000 -1000 -10
5727 63 pedestrian 0 0 -10 1259.0734308947222 260.9962923879606 1562.8579768914142 974.4404712372581 -10 -10 -10 -1000 -1000 -1000 -10
5727 54 pedestrian 0 0 -10 883.4205998321538 252.15693664465562 1082.8931925651223 733.2505446578127 -10 -10 -10 -1000 -1000 -1000 -10
5728 63 pedestrian 0 0 -10 1254.8234214883194 256.84559967117906 1566.2181024013519 991.6646015421143 -10 -10 -10 -1000 -1000 -1000 -10
5728 61 pedestrian 0 0 -10 814.3290659436137 210.9671371062908 1112.228077601549 844.8030807458969 -10 -10 -10 -1000 -1000 -1000 -10
5729 63 pedestrian 0 0 -10 1252.3111884979849 252.69838744819845 1568.6025376546277 1000.6459027747856 -10 -10 -10 -1000 -1000 -1000 -10
5729 65 pedestrian 0 0 -10 1254.537937375649 253.29467773437494 1556.1994649681012 1069.99208984375 -10 -10 -10 -1000 -1000 -1000 -10
5729 54 pedestrian 0 0 -10 877.1004434054892 234.13930714225685 1081.8658885613986 726.7328312964001 -10 -10 -10 -1000 -1000 -1000 -10
5730 63 pedestrian 0 0 -10 1208.0660986038988 263.8753514555224 1544.1431474847936 1060.103179295163 -10 -10 -10 -1000 -1000 -1000 -10
5730 54 pedestrian 0 0 -10 900.5771201678463 230.29273239788347 1085.4114822722713 675.3950315913371 -10 -10 -10 -1000 -1000 -1000 -10
5731 54 pedestrian 0 0 -10 924.5085777639308 206.43639461754128 1100.7410215270208 629.2604872691614 -10 -10 -10 -1000 -1000 -1000 -10
5732 54 pedestrian 0 0 -10 938.9953540320116 190.3805172952707 1110.0421701374198 601.6627840839009 -10 -10 -10 -1000 -1000 -1000 -10
5732 65 pedestrian 0 0 -10 1074.3617226517422 270.03500776723513 1345.0643628033386 1004.8996435646072 -10 -10 -10 -1000 -1000 -1000 -10
5733 54 pedestrian 0 0 -10 930.9302016370216 178.50709170700722 1086.7870456921587 549.3983899849052 -10 -10 -10 -1000 -1000 -1000 -10
5733 63 pedestrian 0 0 -10 1040.4785975270001 267.2640204128842 1301.218110516118 882.0898313088479 -10 -10 -10 -1000 -1000 -1000 -10
5734 54 pedestrian 0 0 -10 905.0803113523488 163.58437341030802 1080.0704671892865 581.6699450953021 -10 -10 -10 -1000 -1000 -1000 -10
5734 63 pedestrian 0 0 -10 1004.6773346776893 235.6041595430683 1243.988163171827 795.6968512286078 -10 -10 -10 -1000 -1000 -1000 -10
5735 54 pedestrian 0 0 -10 889.084185158852 159.50327302740723 1058.0312208409516 564.5367957826986 -10 -10 -10 -1000 -1000 -1000 -10
5735 63 pedestrian 0 0 -10 976.9780246197598 210.11869753575175 1195.7737163583756 718.5849963215359 -10 -10 -10 -1000 -1000 -1000 -10
5735 65 pedestrian 0 0 -10 974.7585846041882 198.80643454526853 1202.2745875181529 809.4753667893693 -10 -10 -10 -1000 -1000 -1000 -10
5736 54 pedestrian 0 0 -10 870.9800322013123 155.2864757898294 1032.0251684887205 541.8827575627603 -10 -10 -10 -1000 -1000 -1000 -10
5736 65 pedestrian 0 0 -10 945.4078648908638 192.2677438259641 1160.972342839196 765.8211477399506 -10 -10 -10 -1000 -1000 -1000 -10
5737 65 pedestrian 0 0 -10 910.5838570257907 171.48029824763933 1114.7091880675694 711.0847642737061 -10 -10 -10 -1000 -1000 -1000 -10
5738 65 pedestrian 0 0 -10 902.3335624973735 152.02314923497636 1100.1355711823128 667.9978998176537 -10 -10 -10 -1000 -1000 -1000 -10
5739 54 pedestrian 0 0 -10 915.6914813397855 146.74891084828795 1088.5379061041651 559.7210027770891 -10 -10 -10 -1000 -1000 -1000 -10
5740 54 pedestrian 0 0 -10 919.7175764958128 138.64256124205963 1082.0076628688896 525.8288798333214 -10 -10 -10 -1000 -1000 -1000 -10
5741 54 pedestrian 0 0 -10 900.8580237943412 140.23927778408154 1061.1632910756318 517.747720758813 -10 -10 -10 -1000 -1000 -1000 -10
5811 67 pedestrian 0 0 -10 887.12943336692 100.58367462158202 1011.0501198557364 432.68637237548825 -10 -10 -10 -1000 -1000 -1000 -10
5812 67 pedestrian 0 0 -10 887.9802710168568 100.35206196370763 1011.5832026594566 432.4247283911123 -10 -10 -10 -1000 -1000 -1000 -10
5813 67 pedestrian 0 0 -10 894.4097814220131 101.12007429928767 1016.7720287123298 431.18346277673334 -10 -10 -10 -1000 -1000 -1000 -10
5814 67 pedestrian 0 0 -10 896.6965128204446 102.08468849110008 1017.8553314233078 430.505536451278 -10 -10 -10 -1000 -1000 -1000 -10
5815 67 pedestrian 0 0 -10 897.4118303867532 101.48399935638668 1018.3023100821569 431.00312245741054 -10 -10 -10 -1000 -1000 -1000 -10
5816 67 pedestrian 0 0 -10 901.8530315177254 101.12299416818735 1022.1364439008631 430.9307688869094 -10 -10 -10 -1000 -1000 -1000 -10
5817 67 pedestrian 0 0 -10 899.2693977682911 100.72603364005573 1019.1183226518928 431.20658759072734 -10 -10 -10 -1000 -1000 -1000 -10
5818 67 pedestrian 0 0 -10 897.8466719591968 100.8503492448279 1017.5969743484354 431.7978121284287 -10 -10 -10 -1000 -1000 -1000 -10
5819 67 pedestrian 0 0 -10 892.4269808613574 99.77064512297397 1012.9953829699432 432.81913540992423 -10 -10 -10 -1000 -1000 -1000 -10
5820 67 pedestrian 0 0 -10 884.7355086542472 101.6685854393478 1007.5551994594773 440.9505193158078 -10 -10 -10 -1000 -1000 -1000 -10
5821 67 pedestrian 0 0 -10 881.234572506367 107.60771726552906 1004.6438561338999 446.2954414734202 -10 -10 -10 -1000 -1000 -1000 -10
5822 67 pedestrian 0 0 -10 883.9080602114165 108.34136554069295 1009.4862150579202 450.13786771231213 -10 -10 -10 -1000 -1000 -1000 -10
5823 67 pedestrian 0 0 -10 901.5372229182349 115.57904811369437 1033.0149691689746 465.4923055037747 -10 -10 -10 -1000 -1000 -1000 -10
5824 67 pedestrian 0 0 -10 919.5060893814855 120.69372710044112 1058.8511721245366 485.97539884926584 -10 -10 -10 -1000 -1000 -1000 -10
5825 67 pedestrian 0 0 -10 931.421224340726 132.14357314703744 1081.160432536762 521.548653288867 -10 -10 -10 -1000 -1000 -1000 -10
5826 67 pedestrian 0 0 -10 932.4941153966831 141.94035089787303 1092.9856659662569 556.9324542007248 -10 -10 -10 -1000 -1000 -1000 -10
5827 67 pedestrian 0 0 -10 931.5093401853306 144.74326582168752 1098.5974952982356 571.1834703976126 -10 -10 -10 -1000 -1000 -1000 -10
5828 67 pedestrian 0 0 -10 908.9771101760152 151.85324513090592 1122.5961295517477 697.9621135571135 -10 -10 -10 -1000 -1000 -1000 -10
5829 67 pedestrian 0 0 -10 915.0399186029026 173.82001041567725 1126.3076787566347 708.8138022473295 -10 -10 -10 -1000 -1000 -1000 -10
5830 67 pedestrian 0 0 -10 907.6843533823042 197.8078259648811 1128.166364943092 752.171276115341 -10 -10 -10 -1000 -1000 -1000 -10
5832 67 pedestrian 0 0 -10 862.1434784600415 255.17358134328555 1096.5403555129842 833.3166959507985 -10 -10 -10 -1000 -1000 -1000 -10
5833 69 pedestrian 0 0 -10 800.5934339116312 319.8793029785156 1126.4754259516499 1048.6755676269531 -10 -10 -10 -1000 -1000 -1000 -10
5834 69 pedestrian 0 0 -10 782.7936139851827 359.88575847037316 1102.4038324288113 1074.5677461102305 -10 -10 -10 -1000 -1000 -1000 -10
