22 1 pedestrian 0 0 -10 1548.5353877770901 1006.9479003906249 1600.9726932775975 1076.7458740234374 -10 -10 -10 -1000 -1000 -1000 -10
28 1 pedestrian 0 0 -10 1548.0800457044704 1005.5605030087116 1601.7011342803307 1077.3053193095384 -10 -10 -10 -1000 -1000 -1000 -10
29 1 pedestrian 0 0 -10 1548.2062467905268 1005.9191012832441 1601.4117926071976 1077.203681314614 -10 -10 -10 -1000 -1000 -1000 -10
30 1 pedestrian 0 0 -10 1548.1892915165693 1005.7586606018683 1601.3549533912285 1077.1013114442878 -10 -10 -10 -1000 -1000 -1000 -10
66 2 pedestrian 0 0 -10 965.8357479111105 90.49065475463868 1165.7365909560772 601.9815971374512 -10 -10 -10 -1000 -1000 -1000 -10
67 2 pedestrian 0 0 -10 914.6924190766123 147.50810098172042 1134.7061982882224 709.7002575856352 -10 -10 -10 -1000 -1000 -1000 -10
68 2 pedestrian 0 0 -10 840.4004987456091 197.25991798158083 1097.3495885910897 851.8123894779617 -10 -10 -10 -1000 -1000 -1000 -10
69 2 pedestrian 0 0 -10 781.2958733251373 250.37525167280717 1050.063021900436 931.7097526390365 -10 -10 -10 -1000 -1000 -1000 -10
70 2 pedestrian 0 0 -10 746.0091765256166 294.85810816939835 1038.7773196810558 1037.0232674021322 -10 -10 -10 -1000 -1000 -1000 -10
1567 6 pedestrian 0 0 -10 793.0721027947343 255.14614868164062 1176.4641642951094 1076.9936828613281 -10 -10 -10 -1000 -1000 -1000 -10
1568 6 pedestrian 0 0 -10 843.6660249822448 230.82084650405443 1158.3021280494931 906.1373608802563 -10 -10 -10 -1000 -1000 -1000 -10
1569 6 pedestrian 0 0 -10 804.0285440234875 171.89494656791453 1185.0686882811815 993.7040752707471 -10 -10 -10 -1000 -1000 -1000 -10
1571 7 pedestrian 0 0 -10 877.9871303067557 167.955126953125 1097.9460728182444 697.9291625976562 -10 -10 -10 -1000 -1000 -1000 -10
1572 7 pedestrian 0 0 -10 861.7371359577731 123.43645374646599 1097.985869224894 692.4482692302297 -10 -10 -10 -1000 -1000 -1000 -10
1755 8 pedestrian 0 0 -10 690.370982744731 258.6195251464844 898.8845714544879 714.48486328125 -10 -10 -10 -1000 -1000 -1000 -10
2161 11 pedestrian 0 0 -10 1548.0828594765 1004.0693237304687 1601.8229754844374 1077.856201171875 -10 -10 -10 -1000 -1000 -1000 -10
2164 11 pedestrian 0 0 -10 1548.3452230580374 1005.3005430608619 1600.6249679937305 1077.0060677581237 -10 -10 -10 -1000 -1000 -1000 -10
2174 12 pedestrian 0 0 -10 1554.8742027522349 1004.9275634765626 1595.4293372868276 1077.7387939453126 -10 -10 -10 -1000 -1000 -1000 -10
2175 12 pedestrian 0 0 -10 1554.7605324903302 1004.8554539497881 1595.7134637927632 1078.110389317248 -10 -10 -10 -1000 -1000 -1000 -10
2176 12 pedestrian 0 0 -10 1554.619000606886 1005.9188109184599 1595.1183382279812 1077.9188318596491 -10 -10 -10 -1000 -1000 -1000 -10
2177 12 pedestrian 0 0 -10 1549.3793740871618 1006.2195849608374 1589.5272488347057 1077.2698273920528 -10 -10 -10 -1000 -1000 -1000 -10
2178 12 pedestrian 0 0 -10 1546.8409844404036 1005.699458693724 1587.8096483095972 1077.7087781136315 -10 -10 -10 -1000 -1000 -1000 -10
2179 12 pedestrian 0 0 -10 1546.0475986519673 1005.7251482614165 1587.75950202488 1078.1158488318197 -10 -10 -10 -1000 -1000 -1000 -10
2180 12 pedestrian 0 0 -10 1550.3107347912523 1004.6766923002411 1593.1460172815714 1078.0540518931218 -10 -10 -10 -1000 -1000 -1000 -10
2181 12 pedestrian 0 0 -10 1551.6661397670366 1004.1534364725969 1595.6183062089096 1078.2039820126768 -10 -10 -10 -1000 -1000 -1000 -10
2182 12 pedestrian 0 0 -10 1551.7435664799348 1003.8469900742236 1596.8560956075623 1078.8220638929195 -10 -10 -10 -1000 -1000 -1000 -10
2183 12 pedestrian 0 0 -10 1546.53836781912 1002.9895952995846 1592.7340108114295 1078.9509791632647 -10 -10 -10 -1000 -1000 -1000 -10
2184 12 pedestrian 0 0 -10 1545.3300135587615 1004.3265472010855 1590.7821410693068 1078.1787866621446 -10 -10 -10 -1000 -1000 -1000 -10
2185 12 pedestrian 0 0 -10 1545.4222677751047 1005.6836791742282 1589.4847250499245 1077.5290723515247 -10 -10 -10 -1000 -1000 -1000 -10
2186 12 pedestrian 0 0 -10 1545.1471703552302 1005.4701396948032 1588.7634880830828 1077.1129798055545 -10 -10 -10 -1000 -1000 -1000 -10
2187 12 pedestrian 0 0 -10 1545.7336033857678 1006.3382298701281 1588.2855701753938 1076.8329731128529 -10 -10 -10 -1000 -1000 -1000 -10
2188 12 pedestrian 0 0 -10 1545.3737668388117 1006.2178943259365 1588.3595087749304 1077.126388537224 -10 -10 -10 -1000 -1000 -1000 -10
2189 12 pedestrian 0 0 -10 1545.0997254807864 1005.4060392180783 1589.637637607986 1078.1998155694548 -10 -10 -10 -1000 -1000 -1000 -10
2192 12 pedestrian 0 0 -10 1544.6881212712287 1004.9178493766034 1590.0905719333866 1077.6253253007712 -10 -10 -10 -1000 -1000 -1000 -10
2193 12 pedestrian 0 0 -10 1549.1261801115443 1004.4395226585102 1595.522134215226 1078.7145371487777 -10 -10 -10 -1000 -1000 -1000 -10
2194 12 pedestrian 0 0 -10 1550.7535566944016 1005.5284266506158 1596.655960790246 1078.1474793716318 -10 -10 -10 -1000 -1000 -1000 -10
2195 12 pedestrian 0 0 -10 1550.323274996368 1004.2221187332829 1597.7525489512634 1078.719645818429 -10 -10 -10 -1000 -1000 -1000 -10
2196 12 pedestrian 0 0 -10 1551.5898870779658 1005.0137319988772 1597.9449813294302 1077.7477766569225 -10 -10 -10 -1000 -1000 -1000 -10
2197 12 pedestrian 0 0 -10 1551.3534672234473 1004.7036577186062 1597.7300173485303 1077.748406876155 -10 -10 -10 -1000 -1000 -1000 -10
2198 12 pedestrian 0 0 -10 1550.9868168715498 1004.6012363887962 1597.585870440654 1077.216652535396 -10 -10 -10 -1000 -1000 -1000 -10
2199 12 pedestrian 0 0 -10 1551.6382875036106 1005.186601553466 1598.0652238870011 1076.9845404952223 -10 -10 -10 -1000 -1000 -1000 -10
2200 12 pedestrian 0 0 -10 1551.6771737825375 1005.6897732892386 1597.9050838423423 1076.375763862954 -10 -10 -10 -1000 -1000 -1000 -10
2201 12 pedestrian 0 0 -10 1550.7952678162471 1004.8790748254397 1598.6673321111539 1077.5423120191579 -10 -10 -10 -1000 -1000 -1000 -10
2202 12 pedestrian 0 0 -10 1550.976190926478 1005.3574397605898 1599.059980551581 1077.9288173979603 -10 -10 -10 -1000 -1000 -1000 -10
2203 12 pedestrian 0 0 -10 1550.4830629030557 1005.81877157837 1598.665430021836 1077.940395050395 -10 -10 -10 -1000 -1000 -1000 -10
2204 12 pedestrian 0 0 -10 1550.3267731814806 1006.4151401860421 1598.2927647822285 1077.7403648663671 -10 -10 -10 -1000 -1000 -1000 -10
2205 12 pedestrian 0 0 -10 1550.2250673201397 1006.2961896243935 1598.512754506543 1077.8223578701286 -10 -10 -10 -1000 -1000 -1000 -10
2206 12 pedestrian 0 0 -10 1549.880547931281 1005.7820320488015 1598.7122054294832 1078.2220526542483 -10 -10 -10 -1000 -1000 -1000 -10
2207 12 pedestrian 0 0 -10 1549.900166231758 1006.2547304217181 1598.900481187274 1077.8933877110046 -10 -10 -10 -1000 -1000 -1000 -10
2208 12 pedestrian 0 0 -10 1549.5156982025164 1005.8580495197468 1599.328719869792 1077.7024557521784 -10 -10 -10 -1000 -1000 -1000 -10
2209 12 pedestrian 0 0 -10 1548.7224317138882 1005.5471691778436 1599.3597696927475 1077.1448480489428 -10 -10 -10 -1000 -1000 -1000 -10
2210 12 pedestrian 0 0 -10 1548.1144943078782 1005.9071514833219 1600.078543744013 1077.5611346921057 -10 -10 -10 -1000 -1000 -1000 -10
2211 12 pedestrian 0 0 -10 1546.948497865388 1004.9657148719962 1600.6670212413753 1077.800097895 -10 -10 -10 -1000 -1000 -1000 -10
2212 12 pedestrian 0 0 -10 1546.7578440997825 1004.5385174318714 1601.0530185228301 1077.4724612309462 -10 -10 -10 -1000 -1000 -1000 -10
2213 12 pedestrian 0 0 -10 1545.9876289507247 1003.6164586857052 1601.7139199955657 1078.0836581599756 -10 -10 -10 -1000 -1000 -1000 -10
2214 12 pedestrian 0 0 -10 1545.321694092086 1003.1789244292162 1602.2837075873545 1078.0598740695875 -10 -10 -10 -1000 -1000 -1000 -10
2215 12 pedestrian 0 0 -10 1544.9086890895928 1002.9155118068587 1602.7991625038896 1078.227611462724 -10 -10 -10 -1000 -1000 -1000 -10
2216 12 pedestrian 0 0 -10 1544.2917199763547 1002.1204515102481 1603.8579509999024 1078.8315330614741 -10 -10 -10 -1000 -1000 -1000 -10
2217 12 pedestrian 0 0 -10 1544.4195696398515 1002.7292378993991 1603.9241781534606 1078.6940885597976 -10 -10 -10 -1000 -1000 -1000 -10
2218 12 pedestrian 0 0 -10 1544.7572183894301 1003.2540148292372 1604.2320456001382 1078.4490501928274 -10 -10 -10 -1000 -1000 -1000 -10
2219 12 pedestrian 0 0 -10 1545.035606206111 1004.046743540902 1603.7738887935523 1077.6298391757064 -10 -10 -10 -1000 -1000 -1000 -10
2220 12 pedestrian 0 0 -10 1544.3555152093804 1003.7146509189524 1604.2044479793244 1078.2996720173314 -10 -10 -10 -1000 -1000 -1000 -10
2221 12 pedestrian 0 0 -10 1543.7310771205118 1003.0882304013792 1604.476941722986 1078.7295610108092 -10 -10 -10 -1000 -1000 -1000 -10
2222 12 pedestrian 0 0 -10 1551.5125991160307 1024.5592349009962 1597.4033908244774 1078.3753799320189 -10 -10 -10 -1000 -1000 -1000 -10
2400 18 pedestrian 0 0 -10 391.7579197475702 186.43737182617187 442.57868303563293 275.78187255859376 -10 -10 -10 -1000 -1000 -1000 -10
2406 18 pedestrian 0 0 -10 392.150317453626 187.89693615971964 441.45944856427127 274.36359190926225 -10 -10 -10 -1000 -1000 -1000 -10
2516 23 pedestrian 0 0 -10 374.40547152938325 517.3145263671875 643.1027132850699 1084.98984375 -10 -10 -10 -1000 -1000 -1000 -10
2595 25 pedestrian 0 0 -10 367.72318359193446 529.1903320312499 621.5697180193938 1083.3147460937498 -10 -10 -10 -1000 -1000 -1000 -10
2596 25 pedestrian 0 0 -10 372.7200391962893 528.0626775615424 627.272450804974 1084.3040125373 -10 -10 -10 -1000 -1000 -1000 -10
2752 30 pedestrian 0 0 -10 394.94844491684853 526.66845703125 625.2663683155733 1083.089208984375 -10 -10 -10 -1000 -1000 -1000 -10
3192 41 pedestrian 0 0 -10 367.2767377167189 530.444189453125 607.7117327422654 1083.1088134765623 -10 -10 -10 -1000 -1000 -1000 -10
3196 41 pedestrian 0 0 -10 374.2792250724644 530.6187069274486 614.4646779675626 1082.2044473084088 -10 -10 -10 -1000 -1000 -1000 -10
3235 42 pedestrian 0 0 -10 374.9508499784181 517.6442993164062 625.445683224707 1084.534423828125 -10 -10 -10 -1000 -1000 -1000 -10
3240 42 pedestrian 0 0 -10 374.29626659016037 504.4436463386154 628.8418195086726 1081.0728213138577 -10 -10 -10 -1000 -1000 -1000 -10
3264 43 pedestrian 0 0 -10 366.9541709835134 527.6595458984375 622.3117591922679 1084.9473876953125 -10 -10 -10 -1000 -1000 -1000 -10
3265 43 pedestrian 0 0 -10 366.5680267654102 521.5745677416535 622.6383584602688 1080.8608224583763 -10 -10 -10 -1000 -1000 -1000 -10
3363 44 pedestrian 0 0 -10 365.59425882178283 523.5036376953125 612.5189858071235 1088.8145019531248 -10 -10 -10 -1000 -1000 -1000 -10
3434 46 pedestrian 0 0 -10 792.0476476017452 445.56642456054686 1166.189620464661 1082.5401550292968 -10 -10 -10 -1000 -1000 -1000 -10
3436 46 pedestrian 0 0 -10 819.9674911166496 314.02239503636736 1211.4715659352526 986.8356787563526 -10 -10 -10 -1000 -1000 -1000 -10
3437 46 pedestrian 0 0 -10 847.8902576501746 258.43110036856797 1238.6476962263014 938.591009667995 -10 -10 -10 -1000 -1000 -1000 -10
3438 46 pedestrian 0 0 -10 872.399945744653 212.73478523020572 1251.338481861505 882.1428630861928 -10 -10 -10 -1000 -1000 -1000 -10
3439 46 pedestrian 0 0 -10 876.7937216361724 164.09613950073827 1258.3702156004124 849.3855514527695 -10 -10 -10 -1000 -1000 -1000 -10
3440 46 pedestrian 0 0 -10 901.8377690810601 129.29353413490543 1256.086828496999 781.0788985751747 -10 -10 -10 -1000 -1000 -1000 -10
3448 47 pedestrian 0 0 -10 968.9408108823471 72.65863342285155 1177.6473605043716 670.5893463134767 -10 -10 -10 -1000 -1000 -1000 -10
3449 47 pedestrian 0 0 -10 979.275288295668 82.00995622377224 1141.0057486755047 543.972950325679 -10 -10 -10 -1000 -1000 -1000 -10
3451 47 pedestrian 0 0 -10 833.9739916050708 71.82805313733269 1036.217392300149 647.506300054112 -10 -10 -10 -1000 -1000 -1000 -10
3464 49 pedestrian 0 0 -10 761.608415765592 117.60121154785153 963.2957956601895 580.448452758789 -10 -10 -10 -1000 -1000 -1000 -10
3480 50 pedestrian 0 0 -10 747.405966494656 111.09764251708984 937.9814114350316 583.8405746459961 -10 -10 -10 -1000 -1000 -1000 -10
3485 50 pedestrian 0 0 -10 777.4224494050104 110.79879095275015 950.0895144071179 537.2939604153303 -10 -10 -10 -1000 -1000 -1000 -10
3486 50 pedestrian 0 0 -10 778.8223441078026 116.40772399566742 951.4173246772381 539.8233917186436 -10 -10 -10 -1000 -1000 -1000 -10
3489 50 pedestrian 0 0 -10 775.165597961549 122.44267698758802 955.2891214206059 560.9538668695604 -10 -10 -10 -1000 -1000 -1000 -10
3490 50 pedestrian 0 0 -10 774.2605563705189 119.711113379663 956.1423766734395 558.6089509502033 -10 -10 -10 -1000 -1000 -1000 -10
3491 50 pedestrian 0 0 -10 770.5374474156757 116.07824691793815 959.6965782303043 569.778769810992 -10 -10 -10 -1000 -1000 -1000 -10
3492 50 pedestrian 0 0 -10 768.6927616277945 114.4133494300844 961.3671239639226 574.0459526933705 -10 -10 -10 -1000 -1000 -1000 -10
3493 50 pedestrian 0 0 -10 765.1234390902647 112.10472168074125 964.9395294098579 586.7164216243566 -10 -10 -10 -1000 -1000 -1000 -10
3494 50 pedestrian 0 0 -10 765.0969650790546 110.82989785043287 964.4422002669235 582.4314674315895 -10 -10 -10 -1000 -1000 -1000 -10
3497 50 pedestrian 0 0 -10 770.1225438618931 116.86999414664845 959.2511842353946 562.0765216438657 -10 -10 -10 -1000 -1000 -1000 -10
3500 50 pedestrian 0 0 -10 781.8766416133582 118.4702326057996 959.5828774611816 533.0605249220773 -10 -10 -10 -1000 -1000 -1000 -10
3501 50 pedestrian 0 0 -10 776.1976334300945 113.26769945034167 966.5398525418448 554.0481626960083 -10 -10 -10 -1000 -1000 -1000 -10
3502 50 pedestrian 0 0 -10 775.588712757362 110.7728755552412 967.8133620848535 552.212451430881 -10 -10 -10 -1000 -1000 -1000 -10
3503 50 pedestrian 0 0 -10 775.1738048728492 110.8802172475717 967.9490438432749 550.4771579834257 -10 -10 -10 -1000 -1000 -1000 -10
3504 50 pedestrian 0 0 -10 773.4967027387347 112.77359865851315 969.3983382617569 557.1786212493257 -10 -10 -10 -1000 -1000 -1000 -10
3506 50 pedestrian 0 0 -10 770.4651471693937 114.063548100703 972.4407970742751 570.6229620234367 -10 -10 -10 -1000 -1000 -1000 -10
3507 50 pedestrian 0 0 -10 768.3965141315766 112.09814438957113 974.4808438365353 576.116602841304 -10 -10 -10 -1000 -1000 -1000 -10
3508 50 pedestrian 0 0 -10 767.5241711139773 111.84329255555744 975.3537619209385 577.739908679966 -10 -10 -10 -1000 -1000 -1000 -10
3509 50 pedestrian 0 0 -10 771.9668536563622 113.15959549810634 979.8663993380736 576.6606779658314 -10 -10 -10 -1000 -1000 -1000 -10
3513 50 pedestrian 0 0 -10 769.0623057781978 114.77871138926534 975.280463601527 575.3139735355154 -10 -10 -10 -1000 -1000 -1000 -10
3515 50 pedestrian 0 0 -10 772.6740637795359 118.65198201395293 970.2457383361104 560.0600076165981 -10 -10 -10 -1000 -1000 -1000 -10
3516 50 pedestrian 0 0 -10 768.7541816199414 118.61324136031755 973.6699877613096 577.0353260699703 -10 -10 -10 -1000 -1000 -1000 -10
3517 50 pedestrian 0 0 -10 761.5114987998475 119.52793080059976 971.4983521314078 591.0771027676169 -10 -10 -10 -1000 -1000 -1000 -10
3518 50 pedestrian 0 0 -10 761.2273836899797 125.83096926869544 968.0240713677027 590.4637346464551 -10 -10 -10 -1000 -1000 -1000 -10
3523 50 pedestrian 0 0 -10 767.3030551481444 116.60890580202303 960.2712830994695 550.64857165149 -10 -10 -10 -1000 -1000 -1000 -10
3524 50 pedestrian 0 0 -10 765.7281506200286 115.14297373296287 962.1133195262554 556.9005501518495 -10 -10 -10 -1000 -1000 -1000 -10
3543 56 pedestrian 0 0 -10 762.0396993374869 124.78317565917968 969.3792337679818 559.0084930419921 -10 -10 -10 -1000 -1000 -1000 -10
3545 56 pedestrian 0 0 -10 750.5922266465598 113.50004074673956 964.7667928501156 562.6480884124855 -10 -10 -10 -1000 -1000 -1000 -10
3546 56 pedestrian 0 0 -10 752.7105933862961 113.49395915204363 970.6173806147284 571.8600224472101 -10 -10 -10 -1000 -1000 -1000 -10
3547 56 pedestrian 0 0 -10 757.5846646484235 121.77610298213474 968.7689188939689 566.5440068026936 -10 -10 -10 -1000 -1000 -1000 -10
3548 56 pedestrian 0 0 -10 752.2593393944272 120.0530449966704 965.161679245346 569.1542083857944 -10 -10 -10 -1000 -1000 -1000 -10
3549 56 pedestrian 0 0 -10 752.2081412011906 117.71215096740156 971.7826805163868 581.7690671435798 -10 -10 -10 -1000 -1000 -1000 -10
3550 56 pedestrian 0 0 -10 754.5044362128945 121.20888024875859 971.7937133709406 581.8482822762885 -10 -10 -10 -1000 -1000 -1000 -10
3551 56 pedestrian 0 0 -10 761.0821886473859 129.57699383541166 975.8208861371253 584.1262997969889 -10 -10 -10 -1000 -1000 -1000 -10
3552 56 pedestrian 0 0 -10 749.8181280310653 123.34468844905913 972.1738055454914 594.252549869747 -10 -10 -10 -1000 -1000 -1000 -10
3553 56 pedestrian 0 0 -10 757.8060275425818 132.99620078854264 967.8209109683704 576.8304511158408 -10 -10 -10 -1000 -1000 -1000 -10
3554 56 pedestrian 0 0 -10 755.0044008150173 123.94761578828087 972.2731005678841 582.5026250249639 -10 -10 -10 -1000 -1000 -1000 -10
3555 56 pedestrian 0 0 -10 755.2736903668982 123.23822930488751 963.3779247518904 563.2001734887963 -10 -10 -10 -1000 -1000 -1000 -10
3556 56 pedestrian 0 0 -10 759.276376007464 120.97110094500817 974.6645130607141 576.8882632130978 -10 -10 -10 -1000 -1000 -1000 -10
3571 57 pedestrian 0 0 -10 1547.1827853257662 1006.4864868164063 1603.2210965101715 1076.8981689453126 -10 -10 -10 -1000 -1000 -1000 -10
3572 57 pedestrian 0 0 -10 1546.7169332568878 1005.9951365521183 1602.5636003015445 1076.4244469103091 -10 -10 -10 -1000 -1000 -1000 -10
3573 57 pedestrian 0 0 -10 1547.4346351920153 1006.9836446226655 1602.924083561286 1077.1643901714128 -10 -10 -10 -1000 -1000 -1000 -10
3581 58 pedestrian 0 0 -10 1544.3318819250026 1004.2249023437499 1603.6479276453101 1078.83740234375 -10 -10 -10 -1000 -1000 -1000 -10
3582 58 pedestrian 0 0 -10 1544.9138998242704 1004.4960853606005 1603.5924293839266 1078.402429166562 -10 -10 -10 -1000 -1000 -1000 -10
3597 59 pedestrian 0 0 -10 1545.614152139107 1005.3111328125 1593.1824543062057 1076.4696533203125 -10 -10 -10 -1000 -1000 -1000 -10
3598 59 pedestrian 0 0 -10 1543.8724874286072 1004.5685559432911 1592.585626270784 1077.3578711822036 -10 -10 -10 -1000 -1000 -1000 -10
3600 59 pedestrian 0 0 -10 1549.0638760442723 1005.0556271128282 1597.5570609059098 1077.278805020928 -10 -10 -10 -1000 -1000 -1000 -10
3628 61 pedestrian 0 0 -10 766.3795630468445 117.78592376708983 948.5063744531556 517.5682235717774 -10 -10 -10 -1000 -1000 -1000 -10
3632 61 pedestrian 0 0 -10 720.1836906437808 116.53912044915006 1007.4559949438467 750.3690243971125 -10 -10 -10 -1000 -1000 -1000 -10
3635 61 pedestrian 0 0 -10 747.5382590339765 125.0901636068358 981.6381555936549 644.5957504073713 -10 -10 -10 -1000 -1000 -1000 -10
3674 66 pedestrian 0 0 -10 762.0564818878353 114.69836730957033 977.5866211395086 603.1435455322265 -10 -10 -10 -1000 -1000 -1000 -10
3675 66 pedestrian 0 0 -10 764.0135508487726 113.61161588367088 956.3145820805732 549.254306353418 -10 -10 -10 -1000 -1000 -1000 -10
3677 66 pedestrian 0 0 -10 769.2104828765006 108.29616007433387 969.628405525624 561.7801540780215 -10 -10 -10 -1000 -1000 -1000 -10
3678 66 pedestrian 0 0 -10 767.904308678114 108.31401542552581 973.7770089709759 573.5621278863786 -10 -10 -10 -1000 -1000 -1000 -10
3679 66 pedestrian 0 0 -10 766.8250561950015 108.1163289739749 966.662572750365 558.6210512149747 -10 -10 -10 -1000 -1000 -1000 -10
3680 66 pedestrian 0 0 -10 761.6961792403557 107.4390142685003 968.5456138741808 573.6366877372438 -10 -10 -10 -1000 -1000 -1000 -10
3681 66 pedestrian 0 0 -10 759.4671063617756 112.63652124754765 959.7113213034338 563.7204827743702 -10 -10 -10 -1000 -1000 -1000 -10
3682 66 pedestrian 0 0 -10 761.8902865540961 118.66465945957015 943.6161103800939 527.120312587316 -10 -10 -10 -1000 -1000 -1000 -10
3682 67 pedestrian 0 0 -10 763.8051861172374 118.27403717041014 936.0442401522938 494.3779067993164 -10 -10 -10 -1000 -1000 -1000 -10
3686 66 pedestrian 0 0 -10 761.2900325985183 117.93794831059228 937.9449774539721 513.321323602584 -10 -10 -10 -1000 -1000 -1000 -10
3687 66 pedestrian 0 0 -10 762.444046401137 116.22630664098844 936.5829918748746 504.6724704536899 -10 -10 -10 -1000 -1000 -1000 -10
3690 66 pedestrian 0 0 -10 762.7953145128577 115.9814199628992 936.0242712081433 500.70760457609356 -10 -10 -10 -1000 -1000 -1000 -10
3693 66 pedestrian 0 0 -10 757.4241305364858 115.43077674609714 941.7205963389242 524.8994984245 -10 -10 -10 -1000 -1000 -1000 -10
3694 66 pedestrian 0 0 -10 758.357819748185 114.49941091963152 941.1633757966812 520.5864150343452 -10 -10 -10 -1000 -1000 -1000 -10
3695 66 pedestrian 0 0 -10 756.3053495358982 113.24425007259401 943.4179441626353 529.0622247936632 -10 -10 -10 -1000 -1000 -1000 -10
3696 66 pedestrian 0 0 -10 757.9136072965442 114.2389626584262 941.5398125196405 521.8854805293611 -10 -10 -10 -1000 -1000 -1000 -10
3698 66 pedestrian 0 0 -10 758.115704168703 113.03133672811703 941.5697229634477 520.0192121471323 -10 -10 -10 -1000 -1000 -1000 -10
3700 66 pedestrian 0 0 -10 760.4127543636455 117.6473290138716 939.5217845571947 514.8847855621415 -10 -10 -10 -1000 -1000 -1000 -10
3708 68 pedestrian 0 0 -10 757.2080378296201 111.74554443359372 974.2265202758487 594.9423950195312 -10 -10 -10 -1000 -1000 -1000 -10
3709 68 pedestrian 0 0 -10 757.03872593781 112.29671973053942 972.4870696798255 591.9843238921849 -10 -10 -10 -1000 -1000 -1000 -10
3710 68 pedestrian 0 0 -10 762.2818699019721 113.37172804691474 966.3543312327346 567.8904636448386 -10 -10 -10 -1000 -1000 -1000 -10
3730 71 pedestrian 0 0 -10 755.9805374314689 113.22150268554688 975.0149215529063 579.0391479492188 -10 -10 -10 -1000 -1000 -1000 -10
3731 71 pedestrian 0 0 -10 757.3807906828335 116.03271746949616 982.9372232172121 595.9860214364933 -10 -10 -10 -1000 -1000 -1000 -10
3732 71 pedestrian 0 0 -10 760.058901406776 121.60239630025674 983.009871349265 597.0030937548113 -10 -10 -10 -1000 -1000 -1000 -10
3741 72 pedestrian 0 0 -10 757.0260139844846 115.26251525878905 957.0742545702029 545.705972290039 -10 -10 -10 -1000 -1000 -1000 -10
3742 72 pedestrian 0 0 -10 759.5692633249973 114.65034504644592 965.1421822341663 557.0844866780592 -10 -10 -10 -1000 -1000 -1000 -10
3743 72 pedestrian 0 0 -10 760.6705971262274 115.27344339370828 957.0830536018449 538.3738962196436 -10 -10 -10 -1000 -1000 -1000 -10
3744 72 pedestrian 0 0 -10 761.4415768286339 115.99787637710685 964.2615281023831 553.1332068590286 -10 -10 -10 -1000 -1000 -1000 -10
3746 72 pedestrian 0 0 -10 760.2201733113664 112.53558112945763 968.601829702781 562.3000104652099 -10 -10 -10 -1000 -1000 -1000 -10
3747 72 pedestrian 0 0 -10 759.7325853430465 111.30056106901691 969.2565819063038 564.4643956344087 -10 -10 -10 -1000 -1000 -1000 -10
3748 72 pedestrian 0 0 -10 759.1386859128103 109.56275983054164 969.8576228513716 566.2466176758153 -10 -10 -10 -1000 -1000 -1000 -10
3749 72 pedestrian 0 0 -10 757.2283874260341 104.98626908755514 971.7315975030854 571.0471905606142 -10 -10 -10 -1000 -1000 -1000 -10
3754 72 pedestrian 0 0 -10 759.3314916249113 115.77903383320157 956.6036729012499 546.908334041642 -10 -10 -10 -1000 -1000 -1000 -10
3755 72 pedestrian 0 0 -10 757.2376095283663 116.44519294803214 956.9282576143247 555.1139958662876 -10 -10 -10 -1000 -1000 -1000 -10
3756 72 pedestrian 0 0 -10 758.739523240582 117.24424320375326 945.7748039282354 528.5985201484713 -10 -10 -10 -1000 -1000 -1000 -10
3757 72 pedestrian 0 0 -10 751.1474801849821 122.64403267582097 949.8026876173683 562.1313290376138 -10 -10 -10 -1000 -1000 -1000 -10
3758 72 pedestrian 0 0 -10 759.0959173285094 119.55199453271584 949.3814427064508 541.2743278854514 -10 -10 -10 -1000 -1000 -1000 -10
3759 72 pedestrian 0 0 -10 757.839529863912 116.3693615193969 963.711860994537 573.365872016749 -10 -10 -10 -1000 -1000 -1000 -10
3760 72 pedestrian 0 0 -10 759.1294224052009 118.72000739301012 966.8467137012727 581.1539321150308 -10 -10 -10 -1000 -1000 -1000 -10
3761 72 pedestrian 0 0 -10 762.2200940387235 114.22613729484556 975.3552360719148 589.1549526007797 -10 -10 -10 -1000 -1000 -1000 -10
3762 72 pedestrian 0 0 -10 764.4416868808763 109.97818584846746 986.3893939351271 604.1880040489441 -10 -10 -10 -1000 -1000 -1000 -10
3763 72 pedestrian 0 0 -10 767.0293292104088 109.17452192356672 979.5487187656043 581.3919859125147 -10 -10 -10 -1000 -1000 -1000 -10
3764 72 pedestrian 0 0 -10 758.9197417870712 108.32199750643764 976.2949892519595 591.3968692762189 -10 -10 -10 -1000 -1000 -1000 -10
3765 72 pedestrian 0 0 -10 758.9315034826749 110.76780249463809 963.0612478106035 564.7260099750723 -10 -10 -10 -1000 -1000 -1000 -10
3767 72 pedestrian 0 0 -10 752.6937460390571 115.45107473038104 951.8048831099317 559.7157228240314 -10 -10 -10 -1000 -1000 -1000 -10
3768 72 pedestrian 0 0 -10 754.6580351362426 112.8822969739889 956.1149118564384 562.2930776453627 -10 -10 -10 -1000 -1000 -1000 -10
3770 72 pedestrian 0 0 -10 757.2923794677154 111.2993928803304 955.8737656997157 552.8252540771178 -10 -10 -10 -1000 -1000 -1000 -10
3771 72 pedestrian 0 0 -10 761.8918110943202 110.27004208047066 952.1701634877027 532.016805994037 -10 -10 -10 -1000 -1000 -1000 -10
3773 72 pedestrian 0 0 -10 754.9379943536824 108.02276958200838 948.0278076567117 536.0659095201086 -10 -10 -10 -1000 -1000 -1000 -10
3776 72 pedestrian 0 0 -10 770.3493727665254 115.46930666861346 953.6024023088025 518.29915864122 -10 -10 -10 -1000 -1000 -1000 -10
3779 72 pedestrian 0 0 -10 754.5914194895071 114.47483285685416 936.6511218134115 516.7612124263204 -10 -10 -10 -1000 -1000 -1000 -10
3780 72 pedestrian 0 0 -10 752.1676016376862 113.07898896612653 934.5258264876327 518.0649746853853 -10 -10 -10 -1000 -1000 -1000 -10
3781 72 pedestrian 0 0 -10 752.547661282749 114.74763144580115 932.9220643788257 516.3996303282688 -10 -10 -10 -1000 -1000 -1000 -10
3782 72 pedestrian 0 0 -10 754.738089270639 114.81390420577205 930.4720626790363 507.5247763098938 -10 -10 -10 -1000 -1000 -1000 -10
3784 72 pedestrian 0 0 -10 764.233807273235 116.38494613427875 942.22081295062 512.9768306095314 -10 -10 -10 -1000 -1000 -1000 -10
3790 72 pedestrian 0 0 -10 765.6733158874863 112.92375574546605 948.6604663218916 518.7367302814134 -10 -10 -10 -1000 -1000 -1000 -10
3798 73 pedestrian 0 0 -10 756.2184615662039 114.3994171142578 960.8615189025461 543.5547515869141 -10 -10 -10 -1000 -1000 -1000 -10
3799 73 pedestrian 0 0 -10 754.4460576302065 113.58504247829234 960.4028525565235 546.3052153722963 -10 -10 -10 -1000 -1000 -1000 -10
3801 73 pedestrian 0 0 -10 761.2147020516084 109.94672372182146 965.0648874644944 538.082055526359 -10 -10 -10 -1000 -1000 -1000 -10
3802 73 pedestrian 0 0 -10 762.0696142629571 113.81295271055143 956.3064588316337 521.7484053518256 -10 -10 -10 -1000 -1000 -1000 -10
3805 73 pedestrian 0 0 -10 744.6202269430937 110.3765518506583 944.7755260227211 533.2792955312455 -10 -10 -10 -1000 -1000 -1000 -10
3807 73 pedestrian 0 0 -10 729.168684952486 110.3296590297333 944.10396272606 569.558157012413 -10 -10 -10 -1000 -1000 -1000 -10
3808 73 pedestrian 0 0 -10 727.1733185094413 111.40451449861874 943.1093931897663 575.8418516784853 -10 -10 -10 -1000 -1000 -1000 -10
3825 75 pedestrian 0 0 -10 749.0371685968532 106.80840301513672 965.1519305242405 582.4972518920898 -10 -10 -10 -1000 -1000 -1000 -10
3826 75 pedestrian 0 0 -10 752.742949856931 98.14080412332208 971.9776308293493 580.5176573492049 -10 -10 -10 -1000 -1000 -1000 -10
3858 76 pedestrian 0 0 -10 749.6549328457492 112.34818267822263 936.3348864901882 545.8337295532226 -10 -10 -10 -1000 -1000 -1000 -10
3859 76 pedestrian 0 0 -10 753.5494546716862 111.43033638359125 932.6553382209313 527.1607691910064 -10 -10 -10 -1000 -1000 -1000 -10
3860 76 pedestrian 0 0 -10 758.29781835101 111.93987838815636 939.1321961666787 531.4370952624425 -10 -10 -10 -1000 -1000 -1000 -10
3861 76 pedestrian 0 0 -10 755.9554189876391 114.67676070024993 944.4003141694122 551.8486193007601 -10 -10 -10 -1000 -1000 -1000 -10
3862 76 pedestrian 0 0 -10 758.4565947903633 118.17968225252642 942.8724363302173 546.0669661652795 -10 -10 -10 -1000 -1000 -1000 -10
3922 77 pedestrian 0 0 -10 729.808500597059 113.21712646484374 955.620173719347 615.4517578125 -10 -10 -10 -1000 -1000 -1000 -10
3923 77 pedestrian 0 0 -10 732.5573573548695 114.45075663154932 953.1642013089571 605.4267628794393 -10 -10 -10 -1000 -1000 -1000 -10
3924 77 pedestrian 0 0 -10 733.5359550150968 114.86552117338732 952.2712457709124 602.0765387337112 -10 -10 -10 -1000 -1000 -1000 -10
3929 77 pedestrian 0 0 -10 759.9352903180661 114.3725539879392 966.1645707672951 575.4253842190759 -10 -10 -10 -1000 -1000 -1000 -10
3934 77 pedestrian 0 0 -10 762.1236093849415 114.95168102395061 941.7542321465577 519.9491482324466 -10 -10 -10 -1000 -1000 -1000 -10
3935 77 pedestrian 0 0 -10 759.9373687038969 115.03684159413251 941.037289396386 526.3651319382768 -10 -10 -10 -1000 -1000 -1000 -10
3939 77 pedestrian 0 0 -10 752.2567057082841 112.42862544271512 947.5422889489947 556.6698355340436 -10 -10 -10 -1000 -1000 -1000 -10
3940 77 pedestrian 0 0 -10 751.7792769273664 113.89005663645722 938.5404953061369 539.9351966230911 -10 -10 -10 -1000 -1000 -1000 -10
3941 77 pedestrian 0 0 -10 756.4788571458796 115.04211566175476 939.6104647365627 533.0279435785757 -10 -10 -10 -1000 -1000 -1000 -10
3943 77 pedestrian 0 0 -10 747.9971249729764 113.64760159976245 950.5861731280479 576.7946007672323 -10 -10 -10 -1000 -1000 -1000 -10
3944 77 pedestrian 0 0 -10 745.0974970398239 110.21247213788723 953.9535378028143 589.4455775731124 -10 -10 -10 -1000 -1000 -1000 -10
3945 77 pedestrian 0 0 -10 752.4771602171061 114.35983776579283 955.8383756595515 579.9898717224522 -10 -10 -10 -1000 -1000 -1000 -10
3946 77 pedestrian 0 0 -10 750.3353782722613 114.97802122198982 952.6912276843673 577.1109588359494 -10 -10 -10 -1000 -1000 -1000 -10
3947 77 pedestrian 0 0 -10 758.2304934876823 116.54496917095065 942.4127133980373 536.9191280247792 -10 -10 -10 -1000 -1000 -1000 -10
3949 77 pedestrian 0 0 -10 751.0768950474946 114.33682881566347 959.7529488813384 589.6000969076194 -10 -10 -10 -1000 -1000 -1000 -10
3950 77 pedestrian 0 0 -10 752.0702332566801 114.26990589762866 961.0423156935931 590.8807893043612 -10 -10 -10 -1000 -1000 -1000 -10
3953 77 pedestrian 0 0 -10 755.7915172435357 114.09556232284913 959.0501414633458 579.8554358350684 -10 -10 -10 -1000 -1000 -1000 -10
3961 80 pedestrian 0 0 -10 766.6791761538487 113.88994293212892 961.5515611508386 575.6569717407226 -10 -10 -10 -1000 -1000 -1000 -10
4070 86 pedestrian 0 0 -10 721.3901290547844 101.24965515136716 935.8586868631844 647.8127899169922 -10 -10 -10 -1000 -1000 -1000 -10
4071 86 pedestrian 0 0 -10 732.399408541458 98.06388115847454 935.6533194454403 615.7240462357045 -10 -10 -10 -1000 -1000 -1000 -10
4072 86 pedestrian 0 0 -10 736.8068700367812 98.60945087229686 935.1947416918916 603.4537758576171 -10 -10 -10 -1000 -1000 -1000 -10
4073 86 pedestrian 0 0 -10 748.0848350730345 106.18872470920252 935.3650422146495 582.7840012737784 -10 -10 -10 -1000 -1000 -1000 -10
4074 86 pedestrian 0 0 -10 743.5541734903259 106.95370225083514 932.7940695735074 589.6921993383726 -10 -10 -10 -1000 -1000 -1000 -10
4075 86 pedestrian 0 0 -10 754.4643509998417 111.45229727941921 929.0337675476635 556.9198076711078 -10 -10 -10 -1000 -1000 -1000 -10
4077 86 pedestrian 0 0 -10 758.8727885207282 112.91414416167763 928.0113060632293 544.7739306938764 -10 -10 -10 -1000 -1000 -1000 -10
4078 86 pedestrian 0 0 -10 741.3069688429713 104.58707044699548 935.5336538187676 602.3846330543222 -10 -10 -10 -1000 -1000 -1000 -10
4081 86 pedestrian 0 0 -10 739.122761733911 108.62573006086063 933.4732534897038 607.3596047809845 -10 -10 -10 -1000 -1000 -1000 -10
4082 86 pedestrian 0 0 -10 744.9300457176756 108.3285882286072 936.362426078114 599.3276540863858 -10 -10 -10 -1000 -1000 -1000 -10
4083 86 pedestrian 0 0 -10 749.0465943465073 108.87759499464329 935.6567730441711 586.4027792764018 -10 -10 -10 -1000 -1000 -1000 -10
4085 86 pedestrian 0 0 -10 744.5890310375742 106.82537731996794 930.5642113785932 583.2025405571959 -10 -10 -10 -1000 -1000 -1000 -10
4086 86 pedestrian 0 0 -10 740.9423099686938 104.35379710609524 931.8520479322622 594.1599124822951 -10 -10 -10 -1000 -1000 -1000 -10
4170 92 pedestrian 0 0 -10 767.0964298928048 116.35081939697267 946.9907405173512 530.1336013793946 -10 -10 -10 -1000 -1000 -1000 -10
4172 92 pedestrian 0 0 -10 766.0726049593915 114.24737029274385 947.918255720999 532.4209409812221 -10 -10 -10 -1000 -1000 -1000 -10
4176 92 pedestrian 0 0 -10 758.2306124599562 116.38183193130419 955.5422554048405 570.6227647949366 -10 -10 -10 -1000 -1000 -1000 -10
4180 92 pedestrian 0 0 -10 744.891746685732 115.8640801977869 943.6217593106494 575.7761366615532 -10 -10 -10 -1000 -1000 -1000 -10
4181 92 pedestrian 0 0 -10 751.3014065923601 118.34925459651345 934.4463850837486 543.4612992991601 -10 -10 -10 -1000 -1000 -1000 -10
4198 93 pedestrian 0 0 -10 763.6286387436688 119.761686706543 933.0843129164874 530.0424240112304 -10 -10 -10 -1000 -1000 -1000 -10
4203 93 pedestrian 0 0 -10 757.2082890767175 115.5699118633581 929.1374911754468 531.5510377803649 -10 -10 -10 -1000 -1000 -1000 -10
4209 93 pedestrian 0 0 -10 750.518568010597 110.46220915454336 947.5970580894434 590.2207553676444 -10 -10 -10 -1000 -1000 -1000 -10
4210 93 pedestrian 0 0 -10 753.485484195969 112.34163600378872 946.020866021482 582.8104498672968 -10 -10 -10 -1000 -1000 -1000 -10
4211 93 pedestrian 0 0 -10 751.8313320111781 110.06122873568995 948.0761394081962 592.1140042630074 -10 -10 -10 -1000 -1000 -1000 -10
4214 94 pedestrian 0 0 -10 750.1352545708147 117.22009277343747 949.8027703315291 597.7407348632812 -10 -10 -10 -1000 -1000 -1000 -10
4265 96 pedestrian 0 0 -10 750.6624641003303 107.8952651977539 937.7190056262323 575.8403213500976 -10 -10 -10 -1000 -1000 -1000 -10
4266 96 pedestrian 0 0 -10 761.1055119857972 114.51785482800929 935.9330682929561 552.0434480766339 -10 -10 -10 -1000 -1000 -1000 -10
4304 99 pedestrian 0 0 -10 746.1242362625053 114.32312927246093 939.404645573432 578.0731781005859 -10 -10 -10 -1000 -1000 -1000 -10
4306 99 pedestrian 0 0 -10 752.5773985174795 113.5339018390629 945.5320420266441 576.3292425337931 -10 -10 -10 -1000 -1000 -1000 -10
4307 99 pedestrian 0 0 -10 741.6216568772107 113.3291938542842 947.9688011232753 608.5851706622317 -10 -10 -10 -1000 -1000 -1000 -10
4309 99 pedestrian 0 0 -10 757.8996121245448 116.32935557460777 951.7850407034678 581.6284649715745 -10 -10 -10 -1000 -1000 -1000 -10
4311 100 pedestrian 0 0 -10 361.8258590307577 527.7256347656249 615.9843277368204 1084.5243896484376 -10 -10 -10 -1000 -1000 -1000 -10
4324 101 pedestrian 0 0 -10 764.3865350431075 113.09909973144528 960.4256719881423 587.5335113525391 -10 -10 -10 -1000 -1000 -1000 -10
4325 101 pedestrian 0 0 -10 763.1872910424427 114.21745768341012 963.8671739920857 599.56414351033 -10 -10 -10 -1000 -1000 -1000 -10
4341 102 pedestrian 0 0 -10 747.8635285173411 113.28592987060546 954.3915740217215 587.5695053100585 -10 -10 -10 -1000 -1000 -1000 -10
4409 105 pedestrian 0 0 -10 756.0209144550239 113.83853912353516 954.6907188457574 581.4736099243164 -10 -10 -10 -1000 -1000 -1000 -10
4461 108 pedestrian 0 0 -10 735.593475649762 118.38178710937501 950.1999935885192 596.9739501953125 -10 -10 -10 -1000 -1000 -1000 -10
4462 108 pedestrian 0 0 -10 727.563784946238 113.64170127367612 947.3130074026011 603.8936681436328 -10 -10 -10 -1000 -1000 -1000 -10
4464 108 pedestrian 0 0 -10 725.2776538264735 113.16734398959397 945.5816719959673 604.6215165321316 -10 -10 -10 -1000 -1000 -1000 -10
4469 108 pedestrian 0 0 -10 745.9587614246257 115.57114271108483 951.1637936987772 575.536527519812 -10 -10 -10 -1000 -1000 -1000 -10
4501 109 pedestrian 0 0 -10 736.7407568178552 118.81730041503906 948.7387597837072 610.4138702392578 -10 -10 -10 -1000 -1000 -1000 -10
4504 109 pedestrian 0 0 -10 759.591306944431 119.76617308864931 965.8904462451842 598.6246697624742 -10 -10 -10 -1000 -1000 -1000 -10
4507 109 pedestrian 0 0 -10 755.4218662215053 111.55016249190552 962.1419576924964 592.2489969367568 -10 -10 -10 -1000 -1000 -1000 -10
4508 109 pedestrian 0 0 -10 747.5424657259412 110.81513506941644 958.4070386829824 601.524426804473 -10 -10 -10 -1000 -1000 -1000 -10
4687 114 pedestrian 0 0 -10 767.5525511099668 116.16967163085937 960.2475831673768 576.1156372070312 -10 -10 -10 -1000 -1000 -1000 -10
4692 114 pedestrian 0 0 -10 763.6001583216321 111.48555591070453 964.6666552500069 591.8523602970839 -10 -10 -10 -1000 -1000 -1000 -10
4694 114 pedestrian 0 0 -10 762.0693424609017 115.65029884229821 954.9199024855336 577.1704173009242 -10 -10 -10 -1000 -1000 -1000 -10
4699 114 pedestrian 0 0 -10 753.0360297916786 109.90345737709717 960.2412393943207 605.595566165137 -10 -10 -10 -1000 -1000 -1000 -10
4703 114 pedestrian 0 0 -10 764.5062407952137 117.14088076224922 961.2023923642632 588.9953509090537 -10 -10 -10 -1000 -1000 -1000 -10
4704 114 pedestrian 0 0 -10 765.1780413876428 115.63395799638567 962.3755572875605 588.9906246816255 -10 -10 -10 -1000 -1000 -1000 -10
4705 114 pedestrian 0 0 -10 763.8803328378552 116.06257443760646 964.1123662654065 597.3830544498991 -10 -10 -10 -1000 -1000 -1000 -10
4706 114 pedestrian 0 0 -10 764.5411828354414 114.27103070915447 963.4566070870137 593.0664162987538 -10 -10 -10 -1000 -1000 -1000 -10
4707 114 pedestrian 0 0 -10 769.5866357266066 115.55677081341247 958.3535576398441 570.5926939613421 -10 -10 -10 -1000 -1000 -1000 -10
4708 114 pedestrian 0 0 -10 767.6197100817939 116.19653627898859 960.5338444566893 580.9538397366338 -10 -10 -10 -1000 -1000 -1000 -10
4709 114 pedestrian 0 0 -10 768.738687016484 115.71412717127637 959.5180829897465 575.9741505660943 -10 -10 -10 -1000 -1000 -1000 -10
4711 114 pedestrian 0 0 -10 758.8675588125494 116.55215058684792 946.9705508019564 572.5049138124255 -10 -10 -10 -1000 -1000 -1000 -10
4713 114 pedestrian 0 0 -10 762.8963835735201 118.46741383852117 948.3156504898037 570.0732355869948 -10 -10 -10 -1000 -1000 -1000 -10
4715 114 pedestrian 0 0 -10 762.2674535316127 120.46020365349835 950.1606435148692 579.5857230537165 -10 -10 -10 -1000 -1000 -1000 -10
4718 114 pedestrian 0 0 -10 758.8253851585021 120.46324417600215 942.1139403736983 570.7757745505303 -10 -10 -10 -1000 -1000 -1000 -10
4720 114 pedestrian 0 0 -10 754.774859884633 117.27416779130712 944.7373022128836 583.5286088861943 -10 -10 -10 -1000 -1000 -1000 -10
4733 115 pedestrian 0 0 -10 763.3659772614637 115.0776596069336 950.1754045744739 573.9852767944336 -10 -10 -10 -1000 -1000 -1000 -10
4734 115 pedestrian 0 0 -10 754.0074203428359 116.03110803864064 949.0631626080477 594.8644152310249 -10 -10 -10 -1000 -1000 -1000 -10
4735 115 pedestrian 0 0 -10 765.1385465877165 114.82171974729542 955.6382154701802 581.9714248442054 -10 -10 -10 -1000 -1000 -1000 -10
4736 115 pedestrian 0 0 -10 769.6596006637844 115.52071378674941 957.6364512869218 575.6788877885896 -10 -10 -10 -1000 -1000 -1000 -10
4738 115 pedestrian 0 0 -10 776.36719390741 116.72084539659181 952.9477643676162 548.6265975088168 -10 -10 -10 -1000 -1000 -1000 -10
4740 115 pedestrian 0 0 -10 773.5162776525558 118.71297133427922 955.9572424129834 564.6176940284455 -10 -10 -10 -1000 -1000 -1000 -10
4741 115 pedestrian 0 0 -10 774.320684645341 118.6249129549787 954.8273404481259 558.6721745149869 -10 -10 -10 -1000 -1000 -1000 -10
4747 115 pedestrian 0 0 -10 742.6213633756256 111.1611749052908 945.9192699856977 603.6120101788274 -10 -10 -10 -1000 -1000 -1000 -10
4750 116 pedestrian 0 0 -10 757.3845209362738 118.87628784179685 942.3402837512261 573.4893859863281 -10 -10 -10 -1000 -1000 -1000 -10
4762 119 pedestrian 0 0 -10 768.9164330085583 119.4199142456055 944.9453345695667 535.9307357788086 -10 -10 -10 -1000 -1000 -1000 -10
4763 119 pedestrian 0 0 -10 766.250573455028 119.90904783451984 948.0880177799916 550.4772844783688 -10 -10 -10 -1000 -1000 -1000 -10
4764 119 pedestrian 0 0 -10 761.5719171649337 116.5721148263626 952.7373502576108 569.6910193198172 -10 -10 -10 -1000 -1000 -1000 -10
4765 119 pedestrian 0 0 -10 761.8940923213692 115.14605402741833 952.1450701695395 566.0197755822049 -10 -10 -10 -1000 -1000 -1000 -10
4766 119 pedestrian 0 0 -10 768.4938148733852 118.00815415784888 955.2992417619724 560.6355687510172 -10 -10 -10 -1000 -1000 -1000 -10
4767 119 pedestrian 0 0 -10 769.1776330302752 121.07983817667571 948.5034713676907 546.1634869365706 -10 -10 -10 -1000 -1000 -1000 -10
4768 119 pedestrian 0 0 -10 772.3686647040821 124.27486419839207 943.1980720707473 529.0674937818195 -10 -10 -10 -1000 -1000 -1000 -10
4779 121 pedestrian 0 0 -10 766.6527233740701 115.21773376464847 947.2394763329612 560.2748992919921 -10 -10 -10 -1000 -1000 -1000 -10
4780 121 pedestrian 0 0 -10 772.8977789737218 117.35667437264834 951.7993070994629 558.3199820277532 -10 -10 -10 -1000 -1000 -1000 -10
4781 121 pedestrian 0 0 -10 779.8421375090991 119.16378199952135 948.266603730577 533.9344099382225 -10 -10 -10 -1000 -1000 -1000 -10
4782 121 pedestrian 0 0 -10 781.8074983354495 119.97694783700175 947.1513720033913 526.1490245537317 -10 -10 -10 -1000 -1000 -1000 -10
4787 121 pedestrian 0 0 -10 771.4025668884193 117.97512610016673 943.5854413229215 540.4349862593244 -10 -10 -10 -1000 -1000 -1000 -10
4788 121 pedestrian 0 0 -10 763.876592453113 117.88221960093364 940.4404205210017 551.5474036960857 -10 -10 -10 -1000 -1000 -1000 -10
4789 121 pedestrian 0 0 -10 765.5513314714896 117.36782609843124 944.2885065976986 556.1484673115634 -10 -10 -10 -1000 -1000 -1000 -10
4793 121 pedestrian 0 0 -10 771.7513683960965 117.87536335965439 941.4224893322923 532.3757669805921 -10 -10 -10 -1000 -1000 -1000 -10
4794 121 pedestrian 0 0 -10 774.9547692574843 120.14252032802568 938.4773519401132 517.113467341926 -10 -10 -10 -1000 -1000 -1000 -10
4797 121 pedestrian 0 0 -10 775.448144820297 119.83938245500724 938.0018732183489 512.403265564804 -10 -10 -10 -1000 -1000 -1000 -10
4798 121 pedestrian 0 0 -10 775.3735499301663 120.00149887636022 938.1364327740965 511.7019104480029 -10 -10 -10 -1000 -1000 -1000 -10
4799 121 pedestrian 0 0 -10 768.4980570907018 119.20390313132452 936.0935574696252 521.7902517983723 -10 -10 -10 -1000 -1000 -1000 -10
4800 121 pedestrian 0 0 -10 766.7718467364181 121.34187744494574 934.4502009218577 522.9740671418681 -10 -10 -10 -1000 -1000 -1000 -10
4801 121 pedestrian 0 0 -10 758.2802703297767 117.36415069786204 941.3559967772678 556.517225709397 -10 -10 -10 -1000 -1000 -1000 -10
4814 124 pedestrian 0 0 -10 776.9171534806694 119.80614624023437 934.5451267927681 490.21561889648433 -10 -10 -10 -1000 -1000 -1000 -10
4906 130 pedestrian 0 0 -10 753.2417690503944 119.8655685424805 960.4525058519494 577.6485946655273 -10 -10 -10 -1000 -1000 -1000 -10
4921 133 pedestrian 0 0 -10 741.9245924895703 116.1524978637695 954.6139329010548 601.392481994629 -10 -10 -10 -1000 -1000 -1000 -10
4922 133 pedestrian 0 0 -10 729.9897090924812 116.07399866753033 947.2430928200348 612.2261923329002 -10 -10 -10 -1000 -1000 -1000 -10
4927 133 pedestrian 0 0 -10 741.9935409868497 115.20791395885547 955.8654453691139 603.4495236862733 -10 -10 -10 -1000 -1000 -1000 -10
4928 133 pedestrian 0 0 -10 734.8970209191699 113.190774998884 954.4140906889968 614.6772299417405 -10 -10 -10 -1000 -1000 -1000 -10
4929 133 pedestrian 0 0 -10 741.1563379035272 110.94254822530564 954.7623030283899 600.7043274966602 -10 -10 -10 -1000 -1000 -1000 -10
4930 133 pedestrian 0 0 -10 743.324428990311 109.21159834866674 955.3079844517242 596.0821548131747 -10 -10 -10 -1000 -1000 -1000 -10
4931 133 pedestrian 0 0 -10 743.8058205739835 107.58750124903733 955.7538894595983 595.431777931391 -10 -10 -10 -1000 -1000 -1000 -10
4952 135 pedestrian 0 0 -10 352.2230839945569 511.7561950683593 611.6211420796619 1087.8813415527343 -10 -10 -10 -1000 -1000 -1000 -10
4953 135 pedestrian 0 0 -10 350.81337171060716 510.9248621984669 610.8057835682216 1088.6132148720726 -10 -10 -10 -1000 -1000 -1000 -10
4977 137 pedestrian 0 0 -10 747.923509799132 110.32188720703127 951.588172329774 579.3486328125 -10 -10 -10 -1000 -1000 -1000 -10
4979 137 pedestrian 0 0 -10 745.4653944309115 110.85520706459207 954.2619488201142 591.3461904938671 -10 -10 -10 -1000 -1000 -1000 -10
4995 142 pedestrian 0 0 -10 748.0962279399155 118.60642852783207 952.0886109272719 598.9874465942382 -10 -10 -10 -1000 -1000 -1000 -10
4996 142 pedestrian 0 0 -10 750.2085139625406 116.88429340016461 960.4937264778569 611.6114052306611 -10 -10 -10 -1000 -1000 -1000 -10
4997 142 pedestrian 0 0 -10 751.7892130575693 113.0604552162039 962.3994228315582 608.3273897283686 -10 -10 -10 -1000 -1000 -1000 -10
4998 142 pedestrian 0 0 -10 752.3768650096104 112.14496582267836 962.8035901445661 606.5591727305052 -10 -10 -10 -1000 -1000 -1000 -10
4999 142 pedestrian 0 0 -10 751.6244726123454 109.91415408990699 963.6028562179337 607.7744664711639 -10 -10 -10 -1000 -1000 -1000 -10
5001 142 pedestrian 0 0 -10 757.6404441183948 112.84572929337895 957.4984281651263 581.3358580804108 -10 -10 -10 -1000 -1000 -1000 -10
5002 142 pedestrian 0 0 -10 759.4283698871645 115.5225976778894 955.5539337901041 574.3899377367826 -10 -10 -10 -1000 -1000 -1000 -10
5003 142 pedestrian 0 0 -10 758.3975950433443 117.88214149211447 956.4111267738059 580.2758738386584 -10 -10 -10 -1000 -1000 -1000 -10
5004 142 pedestrian 0 0 -10 758.3456507938114 119.51537059321271 956.5050313253306 581.405473287148 -10 -10 -10 -1000 -1000 -1000 -10
5005 142 pedestrian 0 0 -10 758.6007126746467 121.32522096632621 956.2720811937382 581.0833605991877 -10 -10 -10 -1000 -1000 -1000 -10
5055 146 pedestrian 0 0 -10 752.4306121503296 111.01752624511721 961.3637726152954 592.2268768310547 -10 -10 -10 -1000 -1000 -1000 -10
5059 146 pedestrian 0 0 -10 772.8825885408337 114.45417311497113 954.4305940645437 533.9708013815201 -10 -10 -10 -1000 -1000 -1000 -10
5060 146 pedestrian 0 0 -10 770.3694257887437 117.25018880253984 947.6332932131548 527.1697170371817 -10 -10 -10 -1000 -1000 -1000 -10
5061 146 pedestrian 0 0 -10 771.2422385299105 116.93230497809202 943.537235802733 516.0597043569518 -10 -10 -10 -1000 -1000 -1000 -10
5064 146 pedestrian 0 0 -10 761.9003374347275 112.93337191985034 952.2296838760432 553.8914027467329 -10 -10 -10 -1000 -1000 -1000 -10
5068 146 pedestrian 0 0 -10 768.8394293008112 112.81184145486583 945.5693397438461 523.4400686255642 -10 -10 -10 -1000 -1000 -1000 -10
5073 146 pedestrian 0 0 -10 769.6768821177052 119.37917959857748 943.1385597018996 525.1660817937219 -10 -10 -10 -1000 -1000 -1000 -10
5081 147 pedestrian 0 0 -10 770.6349794536052 116.39130401611331 946.324017128426 530.7603713989258 -10 -10 -10 -1000 -1000 -1000 -10
5082 147 pedestrian 0 0 -10 772.5948841324579 117.62624595137007 942.3497760576181 517.7701589874332 -10 -10 -10 -1000 -1000 -1000 -10
5110 148 pedestrian 0 0 -10 848.716604245916 128.69692382812502 1175.2306613790838 884.6465454101562 -10 -10 -10 -1000 -1000 -1000 -10
5111 148 pedestrian 0 0 -10 872.9306472252656 126.05702847055511 1164.1443066190607 802.0869573077655 -10 -10 -10 -1000 -1000 -1000 -10
5112 148 pedestrian 0 0 -10 910.0275280875006 102.79798000427178 1178.282063571774 727.3781471747307 -10 -10 -10 -1000 -1000 -1000 -10
5113 148 pedestrian 0 0 -10 971.6915793306935 65.14763972655209 1208.4476931995905 617.3056618303667 -10 -10 -10 -1000 -1000 -1000 -10
5114 148 pedestrian 0 0 -10 992.8533857593787 48.83447686201282 1222.0062506167333 585.3845106781795 -10 -10 -10 -1000 -1000 -1000 -10
5122 150 pedestrian 0 0 -10 776.8428483756192 119.4775131225586 937.2043440071932 516.1787460327148 -10 -10 -10 -1000 -1000 -1000 -10
5151 153 pedestrian 0 0 -10 766.7429117121513 114.79339752197265 947.2161581120673 552.0788711547851 -10 -10 -10 -1000 -1000 -1000 -10
5221 157 pedestrian 0 0 -10 778.8044976701899 117.89458923339845 949.2924139509038 514.573568725586 -10 -10 -10 -1000 -1000 -1000 -10
5222 157 pedestrian 0 0 -10 768.8406547491551 116.83917690021497 959.1972629445328 559.5842106774884 -10 -10 -10 -1000 -1000 -1000 -10
5223 157 pedestrian 0 0 -10 767.976181046893 117.34259502164156 960.1005602017193 563.8028805109197 -10 -10 -10 -1000 -1000 -1000 -10
5243 158 pedestrian 0 0 -10 775.5820857494664 123.94849853515626 952.48076825444 537.2043029785157 -10 -10 -10 -1000 -1000 -1000 -10
5246 158 pedestrian 0 0 -10 768.145340486302 120.07090539547858 960.0101888456168 567.8602446204629 -10 -10 -10 -1000 -1000 -1000 -10
5247 158 pedestrian 0 0 -10 773.2805600854347 118.93712164834469 954.6302920068006 541.565154061263 -10 -10 -10 -1000 -1000 -1000 -10
5250 158 pedestrian 0 0 -10 771.781136154507 120.95472014508147 956.6215749952095 552.2907718608601 -10 -10 -10 -1000 -1000 -1000 -10
5251 158 pedestrian 0 0 -10 771.2618085584392 119.89953242876823 957.0761276354247 555.0216366265618 -10 -10 -10 -1000 -1000 -1000 -10
5252 158 pedestrian 0 0 -10 765.8173419958615 116.15456099318808 962.4188252596296 578.5300305500997 -10 -10 -10 -1000 -1000 -1000 -10
5253 158 pedestrian 0 0 -10 769.299358124106 116.58699864095499 967.8627401953928 585.2571214134601 -10 -10 -10 -1000 -1000 -1000 -10
5297 161 pedestrian 0 0 -10 751.1520359735894 109.35590667724608 971.1077418584418 619.754441833496 -10 -10 -10 -1000 -1000 -1000 -10
5300 161 pedestrian 0 0 -10 749.5511298922731 109.07853742942319 965.0481856647633 609.1220558398734 -10 -10 -10 -1000 -1000 -1000 -10
5303 161 pedestrian 0 0 -10 750.5564728802809 111.80560210037982 963.0382875024712 604.8395222789459 -10 -10 -10 -1000 -1000 -1000 -10
5304 161 pedestrian 0 0 -10 755.1107461360256 111.180813116508 968.2870345576412 605.6002788328449 -10 -10 -10 -1000 -1000 -1000 -10
5305 161 pedestrian 0 0 -10 756.1025599918976 109.93198632629833 970.3613344366836 606.921740490453 -10 -10 -10 -1000 -1000 -1000 -10
5306 161 pedestrian 0 0 -10 756.1113219452133 108.15781041284873 971.418484803932 608.6503603366248 -10 -10 -10 -1000 -1000 -1000 -10
5307 161 pedestrian 0 0 -10 757.1519255852505 109.99871770095595 970.8808988696061 607.0727797999438 -10 -10 -10 -1000 -1000 -1000 -10
5318 162 pedestrian 0 0 -10 767.6867652392959 114.01170806884767 960.6225243114851 560.8999588012696 -10 -10 -10 -1000 -1000 -1000 -10
5327 163 pedestrian 0 0 -10 761.5669073567478 110.63374023437501 966.3465936198148 581.3915222167968 -10 -10 -10 -1000 -1000 -1000 -10
5329 163 pedestrian 0 0 -10 763.6242772001257 113.77129518825328 964.2324250693459 575.5680028451757 -10 -10 -10 -1000 -1000 -1000 -10
5330 163 pedestrian 0 0 -10 768.7784382623431 114.5341599288607 959.31120825446 552.8200241871704 -10 -10 -10 -1000 -1000 -1000 -10
5340 165 pedestrian 0 0 -10 758.2385807923898 111.98031616210938 970.3546809263601 591.6919555664062 -10 -10 -10 -1000 -1000 -1000 -10
5414 166 pedestrian 0 0 -10 765.2856565526441 115.64671783447267 948.4683229395434 596.2997879028321 -10 -10 -10 -1000 -1000 -1000 -10
5416 166 pedestrian 0 0 -10 766.8436792945638 116.25237941010656 946.8605793686065 588.1691418651014 -10 -10 -10 -1000 -1000 -1000 -10
5417 166 pedestrian 0 0 -10 763.7622763037502 112.58755169971238 950.2329299656517 601.2253619652388 -10 -10 -10 -1000 -1000 -1000 -10
5419 166 pedestrian 0 0 -10 763.1264687790463 113.28016211876746 950.5303311021449 604.1867628448383 -10 -10 -10 -1000 -1000 -1000 -10
5472 167 pedestrian 0 0 -10 749.8067175506084 111.4955123901367 953.064156472829 606.3501876831054 -10 -10 -10 -1000 -1000 -1000 -10
5591 170 pedestrian 0 0 -10 987.2982309743651 244.43695373535155 1216.0056752756352 801.993130493164 -10 -10 -10 -1000 -1000 -1000 -10
5593 171 pedestrian 0 0 -10 810.0164059242095 286.16914672851567 1094.2823245445402 1077.4071838378907 -10 -10 -10 -1000 -1000 -1000 -10
5594 171 pedestrian 0 0 -10 784.7777695452331 315.27798237281456 1059.5481299572048 1076.699144650744 -10 -10 -10 -1000 -1000 -1000 -10
5595 171 pedestrian 0 0 -10 757.0037559320476 344.2096933457969 1022.8261579159418 1079.5231720097695 -10 -10 -10 -1000 -1000 -1000 -10
5612 173 pedestrian 0 0 -10 774.5587963990429 116.08794097900389 968.4038867064259 539.1779556274414 -10 -10 -10 -1000 -1000 -1000 -10
5642 174 pedestrian 0 0 -10 963.0325897168981 74.4908546447754 1151.4278472948206 566.9078651428223 -10 -10 -10 -1000 -1000 -1000 -10
5644 174 pedestrian 0 0 -10 991.6060381155837 77.36985765339057 1184.077796708825 580.9040990504229 -10 -10 -10 -1000 -1000 -1000 -10
5645 174 pedestrian 0 0 -10 995.6276704168534 81.27863100228518 1190.6368524434326 590.7738558079934 -10 -10 -10 -1000 -1000 -1000 -10
5646 174 pedestrian 0 0 -10 991.4614104264601 82.8418961434109 1187.6025568107825 593.6610255614507 -10 -10 -10 -1000 -1000 -1000 -10
5648 174 pedestrian 0 0 -10 981.2945539471834 84.11415116255665 1181.206204612488 605.2254417435381 -10 -10 -10 -1000 -1000 -1000 -10
5649 174 pedestrian 0 0 -10 974.9597089484524 95.99650116626833 1173.728753731871 615.1738289891613 -10 -10 -10 -1000 -1000 -1000 -10
5650 174 pedestrian 0 0 -10 984.5448778460441 130.40865160344822 1178.6066861696022 636.4717940393984 -10 -10 -10 -1000 -1000 -1000 -10
5652 174 pedestrian 0 0 -10 976.3882258785164 145.97014129718784 1159.3224931917584 622.2379509765761 -10 -10 -10 -1000 -1000 -1000 -10
5653 174 pedestrian 0 0 -10 971.5566535808981 143.80976842709026 1167.0820878890854 652.2101571917507 -10 -10 -10 -1000 -1000 -1000 -10
5655 174 pedestrian 0 0 -10 978.2456679407417 146.84977793349074 1172.6897869834006 649.4659056254583 -10 -10 -10 -1000 -1000 -1000 -10
5656 174 pedestrian 0 0 -10 971.7820750108796 148.69989962950723 1182.1496168317522 694.4752670865539 -10 -10 -10 -1000 -1000 -1000 -10
5657 174 pedestrian 0 0 -10 971.3459552412908 153.2156923617797 1175.1182613039255 678.786832300968 -10 -10 -10 -1000 -1000 -1000 -10
5658 174 pedestrian 0 0 -10 962.6269960656161 150.19380177798604 1171.050596028884 685.524979871688 -10 -10 -10 -1000 -1000 -1000 -10
5659 174 pedestrian 0 0 -10 958.1755351835119 146.93513604072302 1170.4250699559807 689.8901080069254 -10 -10 -10 -1000 -1000 -1000 -10
5660 174 pedestrian 0 0 -10 948.1208855477864 153.00249045998015 1150.392204738512 674.5657501044582 -10 -10 -10 -1000 -1000 -1000 -10
5661 174 pedestrian 0 0 -10 957.0988080636773 154.62331025132954 1168.1178666395701 697.1843296162024 -10 -10 -10 -1000 -1000 -1000 -10
5662 174 pedestrian 0 0 -10 959.0522029530232 152.1947969180016 1175.774863195639 708.2792200019476 -10 -10 -10 -1000 -1000 -1000 -10
5664 174 pedestrian 0 0 -10 966.0204829460506 152.51720051955334 1183.963463567897 711.8739268279282 -10 -10 -10 -1000 -1000 -1000 -10
5665 174 pedestrian 0 0 -10 976.3774815477095 147.89378963701478 1196.3655355882734 716.1152370770576 -10 -10 -10 -1000 -1000 -1000 -10
5666 174 pedestrian 0 0 -10 985.3368216921955 146.1927846201708 1204.5795274614588 717.625417162074 -10 -10 -10 -1000 -1000 -1000 -10
5667 174 pedestrian 0 0 -10 979.7475115805732 146.21967166845502 1198.5261189873472 717.3057764988542 -10 -10 -10 -1000 -1000 -1000 -10
5668 174 pedestrian 0 0 -10 976.1313947232757 150.1994553082401 1187.495681329165 703.5566761540493 -10 -10 -10 -1000 -1000 -1000 -10
5669 174 pedestrian 0 0 -10 955.712503320617 148.78598944817082 1174.0603678334774 719.9096293479472 -10 -10 -10 -1000 -1000 -1000 -10
5670 174 pedestrian 0 0 -10 958.178271481591 166.9751591283686 1159.1454507406527 688.0491770005751 -10 -10 -10 -1000 -1000 -1000 -10
5671 174 pedestrian 0 0 -10 957.2942233692966 184.01705150051288 1165.0228870158999 723.8458628515555 -10 -10 -10 -1000 -1000 -1000 -10
5672 174 pedestrian 0 0 -10 949.9711873420894 212.90079289391753 1164.5181308547421 769.5176391628161 -10 -10 -10 -1000 -1000 -1000 -10
5673 174 pedestrian 0 0 -10 920.4793853857836 227.7123142463381 1145.222762528248 810.454501836495 -10 -10 -10 -1000 -1000 -1000 -10
5674 174 pedestrian 0 0 -10 888.7646507892124 244.78121079015904 1139.643670085163 896.8816169012009 -10 -10 -10 -1000 -1000 -1000 -10
5675 174 pedestrian 0 0 -10 860.0108657374551 252.5300715800288 1145.1233489165106 990.8227136713133 -10 -10 -10 -1000 -1000 -1000 -10
5676 174 pedestrian 0 0 -10 860.0258249262213 269.4443440131044 1144.792351527957 1005.6290269086564 -10 -10 -10 -1000 -1000 -1000 -10
5677 174 pedestrian 0 0 -10 877.8121496189303 278.2785774318916 1173.2317400252525 1044.251694158083 -10 -10 -10 -1000 -1000 -1000 -10
5678 174 pedestrian 0 0 -10 911.2593709814221 287.7892003764079 1175.844989095973 970.9564372269267 -10 -10 -10 -1000 -1000 -1000 -10
5679 174 pedestrian 0 0 -10 923.3941537761114 302.80061979496895 1169.7136016305028 935.9475512326139 -10 -10 -10 -1000 -1000 -1000 -10
5680 174 pedestrian 0 0 -10 896.451478306403 295.0586148845627 1179.8898142765254 1022.0591908651895 -10 -10 -10 -1000 -1000 -1000 -10
5681 174 pedestrian 0 0 -10 896.8168478596876 312.6184028599903 1164.4596128058483 996.0192157245745 -10 -10 -10 -1000 -1000 -1000 -10
5682 174 pedestrian 0 0 -10 873.2897771574656 320.1049961350934 1163.2021219802252 1057.4833033036075 -10 -10 -10 -1000 -1000 -1000 -10
5683 174 pedestrian 0 0 -10 882.0858070955387 324.53380623182574 1181.530307916299 1078.4368331222465 -10 -10 -10 -1000 -1000 -1000 -10
5684 174 pedestrian 0 0 -10 873.0153946238324 332.67394513140613 1128.5957855098823 977.9342023968759 -10 -10 -10 -1000 -1000 -1000 -10
5686 174 pedestrian 0 0 -10 853.8651253062468 333.5053449314219 1140.9770360767045 1056.1246281245653 -10 -10 -10 -1000 -1000 -1000 -10
5687 174 pedestrian 0 0 -10 864.0118007343867 337.4972820502296 1158.0128762228708 1075.3887394315789 -10 -10 -10 -1000 -1000 -1000 -10
5688 174 pedestrian 0 0 -10 859.8306737144634 341.12042542071646 1154.3333618789643 1080.2018281699723 -10 -10 -10 -1000 -1000 -1000 -10
5692 174 pedestrian 0 0 -10 866.0202798407764 345.11319783285023 1119.4875263382721 979.8838201609364 -10 -10 -10 -1000 -1000 -1000 -10
5693 174 pedestrian 0 0 -10 874.7131941209143 337.94474055307995 1159.9748131735148 1043.6803869583312 -10 -10 -10 -1000 -1000 -1000 -10
5694 174 pedestrian 0 0 -10 881.1271624444072 338.894259322726 1148.6887332017366 993.836466476643 -10 -10 -10 -1000 -1000 -1000 -10
5695 174 pedestrian 0 0 -10 883.0285881775914 336.79173726567194 1134.9076830849401 945.6998716428885 -10 -10 -10 -1000 -1000 -1000 -10
5696 174 pedestrian 0 0 -10 883.8703558878317 332.4868351390377 1130.071304413235 921.7893943988341 -10 -10 -10 -1000 -1000 -1000 -10
5697 174 pedestrian 0 0 -10 890.3092168094649 331.25890493530875 1131.9017081440898 903.9837522725429 -10 -10 -10 -1000 -1000 -1000 -10
5698 174 pedestrian 0 0 -10 895.9127558032105 331.8499589458804 1139.0761785944203 906.0580577350372 -10 -10 -10 -1000 -1000 -1000 -10
5699 174 pedestrian 0 0 -10 888.828946647167 332.01968541948554 1150.405055273015 946.1472508163774 -10 -10 -10 -1000 -1000 -1000 -10
5700 174 pedestrian 0 0 -10 871.0458109476846 333.7085952188135 1169.8754088824387 1032.6342789601513 -10 -10 -10 -1000 -1000 -1000 -10
5701 174 pedestrian 0 0 -10 864.1193484322046 336.68057184386873 1177.29096629821 1064.1469652403707 -10 -10 -10 -1000 -1000 -1000 -10
5706 174 pedestrian 0 0 -10 825.736689688029 388.3776085088953 1126.067878956161 1081.3007157720422 -10 -10 -10 -1000 -1000 -1000 -10
5709 174 pedestrian 0 0 -10 857.8751105062809 406.15364729413056 1155.2347193420437 1082.2927756854797 -10 -10 -10 -1000 -1000 -1000 -10
5710 174 pedestrian 0 0 -10 865.4809195209043 401.3283119729236 1167.1539544866616 1078.2943942935196 -10 -10 -10 -1000 -1000 -1000 -10
5711 174 pedestrian 0 0 -10 855.5972056835151 390.17399237452935 1164.8935974110655 1077.3242582613952 -10 -10 -10 -1000 -1000 -1000 -10
5712 174 pedestrian 0 0 -10 845.4397498008253 383.72992913678536 1160.8872351666523 1079.530290461337 -10 -10 -10 -1000 -1000 -1000 -10
5713 174 pedestrian 0 0 -10 843.1581401827883 389.69502496812515 1157.7511688124432 1080.3037692601122 -10 -10 -10 -1000 -1000 -1000 -10
5714 174 pedestrian 0 0 -10 842.434084704659 391.72670402120843 1156.4305522371556 1081.1506852566172 -10 -10 -10 -1000 -1000 -1000 -10
5715 174 pedestrian 0 0 -10 838.348561117351 399.4655616708881 1150.4626109362794 1082.336759778665 -10 -10 -10 -1000 -1000 -1000 -10
5716 174 pedestrian 0 0 -10 827.1005912653388 404.32863115600975 1139.037521938973 1081.1074278013512 -10 -10 -10 -1000 -1000 -1000 -10
5717 174 pedestrian 0 0 -10 829.3059260440864 414.1324085890486 1137.7080566021798 1082.107301178703 -10 -10 -10 -1000 -1000 -1000 -10
5718 174 pedestrian 0 0 -10 827.2680433911644 427.04431791962065 1130.799776046864 1081.8357124596503 -10 -10 -10 -1000 -1000 -1000 -10
5719 174 pedestrian 0 0 -10 826.5584331789773 433.5092562005742 1128.5506663347096 1080.4495310739444 -10 -10 -10 -1000 -1000 -1000 -10
5720 174 pedestrian 0 0 -10 824.7745570630593 434.0739182627222 1129.3418107964276 1081.896161645931 -10 -10 -10 -1000 -1000 -1000 -10
5721 174 pedestrian 0 0 -10 835.7353473856339 449.5155402409981 1136.7612214301698 1085.77966569304 -10 -10 -10 -1000 -1000 -1000 -10
5722 174 pedestrian 0 0 -10 840.1138784914693 466.62158075356774 1139.6316851388483 1085.019021087905 -10 -10 -10 -1000 -1000 -1000 -10
