79 1 pedestrian 0 0 -10 889.4408857140292 62.478271484375 1010.1511797156584 326.90093994140625 -10 -10 -10 -1000 -1000 -1000 -10
100 2 pedestrian 0 0 -10 911.2082610549603 51.026737213134766 1033.819839530977 325.8062294006348 -10 -10 -10 -1000 -1000 -1000 -10
101 2 pedestrian 0 0 -10 915.1385204361884 50.72706673023748 1037.9297896065796 326.0193605412204 -10 -10 -10 -1000 -1000 -1000 -10
102 2 pedestrian 0 0 -10 916.7985946944498 50.579477392842165 1039.748053901632 326.1796452180164 -10 -10 -10 -1000 -1000 -1000 -10
103 2 pedestrian 0 0 -10 908.1177249188354 47.34460291943441 1038.596857061842 339.25819619132955 -10 -10 -10 -1000 -1000 -1000 -10
104 2 pedestrian 0 0 -10 903.9681409104077 48.08909333205682 1048.6868365699086 372.14559290503394 -10 -10 -10 -1000 -1000 -1000 -10
105 2 pedestrian 0 0 -10 903.8528549964154 46.13244101441336 1051.4114684312203 377.2675011313005 -10 -10 -10 -1000 -1000 -1000 -10
106 2 pedestrian 0 0 -10 904.5817777907012 46.166107577431575 1051.9808061306564 377.80022210767106 -10 -10 -10 -1000 -1000 -1000 -10
107 2 pedestrian 0 0 -10 901.5207931370678 47.587657968930245 1054.994340249088 394.2566506214388 -10 -10 -10 -1000 -1000 -1000 -10
108 2 pedestrian 0 0 -10 905.5684022388085 49.043104199425386 1059.7505017182102 399.25020963125144 -10 -10 -10 -1000 -1000 -1000 -10
110 2 pedestrian 0 0 -10 914.0684532503986 49.88602158055053 1045.3123831492526 347.7502898782782 -10 -10 -10 -1000 -1000 -1000 -10
114 2 pedestrian 0 0 -10 910.0441628112395 55.381444808940415 1032.918740551066 334.3284269989848 -10 -10 -10 -1000 -1000 -1000 -10
115 2 pedestrian 0 0 -10 903.134724453038 52.81605725877324 1027.660422552079 335.93521087650095 -10 -10 -10 -1000 -1000 -1000 -10
116 2 pedestrian 0 0 -10 896.5375185439784 52.395564548064044 1021.7772442974685 336.4257385058316 -10 -10 -10 -1000 -1000 -1000 -10
117 2 pedestrian 0 0 -10 887.0143414535684 51.946364452041365 1016.6779887055649 347.2362334769841 -10 -10 -10 -1000 -1000 -1000 -10
118 2 pedestrian 0 0 -10 888.1875104623924 51.67510461733542 1011.396892865106 333.3184437641913 -10 -10 -10 -1000 -1000 -1000 -10
120 2 pedestrian 0 0 -10 894.6438752209494 52.96875723210431 1013.1855447108287 325.42928434571127 -10 -10 -10 -1000 -1000 -1000 -10
172 9 pedestrian 0 0 -10 943.9598944202423 214.0682647705078 996.2399590953827 332.4560852050781 -10 -10 -10 -1000 -1000 -1000 -10
186 11 pedestrian 0 0 -10 862.8192237173317 66.86040802001955 1032.9738671029809 568.2577835083008 -10 -10 -10 -1000 -1000 -1000 -10
189 11 pedestrian 0 0 -10 900.9745363248659 66.36811532930358 1025.2339260372646 429.44236482826034 -10 -10 -10 -1000 -1000 -1000 -10
190 11 pedestrian 0 0 -10 900.0728062901401 61.76496309710308 1016.5389881201959 399.7223404909468 -10 -10 -10 -1000 -1000 -1000 -10
203 12 pedestrian 0 0 -10 922.2952417798523 39.62455368041992 993.8158422045228 235.68549423217775 -10 -10 -10 -1000 -1000 -1000 -10
204 12 pedestrian 0 0 -10 915.5355523829309 47.22178068127346 985.966564815815 239.97721054346073 -10 -10 -10 -1000 -1000 -1000 -10
205 12 pedestrian 0 0 -10 907.8007622798323 49.52721013188702 977.7179053444582 240.7614530436471 -10 -10 -10 -1000 -1000 -1000 -10
515 14 pedestrian 0 0 -10 871.0195074276401 0.011114645004255408 972.215697650485 261.4838868618011 -10 -10 -10 -1000 -1000 -1000 -10
518 14 pedestrian 0 0 -10 894.2881423482936 5.983624697029626 1002.189055129696 284.2164686029788 -10 -10 -10 -1000 -1000 -1000 -10
552 15 pedestrian 0 0 -10 863.1078477591636 12.94928874969483 991.2356458931803 307.9563749313354 -10 -10 -10 -1000 -1000 -1000 -10
553 15 pedestrian 0 0 -10 869.2389710818442 12.301091020397905 997.5504941362915 307.85574857967134 -10 -10 -10 -1000 -1000 -1000 -10
587 17 pedestrian 0 0 -10 898.8845586604191 3.0428480148315487 999.7623163395808 246.94621715545654 -10 -10 -10 -1000 -1000 -1000 -10
1657 23 pedestrian 0 0 -10 471.44159915239584 146.21459655761714 799.1594811698699 929.7660491943359 -10 -10 -10 -1000 -1000 -1000 -10
1663 23 pedestrian 0 0 -10 519.2235992394624 138.91500108859566 851.9382659477344 934.1745691139948 -10 -10 -10 -1000 -1000 -1000 -10
1664 23 pedestrian 0 0 -10 512.6158781328882 137.69679480962628 853.9848539433983 955.4158181660985 -10 -10 -10 -1000 -1000 -1000 -10
1665 23 pedestrian 0 0 -10 515.1793266923441 140.87600434865237 859.6481983612395 968.2037374527605 -10 -10 -10 -1000 -1000 -1000 -10
1665 25 pedestrian 0 0 -10 507.82205348767417 147.6764526367187 861.9887375279509 1080.7821899414062 -10 -10 -10 -1000 -1000 -1000 -10
1675 26 pedestrian 0 0 -10 477.02571262438437 148.8494415283203 810.6766921607718 923.9836578369141 -10 -10 -10 -1000 -1000 -1000 -10
1676 26 pedestrian 0 0 -10 475.5191613802104 145.7183512124485 812.1248338910864 927.2475783642427 -10 -10 -10 -1000 -1000 -1000 -10
1678 26 pedestrian 0 0 -10 501.797604610748 141.2170759733812 836.4538602974906 919.1279961994344 -10 -10 -10 -1000 -1000 -1000 -10
1680 26 pedestrian 0 0 -10 505.94474824953045 138.41745309573434 841.891049003063 919.5503273181312 -10 -10 -10 -1000 -1000 -1000 -10
1681 26 pedestrian 0 0 -10 495.7095277498387 136.86977035341266 832.9246080330365 921.0139980756094 -10 -10 -10 -1000 -1000 -1000 -10
1682 26 pedestrian 0 0 -10 500.38062601659396 142.25900202327102 840.8719722998753 935.1237316625877 -10 -10 -10 -1000 -1000 -1000 -10
1683 26 pedestrian 0 0 -10 496.2738839982013 141.75154948204312 839.8444830595996 942.5459308372772 -10 -10 -10 -1000 -1000 -1000 -10
1684 26 pedestrian 0 0 -10 490.3648817888885 143.49239591316206 843.5376361292502 971.8703717763108 -10 -10 -10 -1000 -1000 -1000 -10
1685 26 pedestrian 0 0 -10 495.84757346511174 149.3779682600873 846.3636580033974 977.5157235925994 -10 -10 -10 -1000 -1000 -1000 -10
1686 26 pedestrian 0 0 -10 505.8014250183205 147.25683395059372 839.5278812889946 936.9641060161155 -10 -10 -10 -1000 -1000 -1000 -10
1849 33 pedestrian 0 0 -10 538.6456662710433 151.40374145507815 842.9194765512223 964.2557922363281 -10 -10 -10 -1000 -1000 -1000 -10
1942 34 pedestrian 0 0 -10 482.70013208476723 159.00419616699224 833.3965659132796 1083.3593353271485 -10 -10 -10 -1000 -1000 -1000 -10
1943 34 pedestrian 0 0 -10 486.8812510734871 156.3097990490005 839.95183672128 1086.3719103822953 -10 -10 -10 -1000 -1000 -1000 -10
1944 34 pedestrian 0 0 -10 480.85010657508013 146.01499780029116 838.6499407218093 1086.403888824625 -10 -10 -10 -1000 -1000 -1000 -10
1944 35 pedestrian 0 0 -10 481.11201789025625 142.76105041503905 837.9441893851342 975.672085571289 -10 -10 -10 -1000 -1000 -1000 -10
1957 36 pedestrian 0 0 -10 480.97227526365555 147.09955139160155 823.78827771486 994.1768585205077 -10 -10 -10 -1000 -1000 -1000 -10
1958 36 pedestrian 0 0 -10 496.67917910162066 146.64433768593437 827.804622370147 964.0137825053586 -10 -10 -10 -1000 -1000 -1000 -10
1959 36 pedestrian 0 0 -10 487.6630976251106 148.21729088477252 809.5648627868879 941.0822823923332 -10 -10 -10 -1000 -1000 -1000 -10
1960 36 pedestrian 0 0 -10 494.6683355638705 144.85321635202075 826.5510146243591 960.9265369932846 -10 -10 -10 -1000 -1000 -1000 -10
1961 36 pedestrian 0 0 -10 474.38794661135034 142.99559432619355 803.1932195253355 947.931906862428 -10 -10 -10 -1000 -1000 -1000 -10
1962 36 pedestrian 0 0 -10 471.33396472614277 142.68226244273103 800.9899368904946 943.2700967593083 -10 -10 -10 -1000 -1000 -1000 -10
1965 36 pedestrian 0 0 -10 446.3317215152047 151.01259835447593 824.3833750692668 1070.0391656539891 -10 -10 -10 -1000 -1000 -1000 -10
1968 36 pedestrian 0 0 -10 463.57063354311845 156.81537097420488 843.4740141611549 1089.0771130805304 -10 -10 -10 -1000 -1000 -1000 -10
1971 36 pedestrian 0 0 -10 475.32241623447015 158.32861699506384 851.7388849420693 1090.7553934839002 -10 -10 -10 -1000 -1000 -1000 -10
1972 36 pedestrian 0 0 -10 473.91504140787595 154.01238341171359 846.4358778840618 1084.2550031051278 -10 -10 -10 -1000 -1000 -1000 -10
1973 36 pedestrian 0 0 -10 473.81169417535887 152.04424262104806 844.0530524724795 1082.861091001544 -10 -10 -10 -1000 -1000 -1000 -10
1974 36 pedestrian 0 0 -10 495.35133629869824 146.68523792748846 831.0287770297243 983.5067628325808 -10 -10 -10 -1000 -1000 -1000 -10
1976 36 pedestrian 0 0 -10 491.43305413703376 145.14098657882687 816.1574984182406 948.2642242514758 -10 -10 -10 -1000 -1000 -1000 -10
2016 40 pedestrian 0 0 -10 472.54205528370204 147.04394226074214 795.0713114155167 929.1752899169921 -10 -10 -10 -1000 -1000 -1000 -10
2020 40 pedestrian 0 0 -10 489.28709808336043 152.86900563901327 811.6686279153216 934.0594729934364 -10 -10 -10 -1000 -1000 -1000 -10
2025 40 pedestrian 0 0 -10 491.2457413584474 147.83754910103016 826.0124518367502 953.3804288792521 -10 -10 -10 -1000 -1000 -1000 -10
2028 40 pedestrian 0 0 -10 486.6552471112843 143.85781090556668 831.8174421107799 971.1195835829827 -10 -10 -10 -1000 -1000 -1000 -10
2030 40 pedestrian 0 0 -10 489.78084177535396 146.19200866182615 839.618060619908 982.0071224525088 -10 -10 -10 -1000 -1000 -1000 -10
2031 40 pedestrian 0 0 -10 479.03178768911346 147.507947732787 852.1487501598209 1050.411450032843 -10 -10 -10 -1000 -1000 -1000 -10
2032 40 pedestrian 0 0 -10 485.3221723328821 151.4799914973837 864.6253441994049 1078.893166108261 -10 -10 -10 -1000 -1000 -1000 -10
2034 40 pedestrian 0 0 -10 507.37618855878327 154.46152623808382 841.1049771471635 972.0112234702 -10 -10 -10 -1000 -1000 -1000 -10
2035 40 pedestrian 0 0 -10 505.81846565155234 155.85387384309382 831.1225231323435 953.4180982379996 -10 -10 -10 -1000 -1000 -1000 -10
2036 40 pedestrian 0 0 -10 506.180026650982 157.84781637255253 827.0585497687127 946.029142169736 -10 -10 -10 -1000 -1000 -1000 -10
2037 40 pedestrian 0 0 -10 511.96141458600266 155.43013188700883 829.3735687529678 936.9335788355966 -10 -10 -10 -1000 -1000 -1000 -10
2038 40 pedestrian 0 0 -10 505.41184461656553 154.48929401479057 829.3562276835969 952.7847039402752 -10 -10 -10 -1000 -1000 -1000 -10
2039 40 pedestrian 0 0 -10 492.03206981851463 157.59933154405292 821.4482752828869 964.534916396858 -10 -10 -10 -1000 -1000 -1000 -10
2040 40 pedestrian 0 0 -10 481.8858083534726 157.4431002580755 814.0912211954687 970.3224192138421 -10 -10 -10 -1000 -1000 -1000 -10
2041 40 pedestrian 0 0 -10 488.5978932042964 156.16532362311227 819.638162894023 964.3413725422022 -10 -10 -10 -1000 -1000 -1000 -10
2042 40 pedestrian 0 0 -10 505.0976425794154 155.99100636710295 826.750365657035 942.6215977118268 -10 -10 -10 -1000 -1000 -1000 -10
2043 40 pedestrian 0 0 -10 510.8987742740219 158.7256022512019 829.9753959725463 941.2976593710569 -10 -10 -10 -1000 -1000 -1000 -10
2048 40 pedestrian 0 0 -10 515.2956640895072 157.46991967177718 829.9342912104058 930.2589272529522 -10 -10 -10 -1000 -1000 -1000 -10
2076 48 pedestrian 0 0 -10 501.590858196074 160.21123046875005 803.1156542550978 969.7111206054688 -10 -10 -10 -1000 -1000 -1000 -10
2084 49 pedestrian 0 0 -10 459.3812455868566 150.02121887207028 828.3406965518153 928.9658233642579 -10 -10 -10 -1000 -1000 -1000 -10
2085 49 pedestrian 0 0 -10 458.05986521536937 150.17868518227516 829.5013968253709 935.3562544907379 -10 -10 -10 -1000 -1000 -1000 -10
2088 49 pedestrian 0 0 -10 477.11352461919824 159.69305094428336 850.396655323965 954.8487342515821 -10 -10 -10 -1000 -1000 -1000 -10
2089 49 pedestrian 0 0 -10 474.08387743465255 158.62536665294618 837.5394281481579 938.2669665147653 -10 -10 -10 -1000 -1000 -1000 -10
2111 53 pedestrian 0 0 -10 458.1389152998647 150.31385192871096 832.3709601884166 965.5884979248048 -10 -10 -10 -1000 -1000 -1000 -10
2114 53 pedestrian 0 0 -10 445.33740440532165 155.28760062064651 788.5120283700153 906.6093928060307 -10 -10 -10 -1000 -1000 -1000 -10
2115 53 pedestrian 0 0 -10 432.67642996190983 153.25179834682268 773.5245545731443 902.8613098494843 -10 -10 -10 -1000 -1000 -1000 -10
2116 53 pedestrian 0 0 -10 461.2149576002438 153.69007964933354 808.8684815062613 921.5254084312887 -10 -10 -10 -1000 -1000 -1000 -10
2119 53 pedestrian 0 0 -10 481.67086781094787 155.99659850129592 828.9651160504579 927.8567840488629 -10 -10 -10 -1000 -1000 -1000 -10
2120 53 pedestrian 0 0 -10 484.49911459957355 157.3362781837531 841.638413967541 958.1975507204245 -10 -10 -10 -1000 -1000 -1000 -10
2121 53 pedestrian 0 0 -10 497.1117435817556 153.24422193632978 843.6849570930611 935.1841507331953 -10 -10 -10 -1000 -1000 -1000 -10
2158 57 pedestrian 0 0 -10 492.7073813423484 146.70547790527348 840.4474160209328 940.7348480224609 -10 -10 -10 -1000 -1000 -1000 -10
2159 57 pedestrian 0 0 -10 479.418964075857 148.8162124580095 829.8216038677206 949.3359165078252 -10 -10 -10 -1000 -1000 -1000 -10
2161 57 pedestrian 0 0 -10 461.4131742120512 151.4109726677554 864.1988252579629 1075.9426649916356 -10 -10 -10 -1000 -1000 -1000 -10
2165 57 pedestrian 0 0 -10 511.36516713939227 157.38837210301824 857.5139213386085 954.4829711719937 -10 -10 -10 -1000 -1000 -1000 -10
2167 57 pedestrian 0 0 -10 503.9001183514114 150.3246228919151 846.5131240784441 941.4513348629446 -10 -10 -10 -1000 -1000 -1000 -10
2168 57 pedestrian 0 0 -10 502.8673085404417 149.54048721066437 843.9770067197126 938.94519111052 -10 -10 -10 -1000 -1000 -1000 -10
2171 57 pedestrian 0 0 -10 501.53933331387645 146.35604424814056 843.8227897518145 940.6549944829949 -10 -10 -10 -1000 -1000 -1000 -10
2172 57 pedestrian 0 0 -10 494.86541470597 146.79766367473877 840.2436376294564 950.0365027414136 -10 -10 -10 -1000 -1000 -1000 -10
2174 57 pedestrian 0 0 -10 500.46327928321955 147.06110716612164 841.7573250812827 942.4597540311659 -10 -10 -10 -1000 -1000 -1000 -10
2176 57 pedestrian 0 0 -10 507.50602815538696 146.25344686257392 847.7223778215223 941.1001451388244 -10 -10 -10 -1000 -1000 -1000 -10
2177 57 pedestrian 0 0 -10 505.3373398534719 148.61820791581283 843.0861047920398 938.5043998312066 -10 -10 -10 -1000 -1000 -1000 -10
2178 57 pedestrian 0 0 -10 510.06863625734445 153.5238897286667 835.9453687131906 914.5754010695987 -10 -10 -10 -1000 -1000 -1000 -10
2179 57 pedestrian 0 0 -10 496.6350523731701 151.21040969260912 829.3189916213446 929.1003532521213 -10 -10 -10 -1000 -1000 -1000 -10
2183 57 pedestrian 0 0 -10 482.8478344630013 148.20232092480416 820.8490714439561 937.982426102167 -10 -10 -10 -1000 -1000 -1000 -10
2184 57 pedestrian 0 0 -10 475.5537694007602 151.1414417203684 816.237111352805 945.5626754579314 -10 -10 -10 -1000 -1000 -1000 -10
2185 57 pedestrian 0 0 -10 480.03261197991236 148.48409283348713 826.300660057047 961.1826345285318 -10 -10 -10 -1000 -1000 -1000 -10
2186 57 pedestrian 0 0 -10 478.45725691591326 153.7204561813212 814.9957922999329 942.2122613060694 -10 -10 -10 -1000 -1000 -1000 -10
2188 57 pedestrian 0 0 -10 481.84212672283724 152.46034906521214 816.6287403851702 936.9022463376277 -10 -10 -10 -1000 -1000 -1000 -10
2189 58 pedestrian 0 0 -10 941.7224693070951 77.20655059814453 1044.1893837202488 343.04842681884764 -10 -10 -10 -1000 -1000 -1000 -10
2189 57 pedestrian 0 0 -10 481.8484056854366 148.87953459233984 818.3055978761095 938.8271962073394 -10 -10 -10 -1000 -1000 -1000 -10
2190 58 pedestrian 0 0 -10 938.5322553023248 76.5229054616033 1045.7435837948303 354.1381099286323 -10 -10 -10 -1000 -1000 -1000 -10
2191 57 pedestrian 0 0 -10 488.8105176574009 151.30314597193876 822.9581591739684 935.786704682664 -10 -10 -10 -1000 -1000 -1000 -10
2192 57 pedestrian 0 0 -10 474.23944551025056 148.26567902643995 811.4617626133261 938.7519809996725 -10 -10 -10 -1000 -1000 -1000 -10
2197 57 pedestrian 0 0 -10 494.9474708587213 148.50246517392907 830.31939499285 938.7050724301826 -10 -10 -10 -1000 -1000 -1000 -10
2209 59 pedestrian 0 0 -10 464.6972612602038 154.48866882324222 803.0051740425306 918.5638275146484 -10 -10 -10 -1000 -1000 -1000 -10
2210 59 pedestrian 0 0 -10 452.97617078996643 152.91194475842047 797.2558794187473 931.1711468918209 -10 -10 -10 -1000 -1000 -1000 -10
2211 59 pedestrian 0 0 -10 450.2191774874351 148.34979700394638 804.9042117532425 950.4383447276334 -10 -10 -10 -1000 -1000 -1000 -10
2261 61 pedestrian 0 0 -10 526.5653850245619 154.92655029296873 834.8292682957506 932.3813232421875 -10 -10 -10 -1000 -1000 -1000 -10
2262 61 pedestrian 0 0 -10 525.1331516973985 154.4022864454717 834.0935165010162 933.0051306801236 -10 -10 -10 -1000 -1000 -1000 -10
2263 61 pedestrian 0 0 -10 523.5970044163448 151.70136584860757 834.9796394419268 935.6028818266645 -10 -10 -10 -1000 -1000 -1000 -10
2265 61 pedestrian 0 0 -10 517.9928855394263 153.85666839229532 828.3680052198806 933.2167949623919 -10 -10 -10 -1000 -1000 -1000 -10
2295 65 pedestrian 0 0 -10 498.1044347075217 147.13845214843752 832.1303065034158 940.36923828125 -10 -10 -10 -1000 -1000 -1000 -10
2296 65 pedestrian 0 0 -10 502.14861448345687 151.55412043348474 827.8887770559654 925.1310835708891 -10 -10 -10 -1000 -1000 -1000 -10
2297 65 pedestrian 0 0 -10 506.47278446744417 154.30173369969924 823.527078310538 907.6461274423668 -10 -10 -10 -1000 -1000 -1000 -10
2300 65 pedestrian 0 0 -10 489.9609775397015 149.73355267713146 840.3829736165139 985.1444580272102 -10 -10 -10 -1000 -1000 -1000 -10
2301 65 pedestrian 0 0 -10 476.27915546535473 153.12150964120042 853.9501373742887 1058.460012481385 -10 -10 -10 -1000 -1000 -1000 -10
2303 65 pedestrian 0 0 -10 474.6311717818453 161.52680619493043 855.5158626952773 1083.2063364433195 -10 -10 -10 -1000 -1000 -1000 -10
2306 65 pedestrian 0 0 -10 493.49908494540085 162.03804510248614 812.4424419800941 933.3347732315428 -10 -10 -10 -1000 -1000 -1000 -10
2307 65 pedestrian 0 0 -10 496.85915758331873 157.04965681070183 805.403039883194 900.832769276157 -10 -10 -10 -1000 -1000 -1000 -10
2315 68 pedestrian 0 0 -10 487.18820107186167 156.80507507324222 809.1038887718885 975.7551727294922 -10 -10 -10 -1000 -1000 -1000 -10
2316 68 pedestrian 0 0 -10 495.6060011002279 160.89829654005803 805.2249980972474 948.0615052296214 -10 -10 -10 -1000 -1000 -1000 -10
2317 68 pedestrian 0 0 -10 491.80755594028363 160.62655328741494 799.1253661447058 940.3931403755935 -10 -10 -10 -1000 -1000 -1000 -10
2319 68 pedestrian 0 0 -10 499.35986963968537 152.75339085974974 812.8294706832462 946.2899192779587 -10 -10 -10 -1000 -1000 -1000 -10
2320 68 pedestrian 0 0 -10 508.8675000712208 148.9452443087539 817.4377782968347 930.0962920657182 -10 -10 -10 -1000 -1000 -1000 -10
2325 68 pedestrian 0 0 -10 485.3004780571699 155.4057074281726 846.5659357670095 1074.591475926099 -10 -10 -10 -1000 -1000 -1000 -10
2341 71 pedestrian 0 0 -10 513.1023411006711 161.0111145019531 842.6515102176883 1082.5596984863282 -10 -10 -10 -1000 -1000 -1000 -10
2342 71 pedestrian 0 0 -10 510.46021474178247 171.45911593006065 836.6781481296555 1082.3306284962287 -10 -10 -10 -1000 -1000 -1000 -10
2344 71 pedestrian 0 0 -10 556.7019110420822 137.67498911519505 838.0054906823202 917.4148856928953 -10 -10 -10 -1000 -1000 -1000 -10
2388 77 pedestrian 0 0 -10 833.8003017503117 77.99185485839843 1073.8968784254696 688.2752044677734 -10 -10 -10 -1000 -1000 -1000 -10
2389 77 pedestrian 0 0 -10 826.4284089544589 81.8214288760359 1074.0605971047628 712.7230060297347 -10 -10 -10 -1000 -1000 -1000 -10
2390 77 pedestrian 0 0 -10 834.153787777004 86.94312601502008 1064.0568046348599 673.6251377455168 -10 -10 -10 -1000 -1000 -1000 -10
2391 77 pedestrian 0 0 -10 866.5912723178465 97.80428229908819 1052.789734553361 573.4912854083057 -10 -10 -10 -1000 -1000 -1000 -10
2392 77 pedestrian 0 0 -10 879.3787050741558 99.56792200841193 1058.1384509834484 557.3141777132396 -10 -10 -10 -1000 -1000 -1000 -10
2393 77 pedestrian 0 0 -10 854.0867646567372 88.6675728661985 1067.32813480078 640.0411216254927 -10 -10 -10 -1000 -1000 -1000 -10
2403 80 pedestrian 0 0 -10 876.2422167460142 46.940464019775405 995.7237866719546 298.1294075012207 -10 -10 -10 -1000 -1000 -1000 -10
2404 80 pedestrian 0 0 -10 879.9617974900484 41.87046139010741 990.4396127932444 274.0550956428061 -10 -10 -10 -1000 -1000 -1000 -10
2408 80 pedestrian 0 0 -10 882.9962570354712 41.22485894070539 987.7316625717153 261.78628072901586 -10 -10 -10 -1000 -1000 -1000 -10
2414 80 pedestrian 0 0 -10 882.6213600201064 38.421014286297094 1014.4537733859829 320.0839292664182 -10 -10 -10 -1000 -1000 -1000 -10
2434 83 pedestrian 0 0 -10 882.4337751139485 34.89470520019532 988.6660661946452 268.9009613037109 -10 -10 -10 -1000 -1000 -1000 -10
2437 83 pedestrian 0 0 -10 891.6233617670389 41.900833921422034 991.835380632806 263.2196140876503 -10 -10 -10 -1000 -1000 -1000 -10
2438 83 pedestrian 0 0 -10 893.1645021957203 42.69700525097872 992.471822788904 262.53773679082155 -10 -10 -10 -1000 -1000 -1000 -10
2439 83 pedestrian 0 0 -10 892.1772455148241 44.27968886424425 994.336556097547 270.97629457560373 -10 -10 -10 -1000 -1000 -1000 -10
2440 83 pedestrian 0 0 -10 892.3654651535477 41.936854169401954 993.858212783414 267.03532823798923 -10 -10 -10 -1000 -1000 -1000 -10
2475 86 pedestrian 0 0 -10 892.1245737233016 17.613925361633278 1007.5661977610735 283.47228717803955 -10 -10 -10 -1000 -1000 -1000 -10
2476 86 pedestrian 0 0 -10 896.869467319464 18.890547989424363 1013.4213386103335 287.2081348953953 -10 -10 -10 -1000 -1000 -1000 -10
2477 86 pedestrian 0 0 -10 896.2637443503008 27.857683381488386 1029.0394315252715 333.33790945415615 -10 -10 -10 -1000 -1000 -1000 -10
2478 86 pedestrian 0 0 -10 895.8218506002687 30.53498662677103 1042.5558854035935 368.5439732970033 -10 -10 -10 -1000 -1000 -1000 -10
2479 86 pedestrian 0 0 -10 891.9481371337034 45.47658090738841 1052.0810476119207 414.79065587379 -10 -10 -10 -1000 -1000 -1000 -10
2480 86 pedestrian 0 0 -10 880.675561245371 50.13890576165602 1065.1074080304966 478.25040268706675 -10 -10 -10 -1000 -1000 -1000 -10
2481 86 pedestrian 0 0 -10 873.5075312081626 50.258490126565846 1072.8100112981615 513.9309932541628 -10 -10 -10 -1000 -1000 -1000 -10
2482 86 pedestrian 0 0 -10 840.5495500615534 30.6229621525477 1105.0732523956517 652.6609859788875 -10 -10 -10 -1000 -1000 -1000 -10
2483 86 pedestrian 0 0 -10 832.4705958913058 24.18059639220803 1089.2303325104904 625.8777198331263 -10 -10 -10 -1000 -1000 -1000 -10
2484 86 pedestrian 0 0 -10 809.4558718137461 9.346549946575692 1090.7458679530432 671.9674906154942 -10 -10 -10 -1000 -1000 -1000 -10
2485 86 pedestrian 0 0 -10 796.3777279318646 -0.7303275138822869 1095.381396546872 703.1002790222099 -10 -10 -10 -1000 -1000 -1000 -10
2486 86 pedestrian 0 0 -10 797.9471618044292 -3.3813154415366284 1124.7336678747895 765.0768995517217 -10 -10 -10 -1000 -1000 -1000 -10
2487 86 pedestrian 0 0 -10 771.156723448395 -8.821936789461688 1138.4668008719714 854.6763616897665 -10 -10 -10 -1000 -1000 -1000 -10
2488 86 pedestrian 0 0 -10 754.699206283443 -6.85303569054048 1149.4332120473687 921.0254907018611 -10 -10 -10 -1000 -1000 -1000 -10
2489 86 pedestrian 0 0 -10 733.3584930825027 7.015346589456442 1168.3578740216785 1029.4818872340852 -10 -10 -10 -1000 -1000 -1000 -10
2490 86 pedestrian 0 0 -10 717.2666657472469 3.1601162262510343 1183.4877539750428 1082.258843518102 -10 -10 -10 -1000 -1000 -1000 -10
2868 89 pedestrian 0 0 -10 843.3045230537462 222.6369598388672 927.6353573173477 420.0801513671875 -10 -10 -10 -1000 -1000 -1000 -10
2872 89 pedestrian 0 0 -10 842.2826616528862 216.16975475684941 928.4269986422009 417.9160590222315 -10 -10 -10 -1000 -1000 -1000 -10
2873 89 pedestrian 0 0 -10 843.557797073409 218.5604474329906 927.4142101501482 414.87493609740636 -10 -10 -10 -1000 -1000 -1000 -10
2874 89 pedestrian 0 0 -10 836.5113909222171 212.4798788240558 924.9292108349549 418.8640347083881 -10 -10 -10 -1000 -1000 -1000 -10
2877 89 pedestrian 0 0 -10 834.4008022035085 211.7593057449025 922.937228301726 418.260181428838 -10 -10 -10 -1000 -1000 -1000 -10
2883 89 pedestrian 0 0 -10 841.2140679111429 214.22389125393366 927.2253114657082 416.8856068369479 -10 -10 -10 -1000 -1000 -1000 -10
3035 93 pedestrian 0 0 -10 836.3567375719123 212.8618621826172 923.8158088148064 419.23541870117185 -10 -10 -10 -1000 -1000 -1000 -10
3036 93 pedestrian 0 0 -10 835.2698949825369 212.33237380307332 923.0420626916728 419.25176579396214 -10 -10 -10 -1000 -1000 -1000 -10
3037 93 pedestrian 0 0 -10 840.9698604094241 216.45808354196458 926.0788131738669 416.93246632349235 -10 -10 -10 -1000 -1000 -1000 -10
3038 93 pedestrian 0 0 -10 842.3815320752927 216.7652811682434 927.1520551782794 416.14687277481016 -10 -10 -10 -1000 -1000 -1000 -10
3039 93 pedestrian 0 0 -10 846.0874605127724 227.2558589452887 925.9036077370664 414.61211323144596 -10 -10 -10 -1000 -1000 -1000 -10
3040 93 pedestrian 0 0 -10 847.1004803333191 230.48186289542508 925.5057743109697 414.1227198705157 -10 -10 -10 -1000 -1000 -1000 -10
3041 93 pedestrian 0 0 -10 845.7952359036449 228.35731292134892 926.3034331564136 416.75821067265156 -10 -10 -10 -1000 -1000 -1000 -10
3043 93 pedestrian 0 0 -10 845.7254415285516 228.2002962350506 926.8279410404937 417.57108575544294 -10 -10 -10 -1000 -1000 -1000 -10
3044 93 pedestrian 0 0 -10 842.7994459691818 218.8232022040798 928.4387643778423 418.7985113005057 -10 -10 -10 -1000 -1000 -1000 -10
3045 93 pedestrian 0 0 -10 842.3950484644369 216.91370585423465 928.1501132982688 417.9023609909906 -10 -10 -10 -1000 -1000 -1000 -10
3057 95 pedestrian 0 0 -10 844.6703899181379 219.7616485595703 926.2596637927995 412.5394348144531 -10 -10 -10 -1000 -1000 -1000 -10
3058 95 pedestrian 0 0 -10 843.465982935122 216.87503647597833 927.4389689173796 415.18379978229854 -10 -10 -10 -1000 -1000 -1000 -10
3059 95 pedestrian 0 0 -10 842.723099179815 215.6517599893083 927.9425305606273 416.88192945156754 -10 -10 -10 -1000 -1000 -1000 -10
3060 95 pedestrian 0 0 -10 842.8246675630163 215.83208423334975 927.741264465045 416.314088627852 -10 -10 -10 -1000 -1000 -1000 -10
3061 95 pedestrian 0 0 -10 842.9687987042926 215.98598612565564 927.7467513918705 416.1736566824484 -10 -10 -10 -1000 -1000 -1000 -10
3062 95 pedestrian 0 0 -10 843.099733827165 216.0779520407024 927.9064949725903 416.3322468907096 -10 -10 -10 -1000 -1000 -1000 -10
3063 95 pedestrian 0 0 -10 843.7928775211508 218.5703488313887 926.7623040817938 414.1603188443361 -10 -10 -10 -1000 -1000 -1000 -10
3065 95 pedestrian 0 0 -10 843.0285234535636 217.90895026917505 927.0499102524096 415.48576034210475 -10 -10 -10 -1000 -1000 -1000 -10
3066 95 pedestrian 0 0 -10 842.9615686625109 217.26741276286634 927.5685406645488 415.9176213124821 -10 -10 -10 -1000 -1000 -1000 -10
3069 95 pedestrian 0 0 -10 842.1273504747749 216.5257907284206 927.8611081983481 417.0355896974453 -10 -10 -10 -1000 -1000 -1000 -10
3070 95 pedestrian 0 0 -10 841.946794830567 216.6947075223302 928.0226857315567 417.0904031730763 -10 -10 -10 -1000 -1000 -1000 -10
3071 95 pedestrian 0 0 -10 841.6963119068703 216.31923951505405 928.1343903748302 417.0125903472747 -10 -10 -10 -1000 -1000 -1000 -10
3072 95 pedestrian 0 0 -10 842.0147611296915 220.0483991000485 928.5530618221227 420.87667879113474 -10 -10 -10 -1000 -1000 -1000 -10
3073 95 pedestrian 0 0 -10 842.230156919687 218.74301021849993 927.9718518707098 417.23298682662517 -10 -10 -10 -1000 -1000 -1000 -10
3078 95 pedestrian 0 0 -10 841.3891173703627 215.90952539129182 928.4521951779506 417.2108491475915 -10 -10 -10 -1000 -1000 -1000 -10
3080 95 pedestrian 0 0 -10 835.4270950694082 212.7526613123377 924.5905424237069 418.53175459711713 -10 -10 -10 -1000 -1000 -1000 -10
3081 95 pedestrian 0 0 -10 839.0802183767553 214.54033883751134 926.5745750140271 417.19744291064757 -10 -10 -10 -1000 -1000 -1000 -10
3082 95 pedestrian 0 0 -10 840.880101402488 215.64688813237302 927.3317702399353 416.09751322296603 -10 -10 -10 -1000 -1000 -1000 -10
3085 95 pedestrian 0 0 -10 841.4957219224655 216.68143601905678 927.5447386829966 416.0004791155413 -10 -10 -10 -1000 -1000 -1000 -10
3159 101 pedestrian 0 0 -10 840.4968542247456 217.198681640625 929.568306908067 416.4933288574219 -10 -10 -10 -1000 -1000 -1000 -10
3161 101 pedestrian 0 0 -10 841.4977878283538 218.61794308714406 928.938074316145 414.60391393066675 -10 -10 -10 -1000 -1000 -1000 -10
3165 101 pedestrian 0 0 -10 842.4855299259278 219.78018515160838 927.9891470763781 412.77487171147686 -10 -10 -10 -1000 -1000 -1000 -10
3387 103 pedestrian 0 0 -10 891.3579465169776 5.910055828094485 975.1332766275535 215.45274991989135 -10 -10 -10 -1000 -1000 -1000 -10
3388 103 pedestrian 0 0 -10 892.6510176964904 5.881090405950317 976.6503503950186 216.14860453206512 -10 -10 -10 -1000 -1000 -1000 -10
3389 103 pedestrian 0 0 -10 892.6507831666287 4.900231641015679 977.2345598054196 216.79423287529244 -10 -10 -10 -1000 -1000 -1000 -10
3390 103 pedestrian 0 0 -10 888.2343029533872 5.000837449200532 972.4242688748391 215.83135927366413 -10 -10 -10 -1000 -1000 -1000 -10
3391 103 pedestrian 0 0 -10 887.2582186233035 6.235275545128502 970.4584822228696 214.62504695565005 -10 -10 -10 -1000 -1000 -1000 -10
3392 103 pedestrian 0 0 -10 890.5491011419326 5.049429122801527 974.5045103533231 215.45948964661454 -10 -10 -10 -1000 -1000 -1000 -10
3393 103 pedestrian 0 0 -10 892.0607912446922 5.045080550107144 976.1103219632728 215.88875397852624 -10 -10 -10 -1000 -1000 -1000 -10
3397 103 pedestrian 0 0 -10 902.6264388076845 7.852278554547155 993.7492941839201 235.9175273333213 -10 -10 -10 -1000 -1000 -1000 -10
3398 103 pedestrian 0 0 -10 908.5750448302839 10.338478896010926 1000.0283470305984 239.18500624815476 -10 -10 -10 -1000 -1000 -1000 -10
3399 103 pedestrian 0 0 -10 909.4709254591044 11.914593433670632 1004.1307841035239 246.81083009687381 -10 -10 -10 -1000 -1000 -1000 -10
3400 103 pedestrian 0 0 -10 911.4224305684974 11.918261305301328 1012.1073440313645 261.08419297774543 -10 -10 -10 -1000 -1000 -1000 -10
3401 103 pedestrian 0 0 -10 919.1799264227617 16.943636604245626 1017.4852029228864 260.8112794083747 -10 -10 -10 -1000 -1000 -1000 -10
3402 103 pedestrian 0 0 -10 900.7738329926847 20.47569192543631 1004.2175552047578 275.7035514129817 -10 -10 -10 -1000 -1000 -1000 -10
3403 103 pedestrian 0 0 -10 897.3678663789333 20.478058265632228 1004.5720558070932 283.6060342782805 -10 -10 -10 -1000 -1000 -1000 -10
3404 103 pedestrian 0 0 -10 904.1135116207425 23.511474970941634 1013.9341540277837 293.8039196880536 -10 -10 -10 -1000 -1000 -1000 -10
3405 103 pedestrian 0 0 -10 906.0257117787808 22.944872417570508 1018.6587663709685 299.3057389793804 -10 -10 -10 -1000 -1000 -1000 -10
3406 103 pedestrian 0 0 -10 899.7535602278799 20.97876404194082 1018.6183127804373 311.79688280799553 -10 -10 -10 -1000 -1000 -1000 -10
3407 103 pedestrian 0 0 -10 902.1328815457622 28.402877574276147 1023.4910119440451 324.7649609618114 -10 -10 -10 -1000 -1000 -1000 -10
3408 103 pedestrian 0 0 -10 906.9044199683221 30.720441533566742 1029.9092764447887 330.461945036017 -10 -10 -10 -1000 -1000 -1000 -10
3409 103 pedestrian 0 0 -10 910.3613323923495 39.75950140416856 1031.165199449666 333.38308284932 -10 -10 -10 -1000 -1000 -1000 -10
3969 109 pedestrian 0 0 -10 843.4523241794635 220.43669433593752 926.1333569728803 413.5979064941406 -10 -10 -10 -1000 -1000 -1000 -10
4009 112 pedestrian 0 0 -10 844.0640729727577 218.96455383300784 926.7294206795862 414.87813110351567 -10 -10 -10 -1000 -1000 -1000 -10
4010 112 pedestrian 0 0 -10 843.8483264353548 217.00315534390904 927.8677064896428 416.09960714192266 -10 -10 -10 -1000 -1000 -1000 -10
4011 112 pedestrian 0 0 -10 843.694759337068 217.4438833940407 927.1880882261383 415.47602658695473 -10 -10 -10 -1000 -1000 -1000 -10
4012 112 pedestrian 0 0 -10 843.6257698563112 217.4440440937837 926.9911746069824 415.2875086224032 -10 -10 -10 -1000 -1000 -1000 -10
4013 112 pedestrian 0 0 -10 843.8343804650656 217.3608253144177 927.0555400961116 415.22257385529196 -10 -10 -10 -1000 -1000 -1000 -10
4014 112 pedestrian 0 0 -10 844.6795385298782 219.22948527380152 926.528101134664 414.03826260051244 -10 -10 -10 -1000 -1000 -1000 -10
4015 112 pedestrian 0 0 -10 844.3594781812312 218.26961609694905 926.8704574563103 414.89593969820623 -10 -10 -10 -1000 -1000 -1000 -10
4016 112 pedestrian 0 0 -10 843.6662132950433 217.54957181971454 926.9449054600194 415.55746721972343 -10 -10 -10 -1000 -1000 -1000 -10
4320 114 pedestrian 0 0 -10 891.6301646860857 104.11268768310546 1004.0928699818832 384.5554489135742 -10 -10 -10 -1000 -1000 -1000 -10
4321 114 pedestrian 0 0 -10 887.6084219750518 104.59182572775961 999.7180271302279 384.3837943467326 -10 -10 -10 -1000 -1000 -1000 -10
4322 114 pedestrian 0 0 -10 884.1976301715758 99.262787301256 1000.762473719031 390.5211742077837 -10 -10 -10 -1000 -1000 -1000 -10
4324 114 pedestrian 0 0 -10 857.7006758892454 104.716069354208 988.934661949699 433.37334220093373 -10 -10 -10 -1000 -1000 -1000 -10
4325 114 pedestrian 0 0 -10 851.6289436996576 117.88262466082986 979.749004941836 439.1747768673289 -10 -10 -10 -1000 -1000 -1000 -10
4326 114 pedestrian 0 0 -10 847.6567173545814 114.26530154570241 977.7952893019202 441.1684833743461 -10 -10 -10 -1000 -1000 -1000 -10
4330 114 pedestrian 0 0 -10 842.1419034936844 119.68321213636358 1006.198490725244 534.6089962055546 -10 -10 -10 -1000 -1000 -1000 -10
4331 114 pedestrian 0 0 -10 844.5588159554096 108.46650487985764 1016.9360120886363 547.4305444524416 -10 -10 -10 -1000 -1000 -1000 -10
4332 114 pedestrian 0 0 -10 846.662201014745 95.7335467318045 1011.4695714385444 515.3934792082854 -10 -10 -10 -1000 -1000 -1000 -10
4335 114 pedestrian 0 0 -10 866.1884164724096 69.73028016441927 1036.4273107246859 504.6959639265684 -10 -10 -10 -1000 -1000 -1000 -10
4337 117 pedestrian 0 0 -10 889.8721386728466 64.8663558959961 1010.3440234365285 330.7348922729492 -10 -10 -10 -1000 -1000 -1000 -10
4339 117 pedestrian 0 0 -10 898.8963656665466 50.44686492832632 1013.0255426578635 302.0894300373261 -10 -10 -10 -1000 -1000 -1000 -10
4340 117 pedestrian 0 0 -10 900.1123839456296 44.02173025831884 1012.6857139661529 292.2034636239301 -10 -10 -10 -1000 -1000 -1000 -10
4341 117 pedestrian 0 0 -10 897.3156684239833 41.16376566568033 1005.190339438198 278.82216797937605 -10 -10 -10 -1000 -1000 -1000 -10
4342 117 pedestrian 0 0 -10 896.9535022762207 43.01067516770793 1001.6009187235093 273.08501914443474 -10 -10 -10 -1000 -1000 -1000 -10
4348 117 pedestrian 0 0 -10 872.9230807267687 49.72500789500124 983.9398050184882 294.0019116184677 -10 -10 -10 -1000 -1000 -1000 -10
4416 120 pedestrian 0 0 -10 1356.1690583615862 136.60055236816407 1465.7321379274765 371.2225646972656 -10 -10 -10 -1000 -1000 -1000 -10
4417 120 pedestrian 0 0 -10 1355.3279639901004 139.31267659611973 1466.2397741472307 376.9059712493821 -10 -10 -10 -1000 -1000 -1000 -10
4499 121 pedestrian 0 0 -10 1363.7310001289443 141.75148010253906 1469.2930721366806 366.1800476074219 -10 -10 -10 -1000 -1000 -1000 -10
4500 121 pedestrian 0 0 -10 1354.3307035158523 139.49903827406536 1471.171835810853 387.86143758006006 -10 -10 -10 -1000 -1000 -1000 -10
4702 126 pedestrian 0 0 -10 761.9175339651513 -6.034446811675991 1133.9628615426611 831.5385878562927 -10 -10 -10 -1000 -1000 -1000 -10
4703 126 pedestrian 0 0 -10 786.9633303770312 -4.3785383792977655 1144.244009627192 801.1627504012145 -10 -10 -10 -1000 -1000 -1000 -10
4704 126 pedestrian 0 0 -10 789.5552809740121 1.959113854257339 1141.6936838265824 796.846288589346 -10 -10 -10 -1000 -1000 -1000 -10
4705 126 pedestrian 0 0 -10 796.3259081708526 -0.09723343612449753 1144.9539219134663 789.5897690005174 -10 -10 -10 -1000 -1000 -1000 -10
4706 126 pedestrian 0 0 -10 808.2012689144219 2.684560882170615 1156.4321387626096 794.5829963149988 -10 -10 -10 -1000 -1000 -1000 -10
4711 126 pedestrian 0 0 -10 857.1777851726266 82.16618144259263 1049.210462811346 518.272372706349 -10 -10 -10 -1000 -1000 -1000 -10
4712 126 pedestrian 0 0 -10 870.1643184252255 77.85187219420408 1066.79022385687 522.3417869583893 -10 -10 -10 -1000 -1000 -1000 -10
4718 126 pedestrian 0 0 -10 862.850867051581 32.70557194923779 1064.6797624311948 498.2379982207343 -10 -10 -10 -1000 -1000 -1000 -10
4719 126 pedestrian 0 0 -10 865.8746779477415 31.36225509832198 1060.8839791804153 486.88069886722656 -10 -10 -10 -1000 -1000 -1000 -10
4722 128 pedestrian 0 0 -10 873.3703464851429 34.30056533813476 1030.510757030482 424.96371231079104 -10 -10 -10 -1000 -1000 -1000 -10
4723 128 pedestrian 0 0 -10 869.0606107460861 32.22657917195744 1019.3171619160413 406.2270106579089 -10 -10 -10 -1000 -1000 -1000 -10
4724 128 pedestrian 0 0 -10 865.8880329370701 31.014955657576905 1005.5971864861934 379.1763174567004 -10 -10 -10 -1000 -1000 -1000 -10
4725 128 pedestrian 0 0 -10 866.8626367686646 22.783929518999315 1001.4233187361135 358.4696855040585 -10 -10 -10 -1000 -1000 -1000 -10
4726 128 pedestrian 0 0 -10 877.248162731667 19.897324460050243 1010.711802455328 352.97606215445467 -10 -10 -10 -1000 -1000 -1000 -10
4727 128 pedestrian 0 0 -10 883.0399594115619 20.232381748505816 1011.6781294140262 341.13777862401986 -10 -10 -10 -1000 -1000 -1000 -10
