90 1 pedestrian 0 0 -10 700.8363072225889 -6.303713130950996 1243.2228968789736 1075.044529056549 -10 -10 -10 -1000 -1000 -1000 -10
91 1 pedestrian 0 0 -10 705.2181162793861 -0.40811702133066774 1236.839451814623 1060.9390735397883 -10 -10 -10 -1000 -1000 -1000 -10
92 1 pedestrian 0 0 -10 701.036260365652 0.4750861930449446 1217.8459502524179 1035.2271909232397 -10 -10 -10 -1000 -1000 -1000 -10
93 1 pedestrian 0 0 -10 681.5531031283083 -3.574523605458353 1219.5004337787752 1074.1680566834466 -10 -10 -10 -1000 -1000 -1000 -10
94 1 pedestrian 0 0 -10 694.3125522110033 -7.142167819223573 1191.5552365369367 988.5924172584754 -10 -10 -10 -1000 -1000 -1000 -10
95 1 pedestrian 0 0 -10 714.6850908508836 -7.949975011959168 1187.4551126529211 936.4563711348059 -10 -10 -10 -1000 -1000 -1000 -10
96 1 pedestrian 0 0 -10 727.6851357980629 -9.246854838527952 1159.9164559796786 849.7547618809133 -10 -10 -10 -1000 -1000 -1000 -10
97 1 pedestrian 0 0 -10 704.925530910222 -11.037908537186524 1157.6124409801632 886.1431667145555 -10 -10 -10 -1000 -1000 -1000 -10
98 1 pedestrian 0 0 -10 675.3507387320683 -7.566816494030832 1140.094751780431 913.0764553609745 -10 -10 -10 -1000 -1000 -1000 -10
99 1 pedestrian 0 0 -10 593.9720736754055 -1.6410336488338544 1108.4750367699808 1023.5505290707915 -10 -10 -10 -1000 -1000 -1000 -10
110 4 pedestrian 0 0 -10 559.1413664168779 0.8305411577224504 1072.778299110466 1082.9293692827223 -10 -10 -10 -1000 -1000 -1000 -10
111 4 pedestrian 0 0 -10 558.4439641075281 3.223485762222367 1071.038763321612 1081.6694467458096 -10 -10 -10 -1000 -1000 -1000 -10
111 5 pedestrian 0 0 -10 559.6678541023888 -6.970655345916782 1074.9304124991736 1013.2842518806458 -10 -10 -10 -1000 -1000 -1000 -10
112 4 pedestrian 0 0 -10 536.0645941297275 9.859444964186537 1048.7067671236236 1086.713973597091 -10 -10 -10 -1000 -1000 -1000 -10
113 4 pedestrian 0 0 -10 505.31829196859735 2.9495018287412904 1022.5590757641953 1086.3316420599613 -10 -10 -10 -1000 -1000 -1000 -10
113 5 pedestrian 0 0 -10 506.5391053575599 5.7194014156510775 1020.1246902377254 1021.3496690976041 -10 -10 -10 -1000 -1000 -1000 -10
2960 10 pedestrian 0 0 -10 857.7942794774846 814.5091674804688 956.5217117334528 1014.0527587890626 -10 -10 -10 -1000 -1000 -1000 -10
2961 10 pedestrian 0 0 -10 859.2811346978949 816.826312373603 955.1748844178658 1010.5221018860542 -10 -10 -10 -1000 -1000 -1000 -10
