146 2 pedestrian 0 0 -10 611.6099466842498 255.1315368652344 980.0056783157502 1068.4886169433594 -10 -10 -10 -1000 -1000 -1000 -10
149 2 pedestrian 0 0 -10 664.5155197673099 176.32622404189294 935.3411094801331 775.9721616127907 -10 -10 -10 -1000 -1000 -1000 -10
153 3 pedestrian 0 0 -10 711.3922828598149 123.48932495117188 915.8627586440915 582.5615783691406 -10 -10 -10 -1000 -1000 -1000 -10
154 3 pedestrian 0 0 -10 728.4896731472736 119.55611388069562 920.9563939394086 552.1208982322524 -10 -10 -10 -1000 -1000 -1000 -10
155 3 pedestrian 0 0 -10 726.9115355418193 114.01094059773217 909.1205527460493 524.0544609306578 -10 -10 -10 -1000 -1000 -1000 -10
156 3 pedestrian 0 0 -10 709.6543044002443 118.75902681073833 887.2665448411177 519.9743150603435 -10 -10 -10 -1000 -1000 -1000 -10
158 3 pedestrian 0 0 -10 685.942558806286 134.99272396718703 849.4631526375576 505.89976092974103 -10 -10 -10 -1000 -1000 -1000 -10
159 3 pedestrian 0 0 -10 682.8095758068932 148.71150976637716 842.6618790921892 513.951303742675 -10 -10 -10 -1000 -1000 -1000 -10
167 4 pedestrian 0 0 -10 679.9946110168335 304.59280395507807 991.4841487487914 1072.885186767578 -10 -10 -10 -1000 -1000 -1000 -10
171 4 pedestrian 0 0 -10 723.138613145684 212.79470968908987 961.7443521644683 801.7176869560828 -10 -10 -10 -1000 -1000 -1000 -10
172 4 pedestrian 0 0 -10 721.8043332106297 192.06302290991573 952.5087680606491 763.0897861948415 -10 -10 -10 -1000 -1000 -1000 -10
173 4 pedestrian 0 0 -10 722.0263661566675 179.69026879089716 939.6674229037403 717.7165015820328 -10 -10 -10 -1000 -1000 -1000 -10
175 4 pedestrian 0 0 -10 738.2771543477046 162.06911016249063 930.2311376590499 633.2518645519212 -10 -10 -10 -1000 -1000 -1000 -10
176 4 pedestrian 0 0 -10 761.4361665722048 156.13733908302987 940.289716354847 595.8872682473768 -10 -10 -10 -1000 -1000 -1000 -10
189 9 pedestrian 0 0 -10 708.0015820890945 192.31515197753907 943.0609057038743 775.4671661376954 -10 -10 -10 -1000 -1000 -1000 -10
190 9 pedestrian 0 0 -10 696.0988302411024 174.30380053273302 938.104024959104 775.0879549455384 -10 -10 -10 -1000 -1000 -1000 -10
191 9 pedestrian 0 0 -10 705.4188054451356 160.13314552518932 934.470992791566 729.0157549042203 -10 -10 -10 -1000 -1000 -1000 -10
192 9 pedestrian 0 0 -10 729.2177769290543 143.1651886382789 924.6250663579759 628.8287614646632 -10 -10 -10 -1000 -1000 -1000 -10
193 9 pedestrian 0 0 -10 748.083220517289 146.21334244510535 932.0635250116244 603.9746368544891 -10 -10 -10 -1000 -1000 -1000 -10
194 9 pedestrian 0 0 -10 770.5002832674973 147.66351204821012 947.7916503019292 589.1604805564482 -10 -10 -10 -1000 -1000 -1000 -10
211 13 pedestrian 0 0 -10 741.8192882108449 170.24452514648436 938.1472279024363 699.0419372558595 -10 -10 -10 -1000 -1000 -1000 -10
244 19 pedestrian 0 0 -10 500.4063351292254 478.7233642578125 659.3655764918683 878.5126708984375 -10 -10 -10 -1000 -1000 -1000 -10
245 19 pedestrian 0 0 -10 501.3379891103341 481.09178324347033 658.638766776181 876.5302409303997 -10 -10 -10 -1000 -1000 -1000 -10
246 19 pedestrian 0 0 -10 501.161707146622 480.7470448535711 658.7215445518652 876.7244177521508 -10 -10 -10 -1000 -1000 -1000 -10
247 19 pedestrian 0 0 -10 500.429009709251 478.77334465697095 659.5352330358069 878.208120040427 -10 -10 -10 -1000 -1000 -1000 -10
248 19 pedestrian 0 0 -10 502.2454165318935 478.9494336122731 657.3786262897421 867.8678061167273 -10 -10 -10 -1000 -1000 -1000 -10
261 20 pedestrian 0 0 -10 502.163886065123 475.6137512207031 658.479522138002 879.0422485351562 -10 -10 -10 -1000 -1000 -1000 -10
262 20 pedestrian 0 0 -10 509.1283117217147 476.810060162206 661.1987458974843 869.212178739171 -10 -10 -10 -1000 -1000 -1000 -10
263 20 pedestrian 0 0 -10 509.7231027039096 477.62191414976587 664.2166960117871 876.4283710098939 -10 -10 -10 -1000 -1000 -1000 -10
286 21 pedestrian 0 0 -10 505.4173712598367 474.9562316894531 668.4141900194602 879.5408935546875 -10 -10 -10 -1000 -1000 -1000 -10
287 21 pedestrian 0 0 -10 506.451329469882 478.5637001130689 667.5205564726252 878.2830102236906 -10 -10 -10 -1000 -1000 -1000 -10
288 21 pedestrian 0 0 -10 505.4277309289397 471.023916588892 668.4837327963264 875.4979707334473 -10 -10 -10 -1000 -1000 -1000 -10
298 22 pedestrian 0 0 -10 510.77751012012936 477.09807128906255 662.7293441279176 866.4537841796875 -10 -10 -10 -1000 -1000 -1000 -10
300 22 pedestrian 0 0 -10 509.3381398106868 473.5185920241273 664.0952407762849 869.5811823187279 -10 -10 -10 -1000 -1000 -1000 -10
301 22 pedestrian 0 0 -10 508.401674618996 470.6587135559055 665.5352809879481 872.4834134104983 -10 -10 -10 -1000 -1000 -1000 -10
302 22 pedestrian 0 0 -10 510.05767620071646 475.5560998904083 663.6024687849825 867.9275160169159 -10 -10 -10 -1000 -1000 -1000 -10
304 22 pedestrian 0 0 -10 509.5693196050187 468.2028604502783 664.440785755388 863.7387077561964 -10 -10 -10 -1000 -1000 -1000 -10
358 23 pedestrian 0 0 -10 507.13796518614214 475.9629272460937 652.7994249505766 853.4554687499999 -10 -10 -10 -1000 -1000 -1000 -10
359 23 pedestrian 0 0 -10 505.9701836760237 477.771068626584 654.3061166828322 862.2828031260183 -10 -10 -10 -1000 -1000 -1000 -10
363 23 pedestrian 0 0 -10 510.53151924705423 474.82220427339655 662.3810620453049 868.7052593739143 -10 -10 -10 -1000 -1000 -1000 -10
465 25 pedestrian 0 0 -10 502.4737310819858 458.616455078125 670.9533624238736 910.231689453125 -10 -10 -10 -1000 -1000 -1000 -10
652 28 pedestrian 0 0 -10 763.8107793015758 185.02069396972655 954.0453608351429 645.866421508789 -10 -10 -10 -1000 -1000 -1000 -10
654 28 pedestrian 0 0 -10 719.9897103740584 208.88051876449526 931.5166906866124 722.6765981776045 -10 -10 -10 -1000 -1000 -1000 -10
662 30 pedestrian 0 0 -10 674.4029218906054 346.6556091308594 1028.431868148457 1076.8226013183594 -10 -10 -10 -1000 -1000 -1000 -10
837 33 pedestrian 0 0 -10 657.993672923262 202.02509765624998 800.5547523697068 502.4854675292969 -10 -10 -10 -1000 -1000 -1000 -10
860 34 pedestrian 0 0 -10 717.3854397998908 99.33298950195314 905.2132784618278 519.0291564941406 -10 -10 -10 -1000 -1000 -1000 -10
861 34 pedestrian 0 0 -10 744.382813611319 111.35601789742998 926.0886840218179 518.0373094182759 -10 -10 -10 -1000 -1000 -1000 -10
863 34 pedestrian 0 0 -10 776.8339487756737 120.74635528552082 962.3799739191792 538.037205162684 -10 -10 -10 -1000 -1000 -1000 -10
867 34 pedestrian 0 0 -10 802.0956603850831 128.80709367315168 987.8239528617021 546.8444991091948 -10 -10 -10 -1000 -1000 -1000 -10
868 34 pedestrian 0 0 -10 804.2072959968757 132.27609788232493 987.6068976700792 544.8923177978314 -10 -10 -10 -1000 -1000 -1000 -10
869 34 pedestrian 0 0 -10 799.503767981487 135.1209195234834 984.2043031295447 551.3808224994582 -10 -10 -10 -1000 -1000 -1000 -10
871 34 pedestrian 0 0 -10 770.7705322106998 132.64636214512242 963.7355878288311 570.426783268346 -10 -10 -10 -1000 -1000 -1000 -10
872 34 pedestrian 0 0 -10 737.3708109153026 123.99142619566825 946.6283286330811 600.45224252855 -10 -10 -10 -1000 -1000 -1000 -10
873 34 pedestrian 0 0 -10 708.2064690300377 132.9413645621661 921.4234044078762 617.1787849062899 -10 -10 -10 -1000 -1000 -1000 -10
874 34 pedestrian 0 0 -10 682.5444463031008 134.88218479571054 907.2875291287369 643.7361191533175 -10 -10 -10 -1000 -1000 -1000 -10
875 34 pedestrian 0 0 -10 669.4852973428641 148.18149328072386 896.351678633432 659.1576314722405 -10 -10 -10 -1000 -1000 -1000 -10
876 34 pedestrian 0 0 -10 669.9555297535013 160.78094693875565 895.2156107536828 665.9866977609612 -10 -10 -10 -1000 -1000 -1000 -10
877 34 pedestrian 0 0 -10 664.4180704452799 163.4607116842187 892.0491483179471 670.6808952906883 -10 -10 -10 -1000 -1000 -1000 -10
878 34 pedestrian 0 0 -10 662.6916203325549 165.39634304188124 890.8779852161318 671.1380442306212 -10 -10 -10 -1000 -1000 -1000 -10
879 34 pedestrian 0 0 -10 665.9496375819199 164.18642363988556 895.9806983326664 673.1231154903458 -10 -10 -10 -1000 -1000 -1000 -10
880 34 pedestrian 0 0 -10 667.9877020106469 161.50419168785714 897.6656142016807 667.0145019288236 -10 -10 -10 -1000 -1000 -1000 -10
881 34 pedestrian 0 0 -10 668.2729883795321 161.97682884883312 899.697143323842 671.0029733782908 -10 -10 -10 -1000 -1000 -1000 -10
882 34 pedestrian 0 0 -10 674.1038407416328 164.85566737359062 903.4068502121543 669.7290162329589 -10 -10 -10 -1000 -1000 -1000 -10
883 34 pedestrian 0 0 -10 674.6730551493224 160.45213644081315 907.0465429224128 674.5052475354585 -10 -10 -10 -1000 -1000 -1000 -10
884 34 pedestrian 0 0 -10 670.8742821955245 162.21479512993966 912.4496004931116 700.5893851667663 -10 -10 -10 -1000 -1000 -1000 -10
885 34 pedestrian 0 0 -10 666.8043408173775 176.8715496275983 908.1389159817478 715.557069454225 -10 -10 -10 -1000 -1000 -1000 -10
886 34 pedestrian 0 0 -10 653.90266187749 185.58434799728838 898.9808499420304 726.7567416441457 -10 -10 -10 -1000 -1000 -1000 -10
889 35 pedestrian 0 0 -10 631.3072333477139 241.27353210449223 946.3361260272861 1062.1902923583984 -10 -10 -10 -1000 -1000 -1000 -10
890 35 pedestrian 0 0 -10 600.2360005615348 275.87729103872755 906.2750875203504 1069.713125079626 -10 -10 -10 -1000 -1000 -1000 -10
891 35 pedestrian 0 0 -10 588.0508633830405 239.25272865506417 918.6196254163168 1084.9397489568714 -10 -10 -10 -1000 -1000 -1000 -10
1095 36 pedestrian 0 0 -10 506.38657476756737 464.27705078125 681.4140966191513 915.9266723632813 -10 -10 -10 -1000 -1000 -1000 -10
1098 36 pedestrian 0 0 -10 495.39524382442863 474.23795275322396 679.7804102119796 951.5569311201168 -10 -10 -10 -1000 -1000 -1000 -10
1132 41 pedestrian 0 0 -10 477.5144925223451 541.8552368164062 671.5266268624205 1068.392578125 -10 -10 -10 -1000 -1000 -1000 -10
1133 41 pedestrian 0 0 -10 482.5548127865987 539.9295154205487 674.951957244967 1062.016009788003 -10 -10 -10 -1000 -1000 -1000 -10
1134 41 pedestrian 0 0 -10 481.6546012273529 537.1342060659761 678.7321919879269 1072.0251381469718 -10 -10 -10 -1000 -1000 -1000 -10
1135 41 pedestrian 0 0 -10 503.2689558944399 495.2683793130495 678.408928610021 969.7895090329339 -10 -10 -10 -1000 -1000 -1000 -10
1136 41 pedestrian 0 0 -10 510.02588868418917 480.01747968338924 678.7791801311641 936.1289760487043 -10 -10 -10 -1000 -1000 -1000 -10
1138 41 pedestrian 0 0 -10 487.56836005084523 519.1134828975653 679.6228863520354 1037.883279585873 -10 -10 -10 -1000 -1000 -1000 -10
1139 41 pedestrian 0 0 -10 484.7045971060673 531.2759169596352 678.1666381879443 1053.5151165213015 -10 -10 -10 -1000 -1000 -1000 -10
1157 44 pedestrian 0 0 -10 516.1756578639058 484.07075805664056 657.7305188939066 870.9163574218749 -10 -10 -10 -1000 -1000 -1000 -10
1162 44 pedestrian 0 0 -10 503.5394201397439 470.8890099248213 671.2344072581418 928.747168118568 -10 -10 -10 -1000 -1000 -1000 -10
1683 48 pedestrian 0 0 -10 843.5683102030634 119.58974761962892 956.3670291524055 423.76811065673826 -10 -10 -10 -1000 -1000 -1000 -10
1758 52 pedestrian 0 0 -10 760.0781489796601 163.25308227539062 928.3098637156523 576.1740478515625 -10 -10 -10 -1000 -1000 -1000 -10
1759 52 pedestrian 0 0 -10 738.3736102767584 166.578360038577 915.2783261064183 600.4835504948803 -10 -10 -10 -1000 -1000 -1000 -10
1760 52 pedestrian 0 0 -10 715.6546854744229 173.32725908565655 904.0916797049542 635.3356407125531 -10 -10 -10 -1000 -1000 -1000 -10
1761 52 pedestrian 0 0 -10 693.8072333881488 182.37249115846274 885.2239227999318 649.5957115645781 -10 -10 -10 -1000 -1000 -1000 -10
1762 52 pedestrian 0 0 -10 670.4611372249967 205.00636872589385 875.0370456335111 703.6267447303443 -10 -10 -10 -1000 -1000 -1000 -10
1763 52 pedestrian 0 0 -10 662.0063343612893 197.34625198563634 891.7407562406456 756.8607717822545 -10 -10 -10 -1000 -1000 -1000 -10
1764 52 pedestrian 0 0 -10 653.2524472779813 246.2665820748216 876.8819232838417 788.3456605674285 -10 -10 -10 -1000 -1000 -1000 -10
1879 54 pedestrian 0 0 -10 870.21364746733 89.9145294189453 968.2461425717323 357.9574615478516 -10 -10 -10 -1000 -1000 -1000 -10
1880 54 pedestrian 0 0 -10 871.1951734644687 89.15858545920986 969.5143825243673 357.87615899450475 -10 -10 -10 -1000 -1000 -1000 -10
1881 54 pedestrian 0 0 -10 871.8301003589978 89.66523908033682 970.0889649021908 358.02335361220184 -10 -10 -10 -1000 -1000 -1000 -10
1882 54 pedestrian 0 0 -10 866.6534211010242 88.50843753028963 965.7544347194569 358.9413627696464 -10 -10 -10 -1000 -1000 -1000 -10
1900 58 pedestrian 0 0 -10 850.4503048289871 130.45984344482423 977.1172610889816 476.66761322021483 -10 -10 -10 -1000 -1000 -1000 -10
1901 58 pedestrian 0 0 -10 849.1452786371427 131.58343946085705 978.3287531062361 484.4507916583589 -10 -10 -10 -1000 -1000 -1000 -10
1903 58 pedestrian 0 0 -10 854.6690450696215 130.10645771062113 986.2066257824036 489.23656044504787 -10 -10 -10 -1000 -1000 -1000 -10
1904 58 pedestrian 0 0 -10 849.8939777817214 127.85672709910529 983.3029034466947 491.0558032716613 -10 -10 -10 -1000 -1000 -1000 -10
1905 58 pedestrian 0 0 -10 850.7649700195614 132.31074752426568 988.259612314795 507.0035957183136 -10 -10 -10 -1000 -1000 -1000 -10
1906 58 pedestrian 0 0 -10 844.4872230475744 136.503561504932 987.5273703540933 528.4519003525686 -10 -10 -10 -1000 -1000 -1000 -10
1907 58 pedestrian 0 0 -10 842.858997636708 139.27463183624084 986.8737890559428 534.5790128250013 -10 -10 -10 -1000 -1000 -1000 -10
1909 58 pedestrian 0 0 -10 828.0646182075011 145.32448830054537 977.8593493589915 555.6458680666186 -10 -10 -10 -1000 -1000 -1000 -10
1910 58 pedestrian 0 0 -10 825.411687003436 148.28215542325654 974.9036247119709 557.406753781755 -10 -10 -10 -1000 -1000 -1000 -10
1911 58 pedestrian 0 0 -10 817.2390884069149 147.24107099802464 971.8836135050559 570.1087666639382 -10 -10 -10 -1000 -1000 -1000 -10
1912 58 pedestrian 0 0 -10 808.3136018412329 146.26674813752015 968.2311590338791 583.3697526081646 -10 -10 -10 -1000 -1000 -1000 -10
1913 58 pedestrian 0 0 -10 809.7576242051317 143.6592734680991 970.0929677090529 582.7105547309344 -10 -10 -10 -1000 -1000 -1000 -10
1914 58 pedestrian 0 0 -10 813.3269353665088 137.0968945148886 977.7381824855255 586.5316516546867 -10 -10 -10 -1000 -1000 -1000 -10
1916 58 pedestrian 0 0 -10 810.112491608486 141.41966014597224 975.3007182780219 592.7207035021924 -10 -10 -10 -1000 -1000 -1000 -10
1917 58 pedestrian 0 0 -10 802.4958380118562 141.23324760501026 972.8837931582268 602.623998719647 -10 -10 -10 -1000 -1000 -1000 -10
1918 58 pedestrian 0 0 -10 806.763075268812 140.24130579932682 973.7709634378332 589.1099333829401 -10 -10 -10 -1000 -1000 -1000 -10
1919 58 pedestrian 0 0 -10 810.8464777955456 141.55341882705213 972.2076982423423 572.4813711277533 -10 -10 -10 -1000 -1000 -1000 -10
1920 58 pedestrian 0 0 -10 807.2272699509568 146.90879273084389 966.4122147458844 569.7209571439581 -10 -10 -10 -1000 -1000 -1000 -10
1921 58 pedestrian 0 0 -10 788.4028756751073 155.57608682019125 954.6436276606237 590.5905246124997 -10 -10 -10 -1000 -1000 -1000 -10
1922 58 pedestrian 0 0 -10 753.6929091873881 154.989802829959 930.3607560760232 611.785439742262 -10 -10 -10 -1000 -1000 -1000 -10
1923 58 pedestrian 0 0 -10 730.3322340963264 172.6199312061387 905.2024193904674 620.481573735334 -10 -10 -10 -1000 -1000 -1000 -10
1924 58 pedestrian 0 0 -10 719.3272631215518 181.83804530417848 906.5922630342452 659.3064314955559 -10 -10 -10 -1000 -1000 -1000 -10
1925 58 pedestrian 0 0 -10 716.0674419459477 198.4410795852843 915.4784911633049 705.71112032367 -10 -10 -10 -1000 -1000 -1000 -10
1926 58 pedestrian 0 0 -10 687.6589561383697 235.74950683839796 910.0325331800369 801.205122601056 -10 -10 -10 -1000 -1000 -1000 -10
1927 58 pedestrian 0 0 -10 668.8791078559775 267.3939662971286 898.2098444477352 847.5425998983587 -10 -10 -10 -1000 -1000 -1000 -10
1928 58 pedestrian 0 0 -10 654.830648670736 297.36711004349377 909.2927955281751 938.8474522282304 -10 -10 -10 -1000 -1000 -1000 -10
1929 58 pedestrian 0 0 -10 635.3040913177415 341.17994324402616 910.1202162556999 1030.266300282471 -10 -10 -10 -1000 -1000 -1000 -10
1930 58 pedestrian 0 0 -10 595.9742479704371 391.3468014824958 871.5510909592396 1069.6218717960892 -10 -10 -10 -1000 -1000 -1000 -10
2029 66 pedestrian 0 0 -10 506.0728890525659 463.86088256835933 667.2687674415747 893.8384399414062 -10 -10 -10 -1000 -1000 -1000 -10
2148 67 pedestrian 0 0 -10 509.42718520619894 480.4949829101563 650.339190526223 863.1593017578125 -10 -10 -10 -1000 -1000 -1000 -10
2149 67 pedestrian 0 0 -10 509.2220611556572 480.19215274122377 650.3467696852904 863.4067987952594 -10 -10 -10 -1000 -1000 -1000 -10
2151 67 pedestrian 0 0 -10 507.7134693901288 475.771078528413 651.9938015612119 867.6330817661801 -10 -10 -10 -1000 -1000 -1000 -10
2152 67 pedestrian 0 0 -10 507.93864958944334 476.12587150031686 652.0555443772466 867.5289657948633 -10 -10 -10 -1000 -1000 -1000 -10
2179 68 pedestrian 0 0 -10 505.2197350747575 474.3490966796875 654.3095190756331 872.0469116210937 -10 -10 -10 -1000 -1000 -1000 -10
2181 68 pedestrian 0 0 -10 502.29398882453245 470.99698037860037 657.3974756586283 884.9279063962086 -10 -10 -10 -1000 -1000 -1000 -10
2183 68 pedestrian 0 0 -10 502.58995985585676 473.1563528756342 657.0416833825616 885.3660028463978 -10 -10 -10 -1000 -1000 -1000 -10
2285 69 pedestrian 0 0 -10 493.7396312208808 474.1487915039063 666.6916431931816 937.6138916015625 -10 -10 -10 -1000 -1000 -1000 -10
2286 69 pedestrian 0 0 -10 492.7591793237419 472.1199295921996 667.9994747889901 941.8669000872454 -10 -10 -10 -1000 -1000 -1000 -10
2287 69 pedestrian 0 0 -10 497.5572793884721 477.24419192688197 673.1341825430343 947.8506473065715 -10 -10 -10 -1000 -1000 -1000 -10
2288 69 pedestrian 0 0 -10 496.8493490549555 480.97808823817917 667.1172601074529 937.5909955018826 -10 -10 -10 -1000 -1000 -1000 -10
2289 69 pedestrian 0 0 -10 499.4032383898949 479.40166439116604 662.1189739919338 915.72907036603 -10 -10 -10 -1000 -1000 -1000 -10
2290 69 pedestrian 0 0 -10 500.27804991497993 479.1125056428382 660.0564059731034 908.0612592656896 -10 -10 -10 -1000 -1000 -1000 -10
2291 69 pedestrian 0 0 -10 500.6702768178596 479.55293082492364 659.1680720560842 905.391053003166 -10 -10 -10 -1000 -1000 -1000 -10
2292 69 pedestrian 0 0 -10 499.79609255157607 476.5781321098331 660.0705594873214 907.8936872595602 -10 -10 -10 -1000 -1000 -1000 -10
2295 69 pedestrian 0 0 -10 499.2166024139049 473.9972800430769 660.8722774087514 910.0468985725665 -10 -10 -10 -1000 -1000 -1000 -10
2296 69 pedestrian 0 0 -10 504.4419112598222 473.7358273734793 655.6805486374521 881.3454636048067 -10 -10 -10 -1000 -1000 -1000 -10
2299 69 pedestrian 0 0 -10 506.07644290569687 471.43777534987635 654.2792944700996 871.0758120705943 -10 -10 -10 -1000 -1000 -1000 -10
2375 70 pedestrian 0 0 -10 520.4710529077435 475.11809692382815 650.3483989965532 819.2935424804688 -10 -10 -10 -1000 -1000 -1000 -10
2376 70 pedestrian 0 0 -10 516.012418890933 479.9658517495189 656.9399960660692 853.359955201066 -10 -10 -10 -1000 -1000 -1000 -10
2377 70 pedestrian 0 0 -10 514.0886570045952 487.855492184849 649.6478201629507 846.6346024686347 -10 -10 -10 -1000 -1000 -1000 -10
2378 70 pedestrian 0 0 -10 510.2127103952077 486.9776420340262 649.9424989879537 856.8575283958613 -10 -10 -10 -1000 -1000 -1000 -10
2486 72 pedestrian 0 0 -10 497.478499298867 479.42420654296876 662.7749430839453 920.8398193359376 -10 -10 -10 -1000 -1000 -1000 -10
2488 72 pedestrian 0 0 -10 494.8736081078376 479.5198466599494 664.8659554433075 933.4922134741918 -10 -10 -10 -1000 -1000 -1000 -10
2496 73 pedestrian 0 0 -10 502.5582817259714 481.33513793945315 654.375110608013 887.6951171875 -10 -10 -10 -1000 -1000 -1000 -10
2499 73 pedestrian 0 0 -10 500.3119948009738 483.471557338479 646.4082683756604 874.7867851742442 -10 -10 -10 -1000 -1000 -1000 -10
2500 73 pedestrian 0 0 -10 498.455842866796 479.49440014168607 647.1576012321264 877.9326859271118 -10 -10 -10 -1000 -1000 -1000 -10
2501 73 pedestrian 0 0 -10 499.2230949828898 479.3703729403921 655.5340390363476 897.64904070022 -10 -10 -10 -1000 -1000 -1000 -10
2502 73 pedestrian 0 0 -10 495.84242528941627 479.38709176330525 662.1329972336882 923.4061781034948 -10 -10 -10 -1000 -1000 -1000 -10
2503 73 pedestrian 0 0 -10 494.7574141978056 479.5020892451806 664.8243048722312 933.2479104667925 -10 -10 -10 -1000 -1000 -1000 -10
2504 73 pedestrian 0 0 -10 492.80590902807205 480.3158849119304 667.1756141408013 944.9410119468066 -10 -10 -10 -1000 -1000 -1000 -10
2505 73 pedestrian 0 0 -10 491.9878673125032 480.49359191188626 668.1523765168939 949.4715397232887 -10 -10 -10 -1000 -1000 -1000 -10
2507 73 pedestrian 0 0 -10 500.98814524706063 483.29514607679556 659.310496895836 904.6480422989378 -10 -10 -10 -1000 -1000 -1000 -10
2508 73 pedestrian 0 0 -10 502.75126357534504 481.03690845182496 657.8182590577841 895.756737676398 -10 -10 -10 -1000 -1000 -1000 -10
2509 73 pedestrian 0 0 -10 506.78387613855006 484.3772336393543 653.8250357607751 879.6172255859972 -10 -10 -10 -1000 -1000 -1000 -10
2606 78 pedestrian 0 0 -10 515.1839080528882 482.5637817382812 655.4407013221119 871.9271484374999 -10 -10 -10 -1000 -1000 -1000 -10
2607 78 pedestrian 0 0 -10 511.52670867997637 479.25727552029116 651.1498662471425 866.6659115561276 -10 -10 -10 -1000 -1000 -1000 -10
2608 78 pedestrian 0 0 -10 514.3866564020043 475.09274255060666 656.2768704457442 868.2582271121692 -10 -10 -10 -1000 -1000 -1000 -10
2609 78 pedestrian 0 0 -10 515.8360386556437 475.94942020607556 657.260795683143 866.9069546683938 -10 -10 -10 -1000 -1000 -1000 -10
2610 78 pedestrian 0 0 -10 517.8853085202172 481.6585059170506 655.725790029248 860.9979112976298 -10 -10 -10 -1000 -1000 -1000 -10
2611 78 pedestrian 0 0 -10 514.5200477269735 485.2404846366931 650.1449860045085 857.5312422539855 -10 -10 -10 -1000 -1000 -1000 -10
2612 78 pedestrian 0 0 -10 515.4661697465979 485.48871864481225 655.1731908192402 866.9112137765815 -10 -10 -10 -1000 -1000 -1000 -10
2613 78 pedestrian 0 0 -10 516.7107248088837 483.89298749230704 656.082285555008 862.6500201905625 -10 -10 -10 -1000 -1000 -1000 -10
3106 88 pedestrian 0 0 -10 599.5267846556209 502.0276977539063 935.4660986451604 1079.8630859375 -10 -10 -10 -1000 -1000 -1000 -10
3107 88 pedestrian 0 0 -10 560.1902951605032 437.3680926155827 927.4378261091238 1072.5526026570083 -10 -10 -10 -1000 -1000 -1000 -10
3111 88 pedestrian 0 0 -10 662.9437393041273 245.9622707293093 941.1120060740827 735.8182858787279 -10 -10 -10 -1000 -1000 -1000 -10
3112 88 pedestrian 0 0 -10 643.8594956492693 197.1168432768087 1006.1352866892656 850.8334047657632 -10 -10 -10 -1000 -1000 -1000 -10
