162 1 pedestrian 0 0 -10 500.43137747752854 446.537255859375 730.5431525517683 1064.6504150390624 -10 -10 -10 -1000 -1000 -1000 -10
2227 6 pedestrian 0 0 -10 503.98690358874717 447.0975708007812 727.019572241331 1038.2665283203123 -10 -10 -10 -1000 -1000 -1000 -10
3815 19 pedestrian 0 0 -10 660.5399568202736 340.5746887207032 996.1421232578514 1079.9653869628905 -10 -10 -10 -1000 -1000 -1000 -10
3816 19 pedestrian 0 0 -10 677.9682162758186 308.1682274367554 968.5480163687515 948.8995262357503 -10 -10 -10 -1000 -1000 -1000 -10
3817 19 pedestrian 0 0 -10 698.5130067675279 256.6584058486846 955.9993261208649 824.6426090499306 -10 -10 -10 -1000 -1000 -1000 -10
3818 19 pedestrian 0 0 -10 707.7493855033864 213.54555964843985 949.0893484079476 747.9294972181535 -10 -10 -10 -1000 -1000 -1000 -10
3819 19 pedestrian 0 0 -10 697.7428241001079 178.27155717505065 937.0637936265737 712.456780419237 -10 -10 -10 -1000 -1000 -1000 -10
3820 19 pedestrian 0 0 -10 681.7651258556824 119.72731300584945 916.1842671277462 648.2082495984828 -10 -10 -10 -1000 -1000 -1000 -10
3824 19 pedestrian 0 0 -10 736.7498543582817 83.79738912354094 938.802789294994 540.0695292886977 -10 -10 -10 -1000 -1000 -1000 -10
4037 23 pedestrian 0 0 -10 493.7328884762298 444.6385314941407 726.7558078128327 1025.9106994628905 -10 -10 -10 -1000 -1000 -1000 -10
4038 23 pedestrian 0 0 -10 499.60016784510844 443.8784093577778 729.1339973758488 1016.2992445706091 -10 -10 -10 -1000 -1000 -1000 -10
4145 24 pedestrian 0 0 -10 876.4733958793763 312.9888244628906 1037.3687427924988 760.8905639648438 -10 -10 -10 -1000 -1000 -1000 -10
4145 25 pedestrian 0 0 -10 872.4187452530812 319.80622558593745 1041.4489671492627 807.01611328125 -10 -10 -10 -1000 -1000 -1000 -10
4204 29 pedestrian 0 0 -10 506.8619820160253 448.8188537597656 738.3287589507718 1036.814874267578 -10 -10 -10 -1000 -1000 -1000 -10
4206 29 pedestrian 0 0 -10 500.94501345786244 449.51547883899883 731.9378217250664 1036.0346150543273 -10 -10 -10 -1000 -1000 -1000 -10
4248 33 pedestrian 0 0 -10 501.0384663019736 451.81523437499993 733.0845805730264 1036.7330078125 -10 -10 -10 -1000 -1000 -1000 -10
4249 33 pedestrian 0 0 -10 500.1230974057451 451.15276157031195 731.7625852151801 1035.2267833742908 -10 -10 -10 -1000 -1000 -1000 -10
4250 33 pedestrian 0 0 -10 499.8738988912724 451.30912028366606 731.1997323878361 1034.3183739327112 -10 -10 -10 -1000 -1000 -1000 -10
4252 33 pedestrian 0 0 -10 502.5014869933406 451.6840325156667 728.648236351898 1021.9197696481623 -10 -10 -10 -1000 -1000 -1000 -10
4253 33 pedestrian 0 0 -10 505.8480708596027 451.2921687288376 735.4872292202654 1029.9913270895267 -10 -10 -10 -1000 -1000 -1000 -10
4257 33 pedestrian 0 0 -10 506.6152875476956 450.4353993705041 738.6023020912573 1034.2217013719674 -10 -10 -10 -1000 -1000 -1000 -10
4258 33 pedestrian 0 0 -10 508.45668773357 450.34557586583435 736.9230241228246 1025.2930667351611 -10 -10 -10 -1000 -1000 -1000 -10
4259 33 pedestrian 0 0 -10 509.1921720541477 450.9708087191936 736.0228280832512 1021.7086783745478 -10 -10 -10 -1000 -1000 -1000 -10
4260 33 pedestrian 0 0 -10 506.92827544441843 449.11566426711613 738.390745172753 1031.6717538692842 -10 -10 -10 -1000 -1000 -1000 -10
4261 33 pedestrian 0 0 -10 498.6246990447762 440.8994743609622 737.5071614447827 1042.668195509305 -10 -10 -10 -1000 -1000 -1000 -10
4262 33 pedestrian 0 0 -10 500.05466400030457 436.8757611506841 741.7117949164342 1047.6312165712338 -10 -10 -10 -1000 -1000 -1000 -10
4263 33 pedestrian 0 0 -10 499.00023232666734 442.0460418316591 735.9543615478232 1042.8352746872722 -10 -10 -10 -1000 -1000 -1000 -10
4300 37 pedestrian 0 0 -10 972.1808063182741 138.25351867675778 1168.189664873132 650.7561676025391 -10 -10 -10 -1000 -1000 -1000 -10
4301 37 pedestrian 0 0 -10 961.9748109106604 133.66553836078822 1178.2885146842523 699.2495786315751 -10 -10 -10 -1000 -1000 -1000 -10
4302 37 pedestrian 0 0 -10 959.5075665643096 139.35119798671076 1180.8277434224271 718.8933379258898 -10 -10 -10 -1000 -1000 -1000 -10
4304 37 pedestrian 0 0 -10 972.8589358477594 144.7683247647554 1179.1513550569578 685.0813773088935 -10 -10 -10 -1000 -1000 -1000 -10
4305 37 pedestrian 0 0 -10 967.019483940568 141.13837839134834 1176.9867943431068 691.2677212649908 -10 -10 -10 -1000 -1000 -1000 -10
4376 38 pedestrian 0 0 -10 502.4899355053762 445.54631347656255 728.4258542895457 1068.1820556640625 -10 -10 -10 -1000 -1000 -1000 -10
4393 40 pedestrian 0 0 -10 879.1504809624402 316.7203735351563 1048.1465893500597 767.5496948242187 -10 -10 -10 -1000 -1000 -1000 -10
4396 40 pedestrian 0 0 -10 873.3747658978899 312.23866504831904 1041.7752472368056 761.5823222405261 -10 -10 -10 -1000 -1000 -1000 -10
4397 40 pedestrian 0 0 -10 877.81437359567 312.76779968168154 1045.336475173366 759.8074656504953 -10 -10 -10 -1000 -1000 -1000 -10
4712 47 pedestrian 0 0 -10 502.0508308698059 444.02119140625 729.3504203508974 1027.281787109375 -10 -10 -10 -1000 -1000 -1000 -10
4713 47 pedestrian 0 0 -10 506.9686766453224 442.9985860621877 734.894184087047 1027.9735360038346 -10 -10 -10 -1000 -1000 -1000 -10
4715 47 pedestrian 0 0 -10 499.4682101506386 445.2818355440956 721.2814494025283 1013.4523661224155 -10 -10 -10 -1000 -1000 -1000 -10
4742 48 pedestrian 0 0 -10 498.8570726670881 446.55185546875 732.6156690321305 1026.7157958984376 -10 -10 -10 -1000 -1000 -1000 -10
4743 48 pedestrian 0 0 -10 491.2602196504489 444.10301439707706 739.7468051764037 1061.1453947826005 -10 -10 -10 -1000 -1000 -1000 -10
4744 48 pedestrian 0 0 -10 496.3625827543377 445.26949714569156 735.0125983544056 1037.877922257092 -10 -10 -10 -1000 -1000 -1000 -10
5344 51 pedestrian 0 0 -10 637.5902946816009 331.5380554199219 996.8564216269929 1080.3557556152343 -10 -10 -10 -1000 -1000 -1000 -10
5345 51 pedestrian 0 0 -10 657.6919409337171 279.8425620384848 972.8530541289987 938.5941298669118 -10 -10 -10 -1000 -1000 -1000 -10
5346 51 pedestrian 0 0 -10 664.8909521706472 233.75795496231694 963.9578618958855 860.9352083509855 -10 -10 -10 -1000 -1000 -1000 -10
5347 51 pedestrian 0 0 -10 661.2653544518173 190.34203705146837 933.4313289609038 764.8806928031759 -10 -10 -10 -1000 -1000 -1000 -10
5348 51 pedestrian 0 0 -10 660.304147501522 141.6619052858935 903.4971002556374 658.8986948657323 -10 -10 -10 -1000 -1000 -1000 -10
5349 51 pedestrian 0 0 -10 655.2968640579276 109.80407119175075 877.8264991375554 586.7664448033006 -10 -10 -10 -1000 -1000 -1000 -10
5350 51 pedestrian 0 0 -10 666.4113007197656 99.9571916247578 880.5104161813422 561.759797531602 -10 -10 -10 -1000 -1000 -1000 -10
5351 51 pedestrian 0 0 -10 681.3785670626539 95.44629682831481 890.6667233991382 549.455553969703 -10 -10 -10 -1000 -1000 -1000 -10
5507 55 pedestrian 0 0 -10 476.98971310519835 441.7216491699218 736.8938135061297 1086.5197692871093 -10 -10 -10 -1000 -1000 -1000 -10
5508 55 pedestrian 0 0 -10 472.75611205420057 441.96373473566564 732.6342326325646 1086.4404976701471 -10 -10 -10 -1000 -1000 -1000 -10
5509 55 pedestrian 0 0 -10 471.0543283419207 441.54768346973583 731.3535289480907 1087.1916474005675 -10 -10 -10 -1000 -1000 -1000 -10
5939 61 pedestrian 0 0 -10 1243.5715133578103 164.212158203125 1363.0644241421896 405.4726318359375 -10 -10 -10 -1000 -1000 -1000 -10
5940 61 pedestrian 0 0 -10 1260.0498097594314 176.75371672976223 1380.16734064888 419.3443133712135 -10 -10 -10 -1000 -1000 -1000 -10
5944 61 pedestrian 0 0 -10 1359.9005247119853 239.7527965791617 1497.9372228843265 516.3321351935874 -10 -10 -10 -1000 -1000 -1000 -10
6038 64 pedestrian 0 0 -10 400.7761273517777 299.9077819824219 587.9856219158005 796.2530517578125 -10 -10 -10 -1000 -1000 -1000 -10
6112 67 pedestrian 0 0 -10 381.44379554632326 297.59807739257815 579.7412386333642 818.0456604003906 -10 -10 -10 -1000 -1000 -1000 -10
6113 67 pedestrian 0 0 -10 381.7086645227755 298.44688011855624 579.4113504521802 817.2828718339417 -10 -10 -10 -1000 -1000 -1000 -10
6114 67 pedestrian 0 0 -10 381.49143990275684 298.16969093937587 579.3659542979119 817.4854323959353 -10 -10 -10 -1000 -1000 -1000 -10
6116 67 pedestrian 0 0 -10 383.0127584384176 296.3808878557395 577.5714709421666 806.9632311614321 -10 -10 -10 -1000 -1000 -1000 -10
6117 67 pedestrian 0 0 -10 383.07455943602497 295.3198227649763 577.7156989158605 805.8087782738721 -10 -10 -10 -1000 -1000 -1000 -10
6119 67 pedestrian 0 0 -10 381.50980542702985 296.8859774936022 579.2825405267554 815.2469093201737 -10 -10 -10 -1000 -1000 -1000 -10
6120 67 pedestrian 0 0 -10 377.8070909335014 295.8781548523546 573.5606890046245 809.0001331721514 -10 -10 -10 -1000 -1000 -1000 -10
6121 67 pedestrian 0 0 -10 376.67440298659113 296.4175910179032 571.201072274036 805.6050014066766 -10 -10 -10 -1000 -1000 -1000 -10
6122 67 pedestrian 0 0 -10 383.18672645576225 298.88325067685037 572.3850640453701 793.0614188115944 -10 -10 -10 -1000 -1000 -1000 -10
6123 67 pedestrian 0 0 -10 383.61367847968523 298.89206880240397 574.8946924282092 798.4365191199679 -10 -10 -10 -1000 -1000 -1000 -10
6147 69 pedestrian 0 0 -10 361.31911916435047 284.1877258300781 599.4919343024465 908.3482482910156 -10 -10 -10 -1000 -1000 -1000 -10
6148 69 pedestrian 0 0 -10 372.4182619744018 285.47852053625314 599.5019323803438 880.531550872053 -10 -10 -10 -1000 -1000 -1000 -10
6149 69 pedestrian 0 0 -10 384.718294843087 292.10572390420134 590.6958754152765 831.2069741830696 -10 -10 -10 -1000 -1000 -1000 -10
6152 69 pedestrian 0 0 -10 363.50044133332324 292.4815290769291 585.7608485936438 872.3881635747227 -10 -10 -10 -1000 -1000 -1000 -10
6171 70 pedestrian 0 0 -10 377.32513924438126 295.42041015625 572.3273509899938 803.34521484375 -10 -10 -10 -1000 -1000 -1000 -10
6172 70 pedestrian 0 0 -10 373.96625810858876 295.8402807163934 573.6101375018939 815.8474771300482 -10 -10 -10 -1000 -1000 -1000 -10
6173 70 pedestrian 0 0 -10 378.0359293170966 296.15279360951763 579.1181713305775 820.0320129396007 -10 -10 -10 -1000 -1000 -1000 -10
6206 71 pedestrian 0 0 -10 393.47385671173686 299.4483825683594 581.3537067648257 773.8118286132812 -10 -10 -10 -1000 -1000 -1000 -10
6259 74 pedestrian 0 0 -10 870.2883399565969 100.99908294677738 1110.656240121528 761.7014511108398 -10 -10 -10 -1000 -1000 -1000 -10
6262 75 pedestrian 0 0 -10 879.4921260155809 276.22821044921875 1059.0192387305128 748.7288818359375 -10 -10 -10 -1000 -1000 -1000 -10
6263 74 pedestrian 0 0 -10 887.8460029587638 114.3058583715329 1123.6351180006823 759.3041589618226 -10 -10 -10 -1000 -1000 -1000 -10
6264 74 pedestrian 0 0 -10 877.0196966269139 111.04481624609105 1115.8637069623123 763.4097142664956 -10 -10 -10 -1000 -1000 -1000 -10
6265 74 pedestrian 0 0 -10 871.8441754635011 100.81054248784562 1115.3961354976468 764.2125358115455 -10 -10 -10 -1000 -1000 -1000 -10
6266 74 pedestrian 0 0 -10 874.4223839819286 102.04478467479953 1120.3812516935611 768.8775623837714 -10 -10 -10 -1000 -1000 -1000 -10
6267 74 pedestrian 0 0 -10 871.8465224609605 105.91851770869926 1116.3613334478057 767.2783152352189 -10 -10 -10 -1000 -1000 -1000 -10
6268 74 pedestrian 0 0 -10 870.2742904835166 106.12339956087726 1115.373277795859 767.8586249663639 -10 -10 -10 -1000 -1000 -1000 -10
6269 74 pedestrian 0 0 -10 869.9506216974205 106.83430445125958 1114.7662044974948 767.2317086869816 -10 -10 -10 -1000 -1000 -1000 -10
6270 74 pedestrian 0 0 -10 865.7797803491925 104.40588063123687 1109.1217927072569 760.8384078063651 -10 -10 -10 -1000 -1000 -1000 -10
6291 77 pedestrian 0 0 -10 878.2786474060167 318.08833618164056 1051.7429956603896 800.4383300781249 -10 -10 -10 -1000 -1000 -1000 -10
6291 78 pedestrian 0 0 -10 882.7718212488653 313.7164672851563 1044.0398364659784 759.3904541015625 -10 -10 -10 -1000 -1000 -1000 -10
6346 80 pedestrian 0 0 -10 388.9044262901473 302.92067871093747 575.0355212196183 781.4189331054688 -10 -10 -10 -1000 -1000 -1000 -10
6347 80 pedestrian 0 0 -10 386.6696744581451 301.225741188078 574.7614757061293 785.1696953286944 -10 -10 -10 -1000 -1000 -1000 -10
6353 80 pedestrian 0 0 -10 388.6096217224899 307.068387566031 572.3662058619038 780.9527828585611 -10 -10 -10 -1000 -1000 -1000 -10
6356 81 pedestrian 0 0 -10 394.7705002092664 309.45037231445315 579.9786269879992 806.1568237304688 -10 -10 -10 -1000 -1000 -1000 -10
6357 81 pedestrian 0 0 -10 396.3824900066347 308.04051710464284 578.5231397675849 796.5736966604231 -10 -10 -10 -1000 -1000 -1000 -10
6358 81 pedestrian 0 0 -10 394.1762054009921 305.71758408049243 580.9958402093353 806.4210518154073 -10 -10 -10 -1000 -1000 -1000 -10
6377 82 pedestrian 0 0 -10 919.3161220158988 102.76726531982422 1164.2147251520698 717.5325363159179 -10 -10 -10 -1000 -1000 -1000 -10
6490 83 pedestrian 0 0 -10 880.4197582131408 317.9607971191406 1046.487797939203 755.6892822265625 -10 -10 -10 -1000 -1000 -1000 -10
6491 83 pedestrian 0 0 -10 881.127087267529 319.18351205385034 1046.2695964078143 754.3075286080743 -10 -10 -10 -1000 -1000 -1000 -10
6492 83 pedestrian 0 0 -10 880.7738488725406 318.10995980137477 1046.8318368371988 755.6643880490292 -10 -10 -10 -1000 -1000 -1000 -10
6512 85 pedestrian 0 0 -10 392.2351008479777 299.5966125488281 579.4603642399129 776.7418090820313 -10 -10 -10 -1000 -1000 -1000 -10
6514 85 pedestrian 0 0 -10 381.32163664284064 295.8203608451279 580.384519201834 803.2709592710205 -10 -10 -10 -1000 -1000 -1000 -10
6515 85 pedestrian 0 0 -10 375.0256741172143 296.4547811300183 575.0560378216343 806.6083012316658 -10 -10 -10 -1000 -1000 -1000 -10
6516 85 pedestrian 0 0 -10 378.6714845659682 298.94686978028744 577.0487108468246 805.1463824427863 -10 -10 -10 -1000 -1000 -1000 -10
6517 85 pedestrian 0 0 -10 380.9905299075322 301.5068107933889 577.2135468070749 802.486677115942 -10 -10 -10 -1000 -1000 -1000 -10
6518 85 pedestrian 0 0 -10 381.73176324694975 301.84234100542426 577.5657387685962 801.7506886059223 -10 -10 -10 -1000 -1000 -1000 -10
6522 85 pedestrian 0 0 -10 383.86348943228745 306.0772808326279 576.0729417390322 796.9103606072895 -10 -10 -10 -1000 -1000 -1000 -10
6525 85 pedestrian 0 0 -10 376.22337241580453 302.90895522240714 584.3030497221034 836.434461486983 -10 -10 -10 -1000 -1000 -1000 -10
6681 86 pedestrian 0 0 -10 916.4088716392616 125.15277099609378 1085.1129545326135 606.8409301757813 -10 -10 -10 -1000 -1000 -1000 -10
6683 86 pedestrian 0 0 -10 926.7903081755281 118.58098970437743 1136.145715091385 716.9980688752514 -10 -10 -10 -1000 -1000 -1000 -10
6691 87 pedestrian 0 0 -10 891.2744823793163 136.94429626464844 1063.8338672300588 594.7082611083985 -10 -10 -10 -1000 -1000 -1000 -10
6693 87 pedestrian 0 0 -10 894.5257906370691 138.54258498455428 1061.119032960765 580.981937072114 -10 -10 -10 -1000 -1000 -1000 -10
6694 88 pedestrian 0 0 -10 816.0400442914704 188.04939880371094 941.364362446811 501.3702728271485 -10 -10 -10 -1000 -1000 -1000 -10
6695 88 pedestrian 0 0 -10 814.8860933954851 185.20456300382156 942.5127737673129 504.27444302913364 -10 -10 -10 -1000 -1000 -1000 -10
6712 89 pedestrian 0 0 -10 651.0043875058271 221.76692199707037 869.5001901308916 825.7696441650392 -10 -10 -10 -1000 -1000 -1000 -10
6713 89 pedestrian 0 0 -10 773.4232752468848 249.1914328236748 979.9313445471629 818.1699599011131 -10 -10 -10 -1000 -1000 -1000 -10
6714 89 pedestrian 0 0 -10 816.5280512113276 264.31885510920034 1018.7610569253966 820.6435833619701 -10 -10 -10 -1000 -1000 -1000 -10
6715 89 pedestrian 0 0 -10 825.2899116635053 267.8910783330146 1026.9243105107712 821.4433229201579 -10 -10 -10 -1000 -1000 -1000 -10
6715 90 pedestrian 0 0 -10 924.8688206550407 136.38504943847653 1158.6216090324594 765.8258697509766 -10 -10 -10 -1000 -1000 -1000 -10
6717 91 pedestrian 0 0 -10 712.3581370047499 300.24396972656245 998.6968068429064 1040.3581665039062 -10 -10 -10 -1000 -1000 -1000 -10
6717 90 pedestrian 0 0 -10 731.7070547328217 284.48233823112986 993.5926682007598 988.9078683927489 -10 -10 -10 -1000 -1000 -1000 -10
6718 91 pedestrian 0 0 -10 690.97444801704 348.78956428679004 969.025728142468 1067.5821499833044 -10 -10 -10 -1000 -1000 -1000 -10
6719 91 pedestrian 0 0 -10 659.1107926564031 393.14054000812047 927.5338941976217 1084.202435203444 -10 -10 -10 -1000 -1000 -1000 -10
6720 91 pedestrian 0 0 -10 646.8402696453392 450.3446881590005 897.3560687904263 1087.6097997159145 -10 -10 -10 -1000 -1000 -1000 -10
6765 92 pedestrian 0 0 -10 389.8515423542921 304.15380249023434 571.1583087199267 769.33154296875 -10 -10 -10 -1000 -1000 -1000 -10
6827 95 pedestrian 0 0 -10 384.55345218184436 305.0203002929688 575.8991906404212 822.372314453125 -10 -10 -10 -1000 -1000 -1000 -10
6872 97 pedestrian 0 0 -10 1717.055598969872 504.3201538085938 1858.2233072801278 839.5692504882813 -10 -10 -10 -1000 -1000 -1000 -10
6873 97 pedestrian 0 0 -10 1717.9621711669588 506.3459901904379 1857.4302326986476 837.616916337586 -10 -10 -10 -1000 -1000 -1000 -10
7132 102 pedestrian 0 0 -10 1718.6340551780345 510.30447387695307 1856.907473142278 846.1936889648437 -10 -10 -10 -1000 -1000 -1000 -10
7135 102 pedestrian 0 0 -10 1719.9715486261025 508.1623232464061 1855.119269651837 836.2858975178716 -10 -10 -10 -1000 -1000 -1000 -10
7245 108 pedestrian 0 0 -10 616.99954066808 81.91735382080077 739.0086990780137 390.9099380493164 -10 -10 -10 -1000 -1000 -1000 -10
7246 108 pedestrian 0 0 -10 612.9823002838506 83.43488535405481 734.5759154124668 391.3547271861652 -10 -10 -10 -1000 -1000 -1000 -10
7507 110 pedestrian 0 0 -10 381.5549886020941 300.34624023437493 579.8222941127497 801.6750244140624 -10 -10 -10 -1000 -1000 -1000 -10
7544 113 pedestrian 0 0 -10 385.45055167896237 302.1991088867187 589.0745642878345 824.7727172851562 -10 -10 -10 -1000 -1000 -1000 -10
7545 113 pedestrian 0 0 -10 387.5714277729622 303.5157543690474 586.8333001838201 814.9185464737366 -10 -10 -10 -1000 -1000 -1000 -10
7547 113 pedestrian 0 0 -10 384.47527455973886 299.8595853457965 590.3280639501702 828.2865423997963 -10 -10 -10 -1000 -1000 -1000 -10
7548 113 pedestrian 0 0 -10 383.05323957703115 296.8810486316042 591.8161155458531 833.1057809376362 -10 -10 -10 -1000 -1000 -1000 -10
7549 113 pedestrian 0 0 -10 383.4083081870809 297.7143297813009 591.6242561868838 832.7732221665526 -10 -10 -10 -1000 -1000 -1000 -10
7550 113 pedestrian 0 0 -10 385.5628102541601 298.75680265608946 589.2993334247428 821.9864129030478 -10 -10 -10 -1000 -1000 -1000 -10
7551 113 pedestrian 0 0 -10 388.8692812981669 300.9674674047509 585.8648418630066 806.2464370129243 -10 -10 -10 -1000 -1000 -1000 -10
7557 113 pedestrian 0 0 -10 384.61048336090425 299.9521381259926 590.2228838740872 827.7952639179493 -10 -10 -10 -1000 -1000 -1000 -10
7575 114 pedestrian 0 0 -10 385.8447174633256 298.7203186035156 588.8483184253462 822.6179504394531 -10 -10 -10 -1000 -1000 -1000 -10
7576 114 pedestrian 0 0 -10 390.2791051936697 302.78337584471626 584.2960765821147 803.2003293696673 -10 -10 -10 -1000 -1000 -1000 -10
7577 114 pedestrian 0 0 -10 388.4876957094948 301.54134861823604 586.0082495489489 810.6633669516455 -10 -10 -10 -1000 -1000 -1000 -10
7578 114 pedestrian 0 0 -10 386.79220802758607 303.067602956766 588.2149018299724 822.1816968349506 -10 -10 -10 -1000 -1000 -1000 -10
7579 114 pedestrian 0 0 -10 387.7295181549385 302.91126430052617 587.167066060866 816.4356985076965 -10 -10 -10 -1000 -1000 -1000 -10
7580 114 pedestrian 0 0 -10 390.2962742643254 303.8772996861498 584.5557553099311 803.2344888716661 -10 -10 -10 -1000 -1000 -1000 -10
7581 114 pedestrian 0 0 -10 388.5547660303772 302.65322801148307 586.1444568327179 809.9198004557119 -10 -10 -10 -1000 -1000 -1000 -10
7582 114 pedestrian 0 0 -10 385.795392772575 301.44687974079795 589.0318348267333 822.7801740227854 -10 -10 -10 -1000 -1000 -1000 -10
7635 118 pedestrian 0 0 -10 385.41615478267965 299.9267883300782 589.4738415552109 827.1963867187501 -10 -10 -10 -1000 -1000 -1000 -10
7636 118 pedestrian 0 0 -10 388.41311772727045 303.4570242115453 586.4643507361799 815.1711816060279 -10 -10 -10 -1000 -1000 -1000 -10
7639 118 pedestrian 0 0 -10 391.4496128081607 310.100364719621 583.1465159344775 805.1845210753961 -10 -10 -10 -1000 -1000 -1000 -10
7640 118 pedestrian 0 0 -10 391.05448130208197 308.84024654065416 583.7578209182598 806.3449208212373 -10 -10 -10 -1000 -1000 -1000 -10
7641 118 pedestrian 0 0 -10 391.10362213863357 309.27772265236456 583.4862012262723 806.0221464282058 -10 -10 -10 -1000 -1000 -1000 -10
7643 118 pedestrian 0 0 -10 392.9453530525685 308.91741110511225 581.6555760601904 795.008933269414 -10 -10 -10 -1000 -1000 -1000 -10
7644 118 pedestrian 0 0 -10 381.9326424462055 302.15350341753805 583.1461213415179 819.0887064879116 -10 -10 -10 -1000 -1000 -1000 -10
7647 118 pedestrian 0 0 -10 381.08046263154455 303.9094101401914 579.8773559271201 812.8543074539598 -10 -10 -10 -1000 -1000 -1000 -10
7648 118 pedestrian 0 0 -10 380.5370210897256 304.1888752263531 579.7161910268148 811.8191955857037 -10 -10 -10 -1000 -1000 -1000 -10
7649 118 pedestrian 0 0 -10 378.00662426597114 302.93843362615854 582.2283432798508 822.2045363865961 -10 -10 -10 -1000 -1000 -1000 -10
7650 118 pedestrian 0 0 -10 380.2036956861389 305.83020575198 580.1222850631233 813.5820151204261 -10 -10 -10 -1000 -1000 -1000 -10
7651 118 pedestrian 0 0 -10 380.86386227387095 307.27910613604803 579.2828198340877 809.9538317034107 -10 -10 -10 -1000 -1000 -1000 -10
7652 118 pedestrian 0 0 -10 380.86073142636303 307.6414409683613 579.1520168561757 808.7339201791073 -10 -10 -10 -1000 -1000 -1000 -10
7653 118 pedestrian 0 0 -10 380.26347657263034 306.07119582593447 579.94961729577 809.9736871939649 -10 -10 -10 -1000 -1000 -1000 -10
7654 118 pedestrian 0 0 -10 379.7795771128157 305.04373688596417 580.5840394324091 810.5510578087888 -10 -10 -10 -1000 -1000 -1000 -10
7655 118 pedestrian 0 0 -10 380.1508834221784 305.62661011836514 580.4647691475799 809.9145033126872 -10 -10 -10 -1000 -1000 -1000 -10
7656 118 pedestrian 0 0 -10 379.37608865713753 303.52261381068007 581.2584903242495 812.0002972164027 -10 -10 -10 -1000 -1000 -1000 -10
7657 118 pedestrian 0 0 -10 380.7447034885995 302.38152492846336 580.0608450729546 803.946669383865 -10 -10 -10 -1000 -1000 -1000 -10
7659 118 pedestrian 0 0 -10 378.53200859310823 300.3407007018522 582.2395608586771 812.7918468616758 -10 -10 -10 -1000 -1000 -1000 -10
7661 118 pedestrian 0 0 -10 378.193639361649 300.7753182769933 582.4556243717494 814.234818414515 -10 -10 -10 -1000 -1000 -1000 -10
7662 118 pedestrian 0 0 -10 375.12436141290675 297.8963646612335 585.6637479060481 827.174479586882 -10 -10 -10 -1000 -1000 -1000 -10
7668 118 pedestrian 0 0 -10 378.17319193710875 307.52032981039923 582.7443793407956 822.3002397713972 -10 -10 -10 -1000 -1000 -1000 -10
7671 119 pedestrian 0 0 -10 378.50110304005904 304.44152221679684 582.3765275751753 811.2064697265625 -10 -10 -10 -1000 -1000 -1000 -10
7672 119 pedestrian 0 0 -10 377.7641789835292 302.7379265873378 582.9960333454765 812.8066559525287 -10 -10 -10 -1000 -1000 -1000 -10
7674 119 pedestrian 0 0 -10 377.4214897223032 302.15705368597776 583.1996775979089 813.6235398498113 -10 -10 -10 -1000 -1000 -1000 -10
7675 119 pedestrian 0 0 -10 377.20753954473145 301.6717989944004 583.4625188440741 814.2497756153796 -10 -10 -10 -1000 -1000 -1000 -10
7676 119 pedestrian 0 0 -10 375.02704390787403 301.1362156604883 585.6130009107549 824.7034404324409 -10 -10 -10 -1000 -1000 -1000 -10
7677 119 pedestrian 0 0 -10 374.1145409733739 300.46018592019016 586.4909538891758 829.022660895242 -10 -10 -10 -1000 -1000 -1000 -10
7678 119 pedestrian 0 0 -10 374.0416304112201 300.2658540190854 586.7585632671745 830.3910078123239 -10 -10 -10 -1000 -1000 -1000 -10
7679 119 pedestrian 0 0 -10 389.3214085520701 305.3038104085025 590.3522954701156 806.5199672482834 -10 -10 -10 -1000 -1000 -1000 -10
7680 119 pedestrian 0 0 -10 384.3759149256265 301.8999588127812 593.0955594106038 822.235526199411 -10 -10 -10 -1000 -1000 -1000 -10
7682 119 pedestrian 0 0 -10 388.70262777977126 305.10661161761556 587.744160984135 801.9017532872394 -10 -10 -10 -1000 -1000 -1000 -10
7683 119 pedestrian 0 0 -10 387.26874926914087 304.7845419846262 588.2939595313387 807.9484825480502 -10 -10 -10 -1000 -1000 -1000 -10
7691 120 pedestrian 0 0 -10 380.93461783840644 300.1526794433594 582.6708936362029 815.6750366210938 -10 -10 -10 -1000 -1000 -1000 -10
7692 120 pedestrian 0 0 -10 378.9143433002023 297.72280393229 582.6493797742729 818.089238238359 -10 -10 -10 -1000 -1000 -1000 -10
7693 120 pedestrian 0 0 -10 386.0362833271481 303.3183598618827 585.3971103075022 812.4832638318551 -10 -10 -10 -1000 -1000 -1000 -10
7695 120 pedestrian 0 0 -10 390.6643889657116 304.2145588650068 584.447623076712 799.2482762512325 -10 -10 -10 -1000 -1000 -1000 -10
7696 120 pedestrian 0 0 -10 391.1237752615703 303.7789745107423 584.2786486621108 797.5134887886584 -10 -10 -10 -1000 -1000 -1000 -10
7700 120 pedestrian 0 0 -10 402.8325152669963 309.7454194871956 585.5339397893109 777.5099157438927 -10 -10 -10 -1000 -1000 -1000 -10
7701 120 pedestrian 0 0 -10 396.6689943769361 309.64930302350353 582.9736753205507 786.8654654654754 -10 -10 -10 -1000 -1000 -1000 -10
7704 120 pedestrian 0 0 -10 385.46166165617325 303.7555595835912 578.4564607651579 796.4622845296878 -10 -10 -10 -1000 -1000 -1000 -10
7705 120 pedestrian 0 0 -10 383.43034188320485 302.19460862676317 578.1446805410922 798.7177414934198 -10 -10 -10 -1000 -1000 -1000 -10
7706 120 pedestrian 0 0 -10 382.3922962535021 301.9384838125347 577.8807745628285 799.2544113269869 -10 -10 -10 -1000 -1000 -1000 -10
7707 120 pedestrian 0 0 -10 382.3527188331149 303.21357480237754 577.4955367691094 798.2263287709527 -10 -10 -10 -1000 -1000 -1000 -10
7729 123 pedestrian 0 0 -10 369.6455100086745 300.1803466796875 579.9333962413255 841.2654541015625 -10 -10 -10 -1000 -1000 -1000 -10
7730 123 pedestrian 0 0 -10 380.5068977317894 302.3242275039147 577.2630115462373 808.6666440475401 -10 -10 -10 -1000 -1000 -1000 -10
7747 124 pedestrian 0 0 -10 385.1190660580396 304.2329345703125 575.8984022036791 769.2751098632813 -10 -10 -10 -1000 -1000 -1000 -10
7907 125 pedestrian 0 0 -10 692.876378400942 322.1630615234375 969.7370859545267 1080.7514892578124 -10 -10 -10 -1000 -1000 -1000 -10
7908 125 pedestrian 0 0 -10 720.274296073886 285.1027570226707 949.1032739204326 912.8285115678768 -10 -10 -10 -1000 -1000 -1000 -10
7909 125 pedestrian 0 0 -10 728.3570025262662 235.2761123156991 919.1869466303336 759.4722948181818 -10 -10 -10 -1000 -1000 -1000 -10
7910 125 pedestrian 0 0 -10 721.4021736053227 206.89356477114987 896.6194051130647 687.8321534651479 -10 -10 -10 -1000 -1000 -1000 -10
7911 125 pedestrian 0 0 -10 689.0162356370878 154.57492454751088 878.3354922725005 676.020854542774 -10 -10 -10 -1000 -1000 -1000 -10
7928 129 pedestrian 0 0 -10 870.7391052596346 114.11329650878906 1101.7275817520842 760.2558013916016 -10 -10 -10 -1000 -1000 -1000 -10
7930 129 pedestrian 0 0 -10 889.7098614760544 117.0175614686757 1118.9434784447117 757.3246659779281 -10 -10 -10 -1000 -1000 -1000 -10
7931 129 pedestrian 0 0 -10 896.0360033391842 112.45219926685678 1129.4088445187895 761.8526122869432 -10 -10 -10 -1000 -1000 -1000 -10
7932 129 pedestrian 0 0 -10 895.4506282222973 115.23392479834922 1134.9064884008103 779.3677311996602 -10 -10 -10 -1000 -1000 -1000 -10
7933 129 pedestrian 0 0 -10 884.0981796143699 113.73446093801778 1127.5559354103325 787.7770138882931 -10 -10 -10 -1000 -1000 -1000 -10
7936 129 pedestrian 0 0 -10 889.0901289215797 119.65116713516892 1125.7109068314735 772.3985362000712 -10 -10 -10 -1000 -1000 -1000 -10
7937 129 pedestrian 0 0 -10 898.1631331314992 114.81591914843756 1136.1539702159173 765.1362068046417 -10 -10 -10 -1000 -1000 -1000 -10
7938 129 pedestrian 0 0 -10 893.2934877041707 115.85042549014366 1137.886110072744 779.2440453655352 -10 -10 -10 -1000 -1000 -1000 -10
7940 129 pedestrian 0 0 -10 869.1716410811839 99.18243077975615 1115.8039581429625 768.8102616921749 -10 -10 -10 -1000 -1000 -1000 -10
7941 129 pedestrian 0 0 -10 863.4819583582255 95.29969005472049 1110.6008256589685 766.5380962959488 -10 -10 -10 -1000 -1000 -1000 -10
7942 129 pedestrian 0 0 -10 858.8195396295723 97.52497381047692 1101.7260960916647 762.3579558573609 -10 -10 -10 -1000 -1000 -1000 -10
7944 129 pedestrian 0 0 -10 871.1906842952446 95.95326309789885 1116.8727310797422 763.076465941906 -10 -10 -10 -1000 -1000 -1000 -10
7948 129 pedestrian 0 0 -10 893.8395966521034 117.03066223659869 1141.2408577735919 779.4957305801397 -10 -10 -10 -1000 -1000 -1000 -10
7949 129 pedestrian 0 0 -10 890.149115922775 120.11262849394143 1140.5117640408134 781.080978102105 -10 -10 -10 -1000 -1000 -1000 -10
7950 129 pedestrian 0 0 -10 884.2147362575801 122.88092565047867 1135.5634638514339 780.0032583839209 -10 -10 -10 -1000 -1000 -1000 -10
7951 129 pedestrian 0 0 -10 880.2498556233423 120.17915580345306 1135.4661899245143 783.0743590395248 -10 -10 -10 -1000 -1000 -1000 -10
7952 129 pedestrian 0 0 -10 882.291243924331 118.21215407195587 1141.2432012308761 785.1707498378713 -10 -10 -10 -1000 -1000 -1000 -10
7953 129 pedestrian 0 0 -10 877.2451781226546 115.22750564281654 1139.6712733377358 788.1887048252943 -10 -10 -10 -1000 -1000 -1000 -10
7955 129 pedestrian 0 0 -10 883.1093464938355 120.83827374600492 1141.8396146095088 782.5742366358875 -10 -10 -10 -1000 -1000 -1000 -10
7956 129 pedestrian 0 0 -10 878.895241951749 120.79232201979124 1138.129544553195 782.3302175326166 -10 -10 -10 -1000 -1000 -1000 -10
7961 129 pedestrian 0 0 -10 958.5538962061167 150.67045723034866 1158.456224736419 661.1719928262172 -10 -10 -10 -1000 -1000 -1000 -10
7963 129 pedestrian 0 0 -10 965.156641691287 152.55297275714582 1150.8907843352113 625.8037376281154 -10 -10 -10 -1000 -1000 -1000 -10
7964 129 pedestrian 0 0 -10 964.5446411427953 146.40560230328586 1160.5695649612492 646.5789411912825 -10 -10 -10 -1000 -1000 -1000 -10
7965 129 pedestrian 0 0 -10 961.8943613699274 138.26086655358145 1157.4681312302632 640.2330968043873 -10 -10 -10 -1000 -1000 -1000 -10
7966 129 pedestrian 0 0 -10 963.5045749216858 137.48792604143495 1153.003098744164 626.4220536364817 -10 -10 -10 -1000 -1000 -1000 -10
7969 129 pedestrian 0 0 -10 956.2471229198832 131.8490706610695 1146.6272400786256 625.5546076778622 -10 -10 -10 -1000 -1000 -1000 -10
8013 133 pedestrian 0 0 -10 878.7850346792698 132.95755615234373 1150.9628290902615 780.8173217773438 -10 -10 -10 -1000 -1000 -1000 -10
8015 133 pedestrian 0 0 -10 876.1430155381785 124.39724547481916 1150.9173596169803 779.079278280072 -10 -10 -10 -1000 -1000 -1000 -10
8017 133 pedestrian 0 0 -10 869.1890104628944 133.852050863672 1145.1765906017436 792.4460150429002 -10 -10 -10 -1000 -1000 -1000 -10
8019 133 pedestrian 0 0 -10 866.5793548125362 126.55651142222786 1145.1281286882888 792.7170460592638 -10 -10 -10 -1000 -1000 -1000 -10
8020 133 pedestrian 0 0 -10 865.3912810379803 112.14683365077047 1146.0282768387501 785.6461550424394 -10 -10 -10 -1000 -1000 -1000 -10
8021 133 pedestrian 0 0 -10 867.5517789817072 113.0291250535899 1143.8163922789113 777.35273933138 -10 -10 -10 -1000 -1000 -1000 -10
8024 133 pedestrian 0 0 -10 861.880306057822 98.21035459508431 1137.2847666863881 764.6021201519113 -10 -10 -10 -1000 -1000 -1000 -10
8025 133 pedestrian 0 0 -10 858.1343943183512 97.1512744300885 1139.768410758502 781.4827957843298 -10 -10 -10 -1000 -1000 -1000 -10
8026 133 pedestrian 0 0 -10 859.156189801511 101.25869304516374 1138.1880447799313 782.6940369284669 -10 -10 -10 -1000 -1000 -1000 -10
8040 136 pedestrian 0 0 -10 867.5373971035622 81.95331649780275 1116.6593558261254 758.1267417907716 -10 -10 -10 -1000 -1000 -1000 -10
8041 136 pedestrian 0 0 -10 884.1014320236286 101.3122644304326 1133.411919800274 776.4108728782631 -10 -10 -10 -1000 -1000 -1000 -10
8042 136 pedestrian 0 0 -10 896.0883930236715 117.22486189169098 1143.2206741172129 783.9007305730784 -10 -10 -10 -1000 -1000 -1000 -10
8043 136 pedestrian 0 0 -10 898.8234516647117 121.56337798735007 1146.2020590027375 785.3605527651339 -10 -10 -10 -1000 -1000 -1000 -10
8044 136 pedestrian 0 0 -10 888.6960805323794 112.63712242224659 1136.3540264097478 774.4878011388466 -10 -10 -10 -1000 -1000 -1000 -10
8045 136 pedestrian 0 0 -10 871.1234066916339 99.20416368205116 1126.5280460430731 780.4386097655222 -10 -10 -10 -1000 -1000 -1000 -10
8050 136 pedestrian 0 0 -10 955.4685191521316 136.66580105221556 1174.8856499444587 725.9404232742842 -10 -10 -10 -1000 -1000 -1000 -10
8051 136 pedestrian 0 0 -10 961.8691007989066 141.1875548073943 1179.9374423237107 730.0520314872597 -10 -10 -10 -1000 -1000 -1000 -10
8072 140 pedestrian 0 0 -10 396.61081814336313 311.49291992187506 578.114017061715 759.0685180664063 -10 -10 -10 -1000 -1000 -1000 -10
8076 140 pedestrian 0 0 -10 396.454351715694 302.48162418779145 591.453775519433 784.634295904736 -10 -10 -10 -1000 -1000 -1000 -10
8077 140 pedestrian 0 0 -10 392.00710306117765 301.5101753528889 587.6649310609055 786.9779554226811 -10 -10 -10 -1000 -1000 -1000 -10
8078 140 pedestrian 0 0 -10 385.8209758936183 301.2927462289921 581.6309401863268 787.6743304966295 -10 -10 -10 -1000 -1000 -1000 -10
8079 140 pedestrian 0 0 -10 388.5834248808534 301.77191067298116 583.1782724234317 786.8557200592631 -10 -10 -10 -1000 -1000 -1000 -10
8080 140 pedestrian 0 0 -10 396.6827165228831 306.83847506484165 586.317379493174 781.9070363395214 -10 -10 -10 -1000 -1000 -1000 -10
8081 140 pedestrian 0 0 -10 393.9012558250388 309.3075625170985 584.044325507767 788.6063148041994 -10 -10 -10 -1000 -1000 -1000 -10
8082 140 pedestrian 0 0 -10 391.95634760793075 307.70476384916844 583.6893302528795 793.586786333346 -10 -10 -10 -1000 -1000 -1000 -10
8085 140 pedestrian 0 0 -10 398.26220622638664 312.16370654075257 576.4709487516047 766.461945675904 -10 -10 -10 -1000 -1000 -1000 -10
8086 140 pedestrian 0 0 -10 393.9970901955272 311.8393191839847 570.8082776114305 763.2462324527613 -10 -10 -10 -1000 -1000 -1000 -10
8087 140 pedestrian 0 0 -10 393.12068335612304 312.04105986841034 568.7827771999605 761.6696655626442 -10 -10 -10 -1000 -1000 -1000 -10
8090 140 pedestrian 0 0 -10 390.1640056840481 311.79197103932995 570.1354165257908 773.1664432863745 -10 -10 -10 -1000 -1000 -1000 -10
8094 140 pedestrian 0 0 -10 401.53793266439357 319.6732156243758 570.8544243078036 755.6207488227608 -10 -10 -10 -1000 -1000 -1000 -10
8128 141 pedestrian 0 0 -10 383.6517476374763 305.36337890625003 577.2356791203362 793.3380249023437 -10 -10 -10 -1000 -1000 -1000 -10
8130 141 pedestrian 0 0 -10 385.86246154864534 312.4389422081679 574.734649416604 788.8162405989708 -10 -10 -10 -1000 -1000 -1000 -10
8138 142 pedestrian 0 0 -10 753.3931509008385 422.81298217773434 1003.1842416772864 1081.844500732422 -10 -10 -10 -1000 -1000 -1000 -10
8139 142 pedestrian 0 0 -10 801.4974286903469 405.45985085382944 998.3357092018666 921.8676544981026 -10 -10 -10 -1000 -1000 -1000 -10
8140 142 pedestrian 0 0 -10 836.8415494052683 396.25686539273147 1014.576489862342 859.8833467472214 -10 -10 -10 -1000 -1000 -1000 -10
8141 142 pedestrian 0 0 -10 862.5926333053042 380.2617172422774 1034.5813917857445 829.1449536491955 -10 -10 -10 -1000 -1000 -1000 -10
8142 142 pedestrian 0 0 -10 868.1430224470495 328.02919783706824 1050.190097425721 805.1734768877934 -10 -10 -10 -1000 -1000 -1000 -10
8145 142 pedestrian 0 0 -10 968.5617720931331 394.3241507913843 1159.640350589414 892.8126151032241 -10 -10 -10 -1000 -1000 -1000 -10
8146 142 pedestrian 0 0 -10 987.0740972748409 415.0208642751329 1166.2976127972092 879.0217150423603 -10 -10 -10 -1000 -1000 -1000 -10
8178 146 pedestrian 0 0 -10 389.8452050892114 311.36523437499994 585.0776220592261 798.6047607421874 -10 -10 -10 -1000 -1000 -1000 -10
8212 147 pedestrian 0 0 -10 845.157883777335 104.12426147460934 1104.897292003915 752.8693420410157 -10 -10 -10 -1000 -1000 -1000 -10
8221 148 pedestrian 0 0 -10 860.2862682715745 103.23919067382809 1095.2904285057693 753.5832702636719 -10 -10 -10 -1000 -1000 -1000 -10
8222 148 pedestrian 0 0 -10 856.5271140103756 108.99226071270914 1088.212502048075 750.1687911054647 -10 -10 -10 -1000 -1000 -1000 -10
8223 148 pedestrian 0 0 -10 860.0171485594882 108.85829489212335 1092.1569477513665 751.2365220121842 -10 -10 -10 -1000 -1000 -1000 -10
8224 148 pedestrian 0 0 -10 860.5193059275095 107.24164432578908 1094.1260544640909 753.3246052101601 -10 -10 -10 -1000 -1000 -1000 -10
8276 152 pedestrian 0 0 -10 397.0441568359059 306.46943969726567 580.5486715332347 778.1630737304688 -10 -10 -10 -1000 -1000 -1000 -10
8277 152 pedestrian 0 0 -10 406.8796403299366 305.20090205275443 579.5884786018198 748.799617497695 -10 -10 -10 -1000 -1000 -1000 -10
8278 152 pedestrian 0 0 -10 397.1547876132163 303.3439515160518 580.838197922023 774.5355101575294 -10 -10 -10 -1000 -1000 -1000 -10
8396 154 pedestrian 0 0 -10 379.07010757212146 309.75581665039056 567.166782076316 777.6775268554686 -10 -10 -10 -1000 -1000 -1000 -10
8397 154 pedestrian 0 0 -10 378.4983704970374 308.2105252605105 567.8537020581124 779.2091421000755 -10 -10 -10 -1000 -1000 -1000 -10
8398 154 pedestrian 0 0 -10 378.8075206119506 308.9745773935264 567.5716172195714 778.487752318667 -10 -10 -10 -1000 -1000 -1000 -10
8401 154 pedestrian 0 0 -10 379.5667749368091 310.5961873585094 566.9693072182788 776.8939098072256 -10 -10 -10 -1000 -1000 -1000 -10
8406 154 pedestrian 0 0 -10 385.3860238233584 308.7700781296596 574.0603154552487 778.7805257984828 -10 -10 -10 -1000 -1000 -1000 -10
8419 155 pedestrian 0 0 -10 379.2452152228615 310.0009582519532 570.2413265251854 791.5896850585939 -10 -10 -10 -1000 -1000 -1000 -10
8420 155 pedestrian 0 0 -10 384.2775354688797 311.7198920203684 573.8868380379772 789.9005517271019 -10 -10 -10 -1000 -1000 -1000 -10
8563 162 pedestrian 0 0 -10 630.3648146704256 503.80340576171875 941.4849411889493 1082.91015625 -10 -10 -10 -1000 -1000 -1000 -10
8564 162 pedestrian 0 0 -10 643.7783136456346 445.77001822522976 980.7307734900439 1076.087195957488 -10 -10 -10 -1000 -1000 -1000 -10
8565 162 pedestrian 0 0 -10 649.2924874482843 405.58668996468595 952.759041742466 977.8827337860425 -10 -10 -10 -1000 -1000 -1000 -10
8566 162 pedestrian 0 0 -10 644.037683824572 342.51794083955934 957.9509538622709 939.6272912628162 -10 -10 -10 -1000 -1000 -1000 -10
8567 162 pedestrian 0 0 -10 650.1657641444048 305.68491367929573 952.2692692333115 886.5604324606675 -10 -10 -10 -1000 -1000 -1000 -10
8568 162 pedestrian 0 0 -10 649.0434466604163 260.53367444666725 963.19965412572 874.1223418253619 -10 -10 -10 -1000 -1000 -1000 -10
8573 162 pedestrian 0 0 -10 682.3433299293539 162.32266226559932 906.7244057307739 610.2862403518956 -10 -10 -10 -1000 -1000 -1000 -10
8574 162 pedestrian 0 0 -10 683.0267064891746 130.99258791695814 893.1043803647315 560.3328505690727 -10 -10 -10 -1000 -1000 -1000 -10
8620 164 pedestrian 0 0 -10 370.63616857453644 305.00603027343755 576.4674813278073 807.8007202148438 -10 -10 -10 -1000 -1000 -1000 -10
8693 167 pedestrian 0 0 -10 877.0647165428337 295.3528076171875 1050.6657400001352 766.5159423828125 -10 -10 -10 -1000 -1000 -1000 -10
8694 167 pedestrian 0 0 -10 875.0152383520409 288.69297605232447 1052.4996921999746 770.8909827214668 -10 -10 -10 -1000 -1000 -1000 -10
8695 167 pedestrian 0 0 -10 876.8939862021283 293.45657590740194 1050.5191207137348 765.3745730987041 -10 -10 -10 -1000 -1000 -1000 -10
8696 167 pedestrian 0 0 -10 880.1261364948568 288.33373263754584 1057.4080413533075 770.0295202811833 -10 -10 -10 -1000 -1000 -1000 -10
8731 168 pedestrian 0 0 -10 876.2415629822399 278.8487121582031 1051.7683857482289 766.0867553710937 -10 -10 -10 -1000 -1000 -1000 -10
9141 179 pedestrian 0 0 -10 353.0803259897314 281.10392456054694 610.7235802602686 948.1893249511719 -10 -10 -10 -1000 -1000 -1000 -10
9142 179 pedestrian 0 0 -10 359.623592094584 281.8507122072425 612.5281991453251 936.5560757532313 -10 -10 -10 -1000 -1000 -1000 -10
9143 179 pedestrian 0 0 -10 357.0238421025431 283.6702133211956 607.0628469051205 931.1625083199269 -10 -10 -10 -1000 -1000 -1000 -10
9144 179 pedestrian 0 0 -10 348.9540909701001 282.2339141930636 612.1630106033856 964.1580265568268 -10 -10 -10 -1000 -1000 -1000 -10
9154 180 pedestrian 0 0 -10 380.38437078856765 295.44914550781243 594.7681743774481 848.8600219726562 -10 -10 -10 -1000 -1000 -1000 -10
9156 180 pedestrian 0 0 -10 395.0424988742271 307.9625113739197 580.1655552652595 785.082172145502 -10 -10 -10 -1000 -1000 -1000 -10
9157 180 pedestrian 0 0 -10 404.98982558127125 310.13029753336014 581.2785249711278 763.6932080200618 -10 -10 -10 -1000 -1000 -1000 -10
9158 180 pedestrian 0 0 -10 406.41458426091515 308.4866085671916 582.6969538475518 760.9359963316283 -10 -10 -10 -1000 -1000 -1000 -10
9159 180 pedestrian 0 0 -10 405.10938877617104 309.5017110271152 584.4970075737388 769.0828623457854 -10 -10 -10 -1000 -1000 -1000 -10
9160 180 pedestrian 0 0 -10 404.1436797779505 309.18012978863646 585.5502483884804 773.0245824697421 -10 -10 -10 -1000 -1000 -1000 -10
9176 181 pedestrian 0 0 -10 345.36350063657954 284.16143188476565 601.0302920880299 956.6897521972656 -10 -10 -10 -1000 -1000 -1000 -10
9177 181 pedestrian 0 0 -10 349.33199614170303 280.98904088660345 608.3223435474599 961.8491909380135 -10 -10 -10 -1000 -1000 -1000 -10
9178 181 pedestrian 0 0 -10 355.2574124179526 281.28720710125907 606.2166232050745 940.2847522113373 -10 -10 -10 -1000 -1000 -1000 -10
9179 181 pedestrian 0 0 -10 349.81389002932735 279.7830292921915 612.1262880983877 967.6016481604192 -10 -10 -10 -1000 -1000 -1000 -10
9180 181 pedestrian 0 0 -10 342.13829588424164 277.47860688541897 609.7795533171997 978.0110154163663 -10 -10 -10 -1000 -1000 -1000 -10
9623 187 pedestrian 0 0 -10 384.84069588367277 290.99459838867193 589.9996605616398 827.4559997558595 -10 -10 -10 -1000 -1000 -1000 -10
9624 187 pedestrian 0 0 -10 383.339054628849 294.78404930925797 580.7108040771277 810.3829992589502 -10 -10 -10 -1000 -1000 -1000 -10
9625 187 pedestrian 0 0 -10 387.9301868381508 295.6319294764816 583.4033865434499 805.6127693909784 -10 -10 -10 -1000 -1000 -1000 -10
9626 187 pedestrian 0 0 -10 388.8967008797954 294.69391921213924 585.0287595496429 805.5721155678407 -10 -10 -10 -1000 -1000 -1000 -10
9627 187 pedestrian 0 0 -10 389.4463958478301 292.168961486327 595.4272109244237 828.7822351615447 -10 -10 -10 -1000 -1000 -1000 -10
9629 187 pedestrian 0 0 -10 386.35352157080547 293.9751407205863 603.3557977696635 858.5290544890015 -10 -10 -10 -1000 -1000 -1000 -10
9644 188 pedestrian 0 0 -10 380.3904468712286 298.8107543945313 594.872156888537 816.9471801757812 -10 -10 -10 -1000 -1000 -1000 -10
9645 188 pedestrian 0 0 -10 382.0629595263134 295.93805437014777 603.0871314886284 830.1365612516358 -10 -10 -10 -1000 -1000 -1000 -10
9648 188 pedestrian 0 0 -10 380.6535065938658 298.25562427605144 596.1952646186264 819.0896600965212 -10 -10 -10 -1000 -1000 -1000 -10
9783 194 pedestrian 0 0 -10 396.7445253255582 306.2694396972656 592.4424741861606 809.737744140625 -10 -10 -10 -1000 -1000 -1000 -10
9784 194 pedestrian 0 0 -10 383.86370822892405 297.797287422279 594.5619825793824 839.9488192001529 -10 -10 -10 -1000 -1000 -1000 -10
9796 195 pedestrian 0 0 -10 1060.6193164746321 401.2066528320313 1358.314912040993 1072.553466796875 -10 -10 -10 -1000 -1000 -1000 -10
9901 203 pedestrian 0 0 -10 372.1010111847911 298.6890014648437 591.3745320280996 816.7212280273437 -10 -10 -10 -1000 -1000 -1000 -10
9902 203 pedestrian 0 0 -10 375.1972930127725 301.5029949851712 596.3129072467834 824.4120384459384 -10 -10 -10 -1000 -1000 -1000 -10
9904 203 pedestrian 0 0 -10 375.8571036222116 300.6004058222884 599.0966983932319 829.7688876647942 -10 -10 -10 -1000 -1000 -1000 -10
9906 203 pedestrian 0 0 -10 369.01583950874806 303.66391898208644 594.6957016109061 839.0551475955817 -10 -10 -10 -1000 -1000 -1000 -10
9907 203 pedestrian 0 0 -10 370.27154651017463 304.8821377382615 591.2742987772617 829.99059656657 -10 -10 -10 -1000 -1000 -1000 -10
9908 203 pedestrian 0 0 -10 368.1972105804375 303.5985777188111 592.6094246725821 838.1354505277532 -10 -10 -10 -1000 -1000 -1000 -10
9909 203 pedestrian 0 0 -10 367.46738686936834 302.3813263659028 593.2084194634238 841.7729170424232 -10 -10 -10 -1000 -1000 -1000 -10
9910 203 pedestrian 0 0 -10 367.1523329209583 301.359282294509 593.5510619653924 843.6615977593094 -10 -10 -10 -1000 -1000 -1000 -10
9911 203 pedestrian 0 0 -10 367.56511382188 301.4020192716659 593.2617836486972 843.6604521177208 -10 -10 -10 -1000 -1000 -1000 -10
9912 203 pedestrian 0 0 -10 367.65697718700915 301.04749155587285 593.063124121243 843.9996544247423 -10 -10 -10 -1000 -1000 -1000 -10
9913 203 pedestrian 0 0 -10 370.45613132884085 302.5890105618869 590.2654345422645 833.1873946206226 -10 -10 -10 -1000 -1000 -1000 -10
9914 203 pedestrian 0 0 -10 374.2320202141659 305.26829966136006 586.3190744469845 817.3801896489304 -10 -10 -10 -1000 -1000 -1000 -10
9915 203 pedestrian 0 0 -10 370.94487921007374 303.8263151987758 589.6446092607815 832.7511085834683 -10 -10 -10 -1000 -1000 -1000 -10
9916 203 pedestrian 0 0 -10 367.2210371447873 303.946357192486 584.293534337331 828.1774527320754 -10 -10 -10 -1000 -1000 -1000 -10
9917 203 pedestrian 0 0 -10 365.76140656477554 304.2273403263519 582.2388546190626 826.2983350355853 -10 -10 -10 -1000 -1000 -1000 -10
9918 203 pedestrian 0 0 -10 367.28532679775026 301.2666112009083 588.8873719622193 838.053273883934 -10 -10 -10 -1000 -1000 -1000 -10
9919 203 pedestrian 0 0 -10 372.10876657111214 301.7424546285518 586.7344085447863 822.4105887856647 -10 -10 -10 -1000 -1000 -1000 -10
9923 203 pedestrian 0 0 -10 366.06128900396106 301.5907440077403 582.3115880888204 827.115694527193 -10 -10 -10 -1000 -1000 -1000 -10
9924 203 pedestrian 0 0 -10 364.6169911477357 304.4467004457631 582.4568717315656 834.6697496132776 -10 -10 -10 -1000 -1000 -1000 -10
9939 206 pedestrian 0 0 -10 1135.9973447251523 428.0505004882812 1362.6618837904728 929.0450439453125 -10 -10 -10 -1000 -1000 -1000 -10
9940 206 pedestrian 0 0 -10 1134.8046224885059 428.54898290523676 1361.1580385494885 928.6489802099436 -10 -10 -10 -1000 -1000 -1000 -10
9944 207 pedestrian 0 0 -10 390.1185113605524 302.5693176269531 585.0681707683539 787.5701416015625 -10 -10 -10 -1000 -1000 -1000 -10
9946 207 pedestrian 0 0 -10 380.6693739300427 300.1396429628229 581.8069881413726 800.1981154459472 -10 -10 -10 -1000 -1000 -1000 -10
9948 207 pedestrian 0 0 -10 379.4463111967299 301.7584173737903 580.3975292746884 800.32144644189 -10 -10 -10 -1000 -1000 -1000 -10
9950 207 pedestrian 0 0 -10 382.55651030272213 300.64856244118806 588.9438667678663 813.2627187683688 -10 -10 -10 -1000 -1000 -1000 -10
9952 207 pedestrian 0 0 -10 377.8133963991754 300.83435753138707 585.4435060002089 815.5960983179073 -10 -10 -10 -1000 -1000 -1000 -10
9953 207 pedestrian 0 0 -10 385.1150426938315 304.9887272902582 585.7450707252792 802.0183458951815 -10 -10 -10 -1000 -1000 -1000 -10
9954 207 pedestrian 0 0 -10 381.8211074597188 304.04611270681835 582.4158201855928 799.729899381877 -10 -10 -10 -1000 -1000 -1000 -10
9955 207 pedestrian 0 0 -10 383.195155347295 303.29743467600764 587.6221920409287 808.524264055714 -10 -10 -10 -1000 -1000 -1000 -10
9956 207 pedestrian 0 0 -10 380.5565743160654 302.18687055053397 583.8356831369305 803.2079882405296 -10 -10 -10 -1000 -1000 -1000 -10
9957 207 pedestrian 0 0 -10 378.3271965553547 303.18853819616015 583.7378555552876 809.2272777173023 -10 -10 -10 -1000 -1000 -1000 -10
9960 207 pedestrian 0 0 -10 386.4964958519463 305.4134436632991 586.3400789062898 798.5105458070991 -10 -10 -10 -1000 -1000 -1000 -10
9970 208 pedestrian 0 0 -10 740.8116023542352 161.56273345947267 930.9029972551398 703.9712051391602 -10 -10 -10 -1000 -1000 -1000 -10
9971 208 pedestrian 0 0 -10 760.0334845414163 184.34012488777716 943.8608299156634 709.1821589555811 -10 -10 -10 -1000 -1000 -1000 -10
9972 208 pedestrian 0 0 -10 763.4893692512067 205.91133237095187 940.1670221767507 709.0314654935388 -10 -10 -10 -1000 -1000 -1000 -10
9973 208 pedestrian 0 0 -10 800.5028960247901 232.38105071705093 968.0028871529017 709.188203488493 -10 -10 -10 -1000 -1000 -1000 -10
9974 208 pedestrian 0 0 -10 792.2034138849491 223.34331297527027 963.4710861626362 704.4949031618982 -10 -10 -10 -1000 -1000 -1000 -10
9975 208 pedestrian 0 0 -10 800.0353203858538 230.23717242581597 970.727659509208 702.0979129353643 -10 -10 -10 -1000 -1000 -1000 -10
9976 208 pedestrian 0 0 -10 786.5154777037113 208.69588860328585 968.7821895757913 705.235479449445 -10 -10 -10 -1000 -1000 -1000 -10
9977 208 pedestrian 0 0 -10 752.8877683094368 234.42057996404645 948.5607748257877 759.7082912211065 -10 -10 -10 -1000 -1000 -1000 -10
9978 208 pedestrian 0 0 -10 698.6689731244376 247.3362474915001 907.0785733028712 804.5581857810768 -10 -10 -10 -1000 -1000 -1000 -10
9979 208 pedestrian 0 0 -10 677.9801529710661 260.72014794475336 891.3510251903559 821.7435768703363 -10 -10 -10 -1000 -1000 -1000 -10
9980 208 pedestrian 0 0 -10 664.4018148301965 278.8001288706564 891.2998245190694 870.3911290128606 -10 -10 -10 -1000 -1000 -1000 -10
9981 208 pedestrian 0 0 -10 661.6444920963397 321.1600968677281 889.3808959985938 908.3457402137212 -10 -10 -10 -1000 -1000 -1000 -10
9991 215 pedestrian 0 0 -10 853.5620380211398 103.29523773193358 1090.8390972327666 759.6035140991212 -10 -10 -10 -1000 -1000 -1000 -10
9994 217 pedestrian 0 0 -10 372.7125502926417 298.0146850585937 588.475151123374 831.8953735351562 -10 -10 -10 -1000 -1000 -1000 -10
9995 217 pedestrian 0 0 -10 372.60310857836805 297.83430157920765 588.5439445665259 832.0408550315449 -10 -10 -10 -1000 -1000 -1000 -10
9999 217 pedestrian 0 0 -10 380.20664373697343 303.9429116892575 580.8929271461533 798.7922814592425 -10 -10 -10 -1000 -1000 -1000 -10
10005 217 pedestrian 0 0 -10 380.31810473865045 303.49111963068367 580.6802069490358 796.4599052525491 -10 -10 -10 -1000 -1000 -1000 -10
10006 217 pedestrian 0 0 -10 380.3900899829915 304.2658595292153 580.6765888995857 795.9919719449479 -10 -10 -10 -1000 -1000 -1000 -10
10007 217 pedestrian 0 0 -10 380.6498273644983 305.59802760308406 580.1591649303398 794.8170206726447 -10 -10 -10 -1000 -1000 -1000 -10
10008 217 pedestrian 0 0 -10 379.9398028211777 304.18784169193293 580.9989736814125 796.3435578179779 -10 -10 -10 -1000 -1000 -1000 -10
10014 218 pedestrian 0 0 -10 371.0605484495519 306.5203247070312 575.8183150758388 794.9115844726562 -10 -10 -10 -1000 -1000 -1000 -10
10028 220 pedestrian 0 0 -10 393.55885854566714 306.5538024902343 581.5150794426141 758.1686645507812 -10 -10 -10 -1000 -1000 -1000 -10
10029 220 pedestrian 0 0 -10 390.53031785197214 307.9582510607409 584.3352876825215 773.9119120945861 -10 -10 -10 -1000 -1000 -1000 -10
10030 220 pedestrian 0 0 -10 386.4045345359284 306.20263421805964 588.5706748924414 792.2888890138126 -10 -10 -10 -1000 -1000 -1000 -10
10031 220 pedestrian 0 0 -10 404.7964699537496 307.5677868444212 590.5502957726212 754.8383448034239 -10 -10 -10 -1000 -1000 -1000 -10
10032 220 pedestrian 0 0 -10 395.2600019420758 308.0556562769265 596.3822167578487 793.50262033276 -10 -10 -10 -1000 -1000 -1000 -10
10035 220 pedestrian 0 0 -10 391.64373781799054 299.04351931590674 611.141852066615 830.3177942418295 -10 -10 -10 -1000 -1000 -1000 -10
10036 220 pedestrian 0 0 -10 386.86881117395325 297.3150690377165 607.8010324439783 835.0173163063466 -10 -10 -10 -1000 -1000 -1000 -10
10037 220 pedestrian 0 0 -10 385.72088262944146 298.35408205549015 606.0907856662916 834.6803674750261 -10 -10 -10 -1000 -1000 -1000 -10
10038 220 pedestrian 0 0 -10 388.0215645027572 300.5925664993798 602.3589372397519 823.4279989378657 -10 -10 -10 -1000 -1000 -1000 -10
10039 220 pedestrian 0 0 -10 388.42008048487895 303.3924476950153 601.6992328101339 826.0592010448895 -10 -10 -10 -1000 -1000 -1000 -10
10040 220 pedestrian 0 0 -10 388.6260458290724 300.06488300687573 601.2049099731298 822.0885884748545 -10 -10 -10 -1000 -1000 -1000 -10
10074 221 pedestrian 0 0 -10 387.0621700604688 304.6249633789063 573.8645572344531 782.8493774414062 -10 -10 -10 -1000 -1000 -1000 -10
10075 221 pedestrian 0 0 -10 392.63088393719534 305.75275424549073 578.625698628357 781.8382801863493 -10 -10 -10 -1000 -1000 -1000 -10
10076 221 pedestrian 0 0 -10 388.3965522580696 304.57145419589517 575.5037040348222 783.0461863574451 -10 -10 -10 -1000 -1000 -1000 -10
10077 221 pedestrian 0 0 -10 391.1164807528403 306.8041401986038 580.6216586828305 791.0161765811181 -10 -10 -10 -1000 -1000 -1000 -10
10079 221 pedestrian 0 0 -10 385.27876108192845 304.3624065995565 578.5479867538941 797.5429991790272 -10 -10 -10 -1000 -1000 -1000 -10
10080 221 pedestrian 0 0 -10 381.0567088860676 301.7595270370602 580.6370761050507 810.4675661203057 -10 -10 -10 -1000 -1000 -1000 -10
10081 221 pedestrian 0 0 -10 384.61779725355825 301.98402576280716 585.35821690068 813.7894536569297 -10 -10 -10 -1000 -1000 -1000 -10
10082 221 pedestrian 0 0 -10 383.9661296418414 300.8197691952289 589.3423491943291 825.6509811197927 -10 -10 -10 -1000 -1000 -1000 -10
10083 221 pedestrian 0 0 -10 378.5280186116236 298.1131080242589 587.2289071275682 832.1923699064146 -10 -10 -10 -1000 -1000 -1000 -10
10084 221 pedestrian 0 0 -10 374.91276227995786 297.41651960230746 587.8568552091128 843.4613060565898 -10 -10 -10 -1000 -1000 -1000 -10
10085 221 pedestrian 0 0 -10 375.7429100727892 298.0110813578765 585.9415971823009 837.4212607443133 -10 -10 -10 -1000 -1000 -1000 -10
10086 221 pedestrian 0 0 -10 376.44302452755323 299.3516526134766 584.8058438046861 833.8400090149628 -10 -10 -10 -1000 -1000 -1000 -10
10087 221 pedestrian 0 0 -10 383.07610675420926 304.246651606201 586.9438213979571 827.9793680452946 -10 -10 -10 -1000 -1000 -1000 -10
10089 221 pedestrian 0 0 -10 379.62790198149577 303.59574357335873 583.5503860168684 828.3450088415502 -10 -10 -10 -1000 -1000 -1000 -10
10090 221 pedestrian 0 0 -10 385.8208668094393 303.91742207926995 585.3906291101841 817.7458265329128 -10 -10 -10 -1000 -1000 -1000 -10
10091 224 pedestrian 0 0 -10 777.7931959344396 346.5260131835937 1035.5876878546228 1075.989013671875 -10 -10 -10 -1000 -1000 -1000 -10
10092 224 pedestrian 0 0 -10 784.2553347734489 350.5401281074754 1017.8594855567244 1010.3981255344014 -10 -10 -10 -1000 -1000 -1000 -10
10093 224 pedestrian 0 0 -10 754.1838453088907 374.85360584284115 997.7225931620594 1059.7730949445213 -10 -10 -10 -1000 -1000 -1000 -10
10099 224 pedestrian 0 0 -10 704.8340322292203 444.457598541073 936.9540102195195 1084.3605005898416 -10 -10 -10 -1000 -1000 -1000 -10
10100 224 pedestrian 0 0 -10 738.7782484373539 479.3919755413137 960.0506720984367 1084.2893715577507 -10 -10 -10 -1000 -1000 -1000 -10
10101 224 pedestrian 0 0 -10 770.8583151256189 509.357708630757 985.3272580286234 1084.1412409374711 -10 -10 -10 -1000 -1000 -1000 -10
10102 226 pedestrian 0 0 -10 779.6894529717882 68.39909362792969 876.9764527899306 308.23106079101564 -10 -10 -10 -1000 -1000 -1000 -10
10105 227 pedestrian 0 0 -10 752.373282090058 536.2107421875 1026.902303847442 1085.3044677734374 -10 -10 -10 -1000 -1000 -1000 -10
10107 227 pedestrian 0 0 -10 682.2207600235554 608.1254489338613 922.203544104485 1084.2898633504412 -10 -10 -10 -1000 -1000 -1000 -10
10108 228 pedestrian 0 0 -10 974.5287294362965 135.0191162109375 1154.654498102766 602.8807128906251 -10 -10 -10 -1000 -1000 -1000 -10
10108 227 pedestrian 0 0 -10 653.3323560045344 640.3521853701485 878.6768950042388 1083.6528366228872 -10 -10 -10 -1000 -1000 -1000 -10
10108 226 pedestrian 0 0 -10 779.9287294505299 70.03036656794511 876.2917747681886 306.6123296357367 -10 -10 -10 -1000 -1000 -1000 -10
10109 228 pedestrian 0 0 -10 969.2182309021529 133.04402753670388 1157.4810679766565 622.30472113838 -10 -10 -10 -1000 -1000 -1000 -10
10115 228 pedestrian 0 0 -10 790.2704182270669 68.73294629686603 876.094438946101 289.46964267435146 -10 -10 -10 -1000 -1000 -1000 -10
10118 229 pedestrian 0 0 -10 778.72890898973 68.00970764160155 867.6654147407388 283.9278137207031 -10 -10 -10 -1000 -1000 -1000 -10
10132 231 pedestrian 0 0 -10 771.7468478203199 69.0477249145508 871.9631497382738 308.163801574707 -10 -10 -10 -1000 -1000 -1000 -10
10133 231 pedestrian 0 0 -10 771.6170530754476 69.67748369877347 870.9461034694955 306.9110885102136 -10 -10 -10 -1000 -1000 -1000 -10
10138 231 pedestrian 0 0 -10 769.8439918663214 40.70906644636952 887.0847291359088 320.8504884950959 -10 -10 -10 -1000 -1000 -1000 -10
10139 231 pedestrian 0 0 -10 750.7870052092755 38.44072791211008 877.9038526989859 341.0834372240615 -10 -10 -10 -1000 -1000 -1000 -10
10140 231 pedestrian 0 0 -10 745.3492996690185 38.76601259617803 872.9228244099529 339.63040155552306 -10 -10 -10 -1000 -1000 -1000 -10
10141 231 pedestrian 0 0 -10 741.2194704144277 41.63380223445259 873.6394669624747 353.909183576101 -10 -10 -10 -1000 -1000 -1000 -10
10142 231 pedestrian 0 0 -10 754.7235750201697 48.97383703240652 895.3504040172202 380.5342329716159 -10 -10 -10 -1000 -1000 -1000 -10
10143 231 pedestrian 0 0 -10 760.0464952727856 51.9118991249112 903.8016230018405 390.76937321318337 -10 -10 -10 -1000 -1000 -1000 -10
10144 231 pedestrian 0 0 -10 767.1020708858748 53.300480933454196 920.3340214372622 412.90622156011403 -10 -10 -10 -1000 -1000 -1000 -10
10145 232 pedestrian 0 0 -10 638.6564824727302 223.33498535156252 828.0240106913323 738.6528564453125 -10 -10 -10 -1000 -1000 -1000 -10
10146 232 pedestrian 0 0 -10 653.9525007476203 229.5931977025368 838.3139741549537 730.8352820529177 -10 -10 -10 -1000 -1000 -1000 -10
10147 232 pedestrian 0 0 -10 666.2047768595986 240.35704362839988 847.0603448666648 730.4474689045655 -10 -10 -10 -1000 -1000 -1000 -10
10148 232 pedestrian 0 0 -10 683.6177677284668 244.46978839037737 866.981307783254 739.1687323182176 -10 -10 -10 -1000 -1000 -1000 -10
10148 231 pedestrian 0 0 -10 721.8101013112608 55.039011318568754 928.8790257367947 547.5150888972565 -10 -10 -10 -1000 -1000 -1000 -10
10149 232 pedestrian 0 0 -10 699.6612245752608 248.73980293865577 882.748670800838 739.3658966335905 -10 -10 -10 -1000 -1000 -1000 -10
10149 231 pedestrian 0 0 -10 721.492869081515 61.03169538534658 924.3835942401718 548.9452524580124 -10 -10 -10 -1000 -1000 -1000 -10
10150 232 pedestrian 0 0 -10 709.4833945982678 250.85493539701858 892.9036830865957 738.7965523283347 -10 -10 -10 -1000 -1000 -1000 -10
10150 231 pedestrian 0 0 -10 724.1040058532249 62.270917955624554 928.7175368722159 558.6555786527878 -10 -10 -10 -1000 -1000 -1000 -10
10151 232 pedestrian 0 0 -10 715.8208389572469 254.0213057523312 902.0288842317505 745.5374762371335 -10 -10 -10 -1000 -1000 -1000 -10
10151 231 pedestrian 0 0 -10 729.3483338258534 65.86434052670685 935.4812084163252 567.993915725481 -10 -10 -10 -1000 -1000 -1000 -10
10152 232 pedestrian 0 0 -10 712.0510457290004 257.1444722254946 900.9444954970502 754.6525065889689 -10 -10 -10 -1000 -1000 -1000 -10
10153 232 pedestrian 0 0 -10 713.9551670353 257.7767515018111 906.1940826942263 759.8789415062688 -10 -10 -10 -1000 -1000 -1000 -10
10154 232 pedestrian 0 0 -10 718.2884358986194 261.3310973050151 913.3297116018326 766.9527740183341 -10 -10 -10 -1000 -1000 -1000 -10
10155 232 pedestrian 0 0 -10 734.0048549589661 269.4491235148465 928.961734368012 771.9203752065322 -10 -10 -10 -1000 -1000 -1000 -10
10155 231 pedestrian 0 0 -10 740.8274728077971 71.06106301716267 930.3166503905172 532.4889973213101 -10 -10 -10 -1000 -1000 -1000 -10
10156 232 pedestrian 0 0 -10 745.1042584164811 269.8628784850124 939.0977285636777 767.4746400922713 -10 -10 -10 -1000 -1000 -1000 -10
10156 231 pedestrian 0 0 -10 741.681304872076 70.71516998965055 939.7170254348791 555.6593829138291 -10 -10 -10 -1000 -1000 -1000 -10
10157 232 pedestrian 0 0 -10 748.8669262630073 269.5639276164063 942.3932743134019 766.2559264204126 -10 -10 -10 -1000 -1000 -1000 -10
10157 231 pedestrian 0 0 -10 749.2474652709487 79.37241590243286 935.0249102719498 535.7392612973971 -10 -10 -10 -1000 -1000 -1000 -10
10158 232 pedestrian 0 0 -10 752.9572659392494 266.07244432307124 949.8465257832116 767.9955470192169 -10 -10 -10 -1000 -1000 -1000 -10
10158 231 pedestrian 0 0 -10 740.0846138019957 76.78205036041501 926.4355976273409 533.3466470213083 -10 -10 -10 -1000 -1000 -1000 -10
10159 232 pedestrian 0 0 -10 757.5958374921416 263.4524406537726 958.0912699166603 769.7962751782168 -10 -10 -10 -1000 -1000 -1000 -10
10159 231 pedestrian 0 0 -10 729.0355424241753 77.38091599394582 921.7720642463894 549.628156994563 -10 -10 -10 -1000 -1000 -1000 -10
10160 232 pedestrian 0 0 -10 756.1176580418771 266.5816985731252 954.7120709117117 766.2562855879061 -10 -10 -10 -1000 -1000 -1000 -10
10160 231 pedestrian 0 0 -10 714.628480973351 76.51571547794296 921.6369044997451 584.4791442254724 -10 -10 -10 -1000 -1000 -1000 -10
10161 232 pedestrian 0 0 -10 766.7034634859104 267.5418787152198 969.7681426528372 773.9228026459316 -10 -10 -10 -1000 -1000 -1000 -10
10161 231 pedestrian 0 0 -10 709.7514809958436 77.07843126828152 921.0294741129067 596.6643853722469 -10 -10 -10 -1000 -1000 -1000 -10
10162 232 pedestrian 0 0 -10 774.427296358685 267.91454315339695 980.4989835839156 776.5477627141875 -10 -10 -10 -1000 -1000 -1000 -10
10162 231 pedestrian 0 0 -10 712.5598332460611 80.81872689312883 915.5415031851107 579.0827846502227 -10 -10 -10 -1000 -1000 -1000 -10
10163 232 pedestrian 0 0 -10 776.4804830962258 268.4059982276345 984.8949394621178 777.0238023481468 -10 -10 -10 -1000 -1000 -1000 -10
10163 231 pedestrian 0 0 -10 711.7272155563203 81.1460133477585 915.8142161749373 581.9719090782444 -10 -10 -10 -1000 -1000 -1000 -10
10164 232 pedestrian 0 0 -10 780.4461197645401 271.13845388351825 992.1169150578315 783.8525331731635 -10 -10 -10 -1000 -1000 -1000 -10
10164 231 pedestrian 0 0 -10 713.2525053060108 81.59866262059316 914.0001549395813 573.4334998746897 -10 -10 -10 -1000 -1000 -1000 -10
10165 232 pedestrian 0 0 -10 783.9868969703396 275.99951280741 1001.560551148145 801.4286200370532 -10 -10 -10 -1000 -1000 -1000 -10
10165 231 pedestrian 0 0 -10 715.6154486851988 82.12647005811311 911.1465704037314 560.1811518976572 -10 -10 -10 -1000 -1000 -1000 -10
10166 232 pedestrian 0 0 -10 783.3175870403758 278.002260696632 1006.7848538179401 816.9614508300726 -10 -10 -10 -1000 -1000 -1000 -10
10166 231 pedestrian 0 0 -10 717.4132873563437 84.65739860807813 909.3275625516385 552.6001450910305 -10 -10 -10 -1000 -1000 -1000 -10
10167 232 pedestrian 0 0 -10 783.0617383526445 279.0079324654864 1008.1975545290932 822.620806825795 -10 -10 -10 -1000 -1000 -1000 -10
10167 231 pedestrian 0 0 -10 717.7448006390727 84.68541242795291 909.1515515290023 550.3973077072919 -10 -10 -10 -1000 -1000 -1000 -10
10168 232 pedestrian 0 0 -10 782.408387117377 281.25533302831036 1017.8980328469071 850.6098828550146 -10 -10 -10 -1000 -1000 -1000 -10
10168 231 pedestrian 0 0 -10 717.3340349410689 82.77253996376294 910.0733389277148 551.3898438483333 -10 -10 -10 -1000 -1000 -1000 -10
10169 232 pedestrian 0 0 -10 761.2617894904276 286.36142881756166 1014.843690029268 902.5722640617383 -10 -10 -10 -1000 -1000 -1000 -10
10169 231 pedestrian 0 0 -10 714.217912422843 79.64382631956181 913.0606593042385 563.54043661783 -10 -10 -10 -1000 -1000 -1000 -10
10170 232 pedestrian 0 0 -10 733.4949474831658 284.6475851491313 1032.8622124612027 1015.9729152558048 -10 -10 -10 -1000 -1000 -1000 -10
10170 231 pedestrian 0 0 -10 714.7009274616107 82.69414522618018 912.5757685064202 563.8663776304945 -10 -10 -10 -1000 -1000 -1000 -10
10171 232 pedestrian 0 0 -10 711.4005979132721 289.61514815609536 1025.4074383182203 1063.0671572646947 -10 -10 -10 -1000 -1000 -1000 -10
10171 231 pedestrian 0 0 -10 711.0773787488969 79.4606963841735 916.2645481997264 577.6216090390318 -10 -10 -10 -1000 -1000 -1000 -10
10172 232 pedestrian 0 0 -10 700.8642475085071 299.7943554061813 996.516142056589 1030.1612938458754 -10 -10 -10 -1000 -1000 -1000 -10
10172 231 pedestrian 0 0 -10 713.1351492384081 81.66516939861668 914.1132542087146 570.0421532612404 -10 -10 -10 -1000 -1000 -1000 -10
10173 232 pedestrian 0 0 -10 703.289811999345 308.6230595578967 967.9108948826095 963.7742026696593 -10 -10 -10 -1000 -1000 -1000 -10
10173 231 pedestrian 0 0 -10 706.4198770664748 79.20184641368095 912.4963976933985 579.5282746361205 -10 -10 -10 -1000 -1000 -1000 -10
10174 231 pedestrian 0 0 -10 703.0062389007587 76.27703860699589 912.7511589131777 585.0157494801356 -10 -10 -10 -1000 -1000 -1000 -10
10175 231 pedestrian 0 0 -10 706.6998980516961 76.45822929311433 916.197505473463 585.7987092878147 -10 -10 -10 -1000 -1000 -1000 -10
10175 232 pedestrian 0 0 -10 707.2705808118084 317.86876321974717 940.9541344281929 894.2464846451002 -10 -10 -10 -1000 -1000 -1000 -10
10176 231 pedestrian 0 0 -10 703.7573626060482 75.79464759100722 913.7163713658279 586.6657549323523 -10 -10 -10 -1000 -1000 -1000 -10
10176 232 pedestrian 0 0 -10 713.6261552793958 324.41161543193834 939.9846972142707 881.6124456880927 -10 -10 -10 -1000 -1000 -1000 -10
10177 231 pedestrian 0 0 -10 704.0354403688214 74.61859093080236 911.3989092422112 578.8380056452081 -10 -10 -10 -1000 -1000 -1000 -10
10177 232 pedestrian 0 0 -10 708.0761043572084 316.9449397734271 937.2983393328968 877.2665653857797 -10 -10 -10 -1000 -1000 -1000 -10
10178 231 pedestrian 0 0 -10 707.0502784239478 77.28787781508217 907.6286873983817 563.0679307678565 -10 -10 -10 -1000 -1000 -1000 -10
10178 232 pedestrian 0 0 -10 703.9739644424559 314.9780745088145 938.6211453454287 884.3616561969384 -10 -10 -10 -1000 -1000 -1000 -10
10179 231 pedestrian 0 0 -10 706.2654260753905 78.44166348065107 908.0661310884543 566.3994037695369 -10 -10 -10 -1000 -1000 -1000 -10
10179 232 pedestrian 0 0 -10 702.4926796419796 315.740226350206 939.2681784448705 885.7915689252295 -10 -10 -10 -1000 -1000 -1000 -10
10180 231 pedestrian 0 0 -10 712.8450991297386 80.37158598912794 910.260250587748 556.6644738087905 -10 -10 -10 -1000 -1000 -1000 -10
10180 232 pedestrian 0 0 -10 701.5166465262985 315.79490198477475 939.749013686502 886.2345121060548 -10 -10 -10 -1000 -1000 -1000 -10
10181 231 pedestrian 0 0 -10 717.5663554729484 82.26545277828544 908.7604118896854 542.1444992040539 -10 -10 -10 -1000 -1000 -1000 -10
10181 232 pedestrian 0 0 -10 699.6741706509112 317.3892233688017 941.6820067755746 893.8608920660639 -10 -10 -10 -1000 -1000 -1000 -10
10182 231 pedestrian 0 0 -10 719.0199430034262 83.09150767852094 908.3723343733087 536.5436932069626 -10 -10 -10 -1000 -1000 -1000 -10
10182 232 pedestrian 0 0 -10 702.9857937610765 317.43202807745024 947.8102613906467 897.156874060016 -10 -10 -10 -1000 -1000 -1000 -10
10183 231 pedestrian 0 0 -10 709.7517066539326 79.46002050037566 909.5091924848068 557.8526705810967 -10 -10 -10 -1000 -1000 -1000 -10
10183 232 pedestrian 0 0 -10 695.7194662578174 314.4156852876957 940.2848861090408 892.3908353876961 -10 -10 -10 -1000 -1000 -1000 -10
10184 231 pedestrian 0 0 -10 706.4140900769505 78.18737133971933 909.905335635063 565.5458993215418 -10 -10 -10 -1000 -1000 -1000 -10
10184 232 pedestrian 0 0 -10 692.8347169355148 313.1116028304766 937.6301985887425 890.6139965642928 -10 -10 -10 -1000 -1000 -1000 -10
10185 231 pedestrian 0 0 -10 705.0801875593958 77.48221096154441 910.1636451884405 568.7208324917189 -10 -10 -10 -1000 -1000 -1000 -10
10185 232 pedestrian 0 0 -10 696.1816771256202 313.42464401734793 941.4267531781089 889.2594054179549 -10 -10 -10 -1000 -1000 -1000 -10
10186 231 pedestrian 0 0 -10 706.1072679196917 76.42304052077785 908.87515748271 561.3382986058281 -10 -10 -10 -1000 -1000 -1000 -10
10186 232 pedestrian 0 0 -10 691.3748920066328 314.054435288508 939.8037453299172 896.8207244830277 -10 -10 -10 -1000 -1000 -1000 -10
10187 231 pedestrian 0 0 -10 702.4868876263142 74.94406208881938 912.0781902434967 578.1206910270894 -10 -10 -10 -1000 -1000 -1000 -10
10187 232 pedestrian 0 0 -10 690.9866783968164 322.3115784843145 937.7379738157625 900.9683695382768 -10 -10 -10 -1000 -1000 -1000 -10
10188 231 pedestrian 0 0 -10 705.9358562429892 74.1257589662358 917.1696601632904 584.5844066090601 -10 -10 -10 -1000 -1000 -1000 -10
10188 232 pedestrian 0 0 -10 691.0242665742534 330.22583494881616 936.970015890487 907.4995116632629 -10 -10 -10 -1000 -1000 -1000 -10
10189 231 pedestrian 0 0 -10 708.8042999406164 79.97604242570387 908.7520013322791 562.341101790306 -10 -10 -10 -1000 -1000 -1000 -10
10189 232 pedestrian 0 0 -10 695.5983374696773 344.7229073962752 941.5594414321398 917.0848552971698 -10 -10 -10 -1000 -1000 -1000 -10
10190 231 pedestrian 0 0 -10 727.3377472621521 87.99011218059735 906.7501753429278 519.2489494236818 -10 -10 -10 -1000 -1000 -1000 -10
10190 232 pedestrian 0 0 -10 689.9582759511834 357.18077973225667 979.1521046494375 1026.8755551204126 -10 -10 -10 -1000 -1000 -1000 -10
10191 231 pedestrian 0 0 -10 743.1149895544921 94.56861523412175 907.2258672825446 489.49499726597656 -10 -10 -10 -1000 -1000 -1000 -10
10191 232 pedestrian 0 0 -10 696.8882741356553 363.26597817408907 1001.1063628923889 1065.336226542702 -10 -10 -10 -1000 -1000 -1000 -10
10192 231 pedestrian 0 0 -10 744.4443874336423 101.51102071065586 911.7090714687213 504.7724637778538 -10 -10 -10 -1000 -1000 -1000 -10
10192 232 pedestrian 0 0 -10 710.3654625159495 373.9792950181454 1017.5054977432885 1080.415991691591 -10 -10 -10 -1000 -1000 -1000 -10
10193 231 pedestrian 0 0 -10 750.3277913562325 107.91621368227516 907.7256482741811 486.1024894058089 -10 -10 -10 -1000 -1000 -1000 -10
10193 232 pedestrian 0 0 -10 714.3934487804751 377.0357499824184 1025.4673035452129 1087.0121968470569 -10 -10 -10 -1000 -1000 -1000 -10
10194 231 pedestrian 0 0 -10 751.4772455377359 117.55283388705905 906.7929219774551 491.89296944556656 -10 -10 -10 -1000 -1000 -1000 -10
10194 232 pedestrian 0 0 -10 719.8890837969434 379.01312682523366 1033.1323571014927 1089.0954635836827 -10 -10 -10 -1000 -1000 -1000 -10
10195 231 pedestrian 0 0 -10 748.8279011053351 136.0483226301157 910.1150783292833 527.9644422418667 -10 -10 -10 -1000 -1000 -1000 -10
10195 232 pedestrian 0 0 -10 722.7256042604404 387.1437239139637 1035.4674538939478 1089.6985871404684 -10 -10 -10 -1000 -1000 -1000 -10
10196 231 pedestrian 0 0 -10 744.0948998595411 148.49123452611684 914.6739930684915 563.152457347647 -10 -10 -10 -1000 -1000 -1000 -10
10196 232 pedestrian 0 0 -10 724.1655351649247 392.8173826559901 1035.563883699997 1087.464609478418 -10 -10 -10 -1000 -1000 -1000 -10
10197 231 pedestrian 0 0 -10 740.2302174634457 153.74794972492893 917.8369103259869 584.6907765952947 -10 -10 -10 -1000 -1000 -1000 -10
10197 232 pedestrian 0 0 -10 722.4951945903888 410.70247975854767 1028.2822221018637 1086.7771845767725 -10 -10 -10 -1000 -1000 -1000 -10
10198 231 pedestrian 0 0 -10 737.7581376224988 156.53917934858208 920.4500450510316 601.1767194780748 -10 -10 -10 -1000 -1000 -1000 -10
10198 232 pedestrian 0 0 -10 709.1497198865533 427.08133863602296 1009.7381526158883 1086.6391293150762 -10 -10 -10 -1000 -1000 -1000 -10
10199 231 pedestrian 0 0 -10 729.1461258424285 158.22468752003297 919.4074754257865 624.4333135070387 -10 -10 -10 -1000 -1000 -1000 -10
10199 232 pedestrian 0 0 -10 699.0708080113866 443.19969567184194 998.0723119022388 1086.8075605756437 -10 -10 -10 -1000 -1000 -1000 -10
10200 231 pedestrian 0 0 -10 713.8886947336114 159.50193706828318 913.0035146127127 650.7975224263695 -10 -10 -10 -1000 -1000 -1000 -10
10200 232 pedestrian 0 0 -10 683.5201686310086 466.1262001248565 976.9467194965372 1086.343615783103 -10 -10 -10 -1000 -1000 -1000 -10
10201 231 pedestrian 0 0 -10 714.659581784756 173.00775859814541 912.9744657488343 665.882913886526 -10 -10 -10 -1000 -1000 -1000 -10
10201 232 pedestrian 0 0 -10 668.3275293309036 482.37446880517905 959.3095923534945 1086.3487124083763 -10 -10 -10 -1000 -1000 -1000 -10
10202 231 pedestrian 0 0 -10 704.1948225879869 206.0429371232301 905.5576672067428 707.9530587981978 -10 -10 -10 -1000 -1000 -1000 -10
10202 232 pedestrian 0 0 -10 666.1962089625106 489.409079622529 959.2473799938556 1087.0436175249802 -10 -10 -10 -1000 -1000 -1000 -10
10203 231 pedestrian 0 0 -10 692.8204847643491 222.00279818631776 900.5334784624796 738.6718670719606 -10 -10 -10 -1000 -1000 -1000 -10
10203 232 pedestrian 0 0 -10 666.7329703071753 501.1798299214062 958.1336672185773 1086.7511821023172 -10 -10 -10 -1000 -1000 -1000 -10
10204 231 pedestrian 0 0 -10 693.4658698172061 229.9915789436439 911.7654513063984 775.3459846332416 -10 -10 -10 -1000 -1000 -1000 -10
10204 232 pedestrian 0 0 -10 688.4504387837344 524.363621600584 975.1034956402159 1085.1742023075126 -10 -10 -10 -1000 -1000 -1000 -10
10205 231 pedestrian 0 0 -10 698.9444804032491 239.8927126649097 919.7830661045317 791.1754846187072 -10 -10 -10 -1000 -1000 -1000 -10
10205 232 pedestrian 0 0 -10 720.9930529119863 549.7063768488872 1005.6112500340919 1086.2684800124719 -10 -10 -10 -1000 -1000 -1000 -10
10206 231 pedestrian 0 0 -10 718.5531216749305 247.23458851880577 933.3859293595112 783.8323900433504 -10 -10 -10 -1000 -1000 -1000 -10
10207 231 pedestrian 0 0 -10 728.6957833021512 256.2807704384056 936.8045459296969 773.3881704320695 -10 -10 -10 -1000 -1000 -1000 -10
10208 231 pedestrian 0 0 -10 735.749588607806 258.2519145959593 934.8443875234452 750.5567225333962 -10 -10 -10 -1000 -1000 -1000 -10
10209 231 pedestrian 0 0 -10 724.2221762048804 258.0714507179501 928.5880420114995 761.447621820341 -10 -10 -10 -1000 -1000 -1000 -10
10210 231 pedestrian 0 0 -10 706.6762337874679 258.70241954467224 930.1074995682804 811.3118744187325 -10 -10 -10 -1000 -1000 -1000 -10
10210 241 pedestrian 0 0 -10 714.2663960360387 259.90781555175784 916.864890585055 712.9873931884765 -10 -10 -10 -1000 -1000 -1000 -10
10211 241 pedestrian 0 0 -10 710.3130338947768 265.7244329617216 907.953851589315 707.471089626436 -10 -10 -10 -1000 -1000 -1000 -10
10212 241 pedestrian 0 0 -10 708.7018237033974 270.74429104674005 916.7813463723015 735.9608027063587 -10 -10 -10 -1000 -1000 -1000 -10
10213 241 pedestrian 0 0 -10 724.952118521836 285.3496830244053 933.9555953918968 753.053219909368 -10 -10 -10 -1000 -1000 -1000 -10
10214 241 pedestrian 0 0 -10 758.1161093821556 303.4576612818942 963.6026183165101 764.8277406087186 -10 -10 -10 -1000 -1000 -1000 -10
10215 231 pedestrian 0 0 -10 741.0197135430842 307.54307863711716 977.4886827850715 890.8676655838633 -10 -10 -10 -1000 -1000 -1000 -10
10216 231 pedestrian 0 0 -10 734.6453299193425 317.5767978050213 982.8105475682144 928.1308397479911 -10 -10 -10 -1000 -1000 -1000 -10
10217 231 pedestrian 0 0 -10 718.2292794379996 326.222434116783 980.7005308194141 972.7826565490402 -10 -10 -10 -1000 -1000 -1000 -10
10218 231 pedestrian 0 0 -10 706.7498302306484 338.89276304724723 966.7701258808185 979.901218787764 -10 -10 -10 -1000 -1000 -1000 -10
10219 231 pedestrian 0 0 -10 686.9879969560877 352.3488072645545 966.689410747447 1047.3495977842379 -10 -10 -10 -1000 -1000 -1000 -10
10219 241 pedestrian 0 0 -10 676.6659140839567 353.0977157731002 964.3124988623933 1006.6874455559271 -10 -10 -10 -1000 -1000 -1000 -10
10220 231 pedestrian 0 0 -10 681.2971416591723 366.07655901598383 964.7065386876019 1072.769599498139 -10 -10 -10 -1000 -1000 -1000 -10
10221 231 pedestrian 0 0 -10 692.1355436167955 384.8123046681809 951.278401347293 1031.540225538898 -10 -10 -10 -1000 -1000 -1000 -10
10222 231 pedestrian 0 0 -10 707.8747051357948 400.3905313944681 972.5475610773578 1062.0034662125454 -10 -10 -10 -1000 -1000 -1000 -10
10223 231 pedestrian 0 0 -10 712.519590222873 416.6730472853882 980.8900475966805 1080.7674340889184 -10 -10 -10 -1000 -1000 -1000 -10
10224 231 pedestrian 0 0 -10 716.7158767053622 446.0756877503105 981.7047104004557 1091.0480584191505 -10 -10 -10 -1000 -1000 -1000 -10
10224 244 pedestrian 0 0 -10 755.6643505232181 79.36024169921876 918.672771058813 482.19554443359374 -10 -10 -10 -1000 -1000 -1000 -10
10225 231 pedestrian 0 0 -10 717.248842158876 456.7826292970136 982.9485305687125 1094.1287980762304 -10 -10 -10 -1000 -1000 -1000 -10
10225 244 pedestrian 0 0 -10 754.4356720223115 78.94446505748121 917.9010442097286 482.7996566922857 -10 -10 -10 -1000 -1000 -1000 -10
10226 231 pedestrian 0 0 -10 719.8233277557819 478.4502174891827 981.0913230368022 1095.6119182251985 -10 -10 -10 -1000 -1000 -1000 -10
10226 244 pedestrian 0 0 -10 748.9231007914195 79.97468507753027 911.566770632365 480.68748272086873 -10 -10 -10 -1000 -1000 -1000 -10
10227 231 pedestrian 0 0 -10 730.4323798571179 494.64408681897754 989.6126908749836 1096.0991773539924 -10 -10 -10 -1000 -1000 -1000 -10
10227 244 pedestrian 0 0 -10 747.302173363147 91.62515959659476 909.3787594292656 490.4491021081706 -10 -10 -10 -1000 -1000 -1000 -10
10228 231 pedestrian 0 0 -10 755.5605880238787 520.5599790338972 1009.6332983279862 1092.74534967302 -10 -10 -10 -1000 -1000 -1000 -10
10228 244 pedestrian 0 0 -10 741.0314607545129 99.54133451489415 904.2873597465285 500.7385436137712 -10 -10 -10 -1000 -1000 -1000 -10
10229 231 pedestrian 0 0 -10 775.858728080714 549.2405466584488 1025.1686822704494 1091.7303459345908 -10 -10 -10 -1000 -1000 -1000 -10
10229 244 pedestrian 0 0 -10 736.9927095140024 111.2936393884633 904.8153652345458 523.6572921800298 -10 -10 -10 -1000 -1000 -1000 -10
10230 244 pedestrian 0 0 -10 741.0669647099103 136.70005391661954 909.6412808514423 549.6789331477412 -10 -10 -10 -1000 -1000 -1000 -10
10231 244 pedestrian 0 0 -10 741.5670369502068 147.90987456075402 912.5241170929058 566.2395433755645 -10 -10 -10 -1000 -1000 -1000 -10
10232 244 pedestrian 0 0 -10 740.0341081288553 161.2934229934784 915.6225720844557 591.1803944488048 -10 -10 -10 -1000 -1000 -1000 -10
10233 244 pedestrian 0 0 -10 722.3728103960366 173.5993816787156 915.4509357458604 648.9322561602098 -10 -10 -10 -1000 -1000 -1000 -10
10234 244 pedestrian 0 0 -10 704.0127607038798 202.0613313847636 899.4972714946355 682.4693336520183 -10 -10 -10 -1000 -1000 -1000 -10
10235 244 pedestrian 0 0 -10 691.1251287324698 211.930945915343 889.1121586686577 696.2302904259777 -10 -10 -10 -1000 -1000 -1000 -10
10236 244 pedestrian 0 0 -10 685.8891381457613 220.14256987206088 885.0960861822855 704.677804049732 -10 -10 -10 -1000 -1000 -1000 -10
10237 244 pedestrian 0 0 -10 694.7496925320635 222.59566189210355 892.0344910644561 698.6537428061097 -10 -10 -10 -1000 -1000 -1000 -10
10238 244 pedestrian 0 0 -10 704.045365135514 230.04135912867991 899.337051332762 697.2121796831818 -10 -10 -10 -1000 -1000 -1000 -10
10239 244 pedestrian 0 0 -10 711.94757651547 232.9842905592308 907.3083515022321 695.545684769123 -10 -10 -10 -1000 -1000 -1000 -10
10240 244 pedestrian 0 0 -10 724.8669767691654 236.39251947879276 919.0673753676397 692.1408696116821 -10 -10 -10 -1000 -1000 -1000 -10
10241 244 pedestrian 0 0 -10 733.981114627077 241.2680288366341 928.7394367893319 695.4268003397025 -10 -10 -10 -1000 -1000 -1000 -10
10242 244 pedestrian 0 0 -10 721.4191277726808 251.0558063298133 929.5030679358533 735.8046257660685 -10 -10 -10 -1000 -1000 -1000 -10
10243 244 pedestrian 0 0 -10 705.3969946829286 259.3298760967838 922.3165201963059 763.2297526017901 -10 -10 -10 -1000 -1000 -1000 -10
10244 244 pedestrian 0 0 -10 693.9204473000077 273.23783028659005 905.985821837499 763.3201746585528 -10 -10 -10 -1000 -1000 -1000 -10
10245 244 pedestrian 0 0 -10 684.5173557985172 285.20724141278953 904.2802757879278 791.9536525573628 -10 -10 -10 -1000 -1000 -1000 -10
10246 244 pedestrian 0 0 -10 685.1453402098109 301.7025689516795 909.889347490246 818.7771746460276 -10 -10 -10 -1000 -1000 -1000 -10
10247 244 pedestrian 0 0 -10 703.2210324013917 312.6596746540473 930.7437759161231 832.2911150963101 -10 -10 -10 -1000 -1000 -1000 -10
10248 244 pedestrian 0 0 -10 709.5141070385396 322.49601285142955 948.7378998813207 867.9624874323912 -10 -10 -10 -1000 -1000 -1000 -10
10249 244 pedestrian 0 0 -10 703.5098053671089 338.9883687500771 955.240571722334 913.9367528598341 -10 -10 -10 -1000 -1000 -1000 -10
10250 244 pedestrian 0 0 -10 698.8987444194461 360.2979382708231 950.9361669328462 934.3006381357477 -10 -10 -10 -1000 -1000 -1000 -10
10251 244 pedestrian 0 0 -10 679.4598826844691 375.94061546466287 947.7221104921593 988.9176577567464 -10 -10 -10 -1000 -1000 -1000 -10
10252 244 pedestrian 0 0 -10 680.9591696558399 410.05788655267173 929.1523207945606 972.0127724930983 -10 -10 -10 -1000 -1000 -1000 -10
10253 244 pedestrian 0 0 -10 675.6329755221312 443.63789116834073 927.17040021028 1008.9752402857457 -10 -10 -10 -1000 -1000 -1000 -10
10254 244 pedestrian 0 0 -10 689.826430368753 473.66286001162376 956.7394354148278 1068.5421186321169 -10 -10 -10 -1000 -1000 -1000 -10
10255 244 pedestrian 0 0 -10 715.367590183892 496.9981531648724 984.1718945770632 1088.9493988893555 -10 -10 -10 -1000 -1000 -1000 -10
10256 244 pedestrian 0 0 -10 726.6661618065214 533.980016012886 984.8541984947287 1094.3749121411183 -10 -10 -10 -1000 -1000 -1000 -10
