69 1 pedestrian 0 0 -10 684.5318941812498 -2.4842817053199155 901.5565213460941 549.2141924157738 -10 -10 -10 -1000 -1000 -1000 -10
70 1 pedestrian 0 0 -10 686.7136375566837 -2.354767282824241 899.5311535227615 538.5022438371881 -10 -10 -10 -1000 -1000 -1000 -10
71 1 pedestrian 0 0 -10 685.6086890988261 -1.4451957260376957 900.5980904302833 544.8262687365419 -10 -10 -10 -1000 -1000 -1000 -10
72 1 pedestrian 0 0 -10 684.9409621427685 -1.8625262108106426 901.0916720758534 547.775658605937 -10 -10 -10 -1000 -1000 -1000 -10
78 1 pedestrian 0 0 -10 687.4488520338582 -1.7766746558992281 898.7269045288077 535.0095357870325 -10 -10 -10 -1000 -1000 -1000 -10
79 1 pedestrian 0 0 -10 687.7986848224562 -0.9919610069752025 898.3991598296368 533.3487837124842 -10 -10 -10 -1000 -1000 -1000 -10
80 1 pedestrian 0 0 -10 685.7709694858128 -1.564088920802078 900.5052174988032 543.1033062256007 -10 -10 -10 -1000 -1000 -1000 -10
81 1 pedestrian 0 0 -10 688.2430341223697 -2.0875117800589464 898.2126097667992 528.3796356119035 -10 -10 -10 -1000 -1000 -1000 -10
82 1 pedestrian 0 0 -10 686.8980485262483 -3.7624843818215368 899.5268012734107 533.4927281889142 -10 -10 -10 -1000 -1000 -1000 -10
116 4 pedestrian 0 0 -10 683.6683296089955 -3.0368813276290894 902.6869804495982 552.5882529497146 -10 -10 -10 -1000 -1000 -1000 -10
117 4 pedestrian 0 0 -10 688.6999304386059 -2.7350673199874223 898.0891605530662 528.0453120051445 -10 -10 -10 -1000 -1000 -1000 -10
177 9 pedestrian 0 0 -10 687.1512859137893 -2.1165342330932617 899.1023273674606 537.2872255325317 -10 -10 -10 -1000 -1000 -1000 -10
178 9 pedestrian 0 0 -10 687.2552016263945 -2.492085260915644 898.8210267859953 535.5249895518443 -10 -10 -10 -1000 -1000 -1000 -10
292 13 pedestrian 0 0 -10 689.5559464669602 3.2102123737334978 896.6040510916336 529.076301240921 -10 -10 -10 -1000 -1000 -1000 -10
294 13 pedestrian 0 0 -10 688.2158889693296 0.09440588413485784 897.9063604601228 532.5231917836167 -10 -10 -10 -1000 -1000 -1000 -10
295 13 pedestrian 0 0 -10 687.7951689190622 -0.6345852561541392 898.2078642928266 533.4441056733215 -10 -10 -10 -1000 -1000 -1000 -10
296 13 pedestrian 0 0 -10 688.8848211854767 -2.840492263505155 897.2790475960218 525.3957473537264 -10 -10 -10 -1000 -1000 -1000 -10
297 13 pedestrian 0 0 -10 689.1901571406482 -3.6580005051149556 897.1466026375095 522.6291946388347 -10 -10 -10 -1000 -1000 -1000 -10
298 13 pedestrian 0 0 -10 689.2588945697045 -3.8961872179536385 897.0773965795507 521.6788915860016 -10 -10 -10 -1000 -1000 -1000 -10
299 13 pedestrian 0 0 -10 687.9778351410845 -2.1872613645447245 898.0809409264399 529.3418221408881 -10 -10 -10 -1000 -1000 -1000 -10
300 13 pedestrian 0 0 -10 688.0036906296332 -0.21535151759195514 897.9420882889372 530.6977539243317 -10 -10 -10 -1000 -1000 -1000 -10
305 13 pedestrian 0 0 -10 686.6298205838992 -1.9972634799133289 899.4746388606095 534.0890525731825 -10 -10 -10 -1000 -1000 -1000 -10
309 13 pedestrian 0 0 -10 688.8335262249482 -1.766791064115921 897.4350522909264 521.8344588697423 -10 -10 -10 -1000 -1000 -1000 -10
310 13 pedestrian 0 0 -10 687.739719910856 0.026820582907248536 898.7552090035563 528.1351099575328 -10 -10 -10 -1000 -1000 -1000 -10
314 13 pedestrian 0 0 -10 687.3846889585582 -4.606571722665478 898.9997764004592 524.1415403048425 -10 -10 -10 -1000 -1000 -1000 -10
315 13 pedestrian 0 0 -10 685.8198886458632 -3.381932833822532 900.4699113065132 531.461922121998 -10 -10 -10 -1000 -1000 -1000 -10
319 13 pedestrian 0 0 -10 683.781946867028 -0.15130529683744953 902.2749865747861 544.8617695474763 -10 -10 -10 -1000 -1000 -1000 -10
355 17 pedestrian 0 0 -10 687.5698925183704 3.948276746273052 898.6954395128796 537.0249979376792 -10 -10 -10 -1000 -1000 -1000 -10
356 17 pedestrian 0 0 -10 685.3570746961454 0.24570826876100682 901.0096758202508 545.0184482373406 -10 -10 -10 -1000 -1000 -1000 -10
370 18 pedestrian 0 0 -10 688.8118635611849 -2.290295231342327 897.9103166145964 526.504248225689 -10 -10 -10 -1000 -1000 -1000 -10
396 20 pedestrian 0 0 -10 692.8001806503555 3.0958641052246207 893.5492456191758 532.2950828552246 -10 -10 -10 -1000 -1000 -1000 -10
397 20 pedestrian 0 0 -10 694.4677798580256 1.414659197421031 891.7649614980427 521.0275924473881 -10 -10 -10 -1000 -1000 -1000 -10
398 20 pedestrian 0 0 -10 692.9919678286201 1.6261940109437774 892.9382913573556 527.3814194213014 -10 -10 -10 -1000 -1000 -1000 -10
400 20 pedestrian 0 0 -10 693.1413365751845 -2.0338869963549087 893.0217655277902 521.7674973827338 -10 -10 -10 -1000 -1000 -1000 -10
401 20 pedestrian 0 0 -10 692.7649579967034 -2.9504616787993427 893.2444779130446 520.9149492655946 -10 -10 -10 -1000 -1000 -1000 -10
402 20 pedestrian 0 0 -10 694.1861144784527 -3.530050346717246 892.0404222701413 511.32752209269887 -10 -10 -10 -1000 -1000 -1000 -10
403 20 pedestrian 0 0 -10 695.2870147179302 -1.965400844234921 891.429837716769 506.14615213815455 -10 -10 -10 -1000 -1000 -1000 -10
404 20 pedestrian 0 0 -10 693.2902686046838 -1.5558819223892328 893.2117415566976 514.2489928726848 -10 -10 -10 -1000 -1000 -1000 -10
412 21 pedestrian 0 0 -10 684.1027385606247 1.6001063108444669 902.3736164198442 528.2920130491257 -10 -10 -10 -1000 -1000 -1000 -10
418 21 pedestrian 0 0 -10 683.9664413692525 2.632936107912201 902.3862099768191 529.7552349142472 -10 -10 -10 -1000 -1000 -1000 -10
523 26 pedestrian 0 0 -10 690.121139854889 -1.9932198524475098 896.4359768443298 522.98927526474 -10 -10 -10 -1000 -1000 -1000 -10
525 26 pedestrian 0 0 -10 688.8529238250314 0.30943215198647067 897.5947577965165 530.9691090106336 -10 -10 -10 -1000 -1000 -1000 -10
526 26 pedestrian 0 0 -10 687.9901485965954 -0.022633126222388 898.215541335742 533.2411402255468 -10 -10 -10 -1000 -1000 -1000 -10
527 26 pedestrian 0 0 -10 687.4557560819594 -0.3587909669798819 898.5254866484498 534.1159064051323 -10 -10 -10 -1000 -1000 -1000 -10
528 26 pedestrian 0 0 -10 685.3400444940427 -0.39106374591170834 900.7286791422088 544.045750998296 -10 -10 -10 -1000 -1000 -1000 -10
529 26 pedestrian 0 0 -10 684.69818182948 0.14295067754505908 901.3110434183559 546.8368304861007 -10 -10 -10 -1000 -1000 -1000 -10
530 26 pedestrian 0 0 -10 686.1510349728932 -0.4762612022742019 900.0675761260286 538.7095633548079 -10 -10 -10 -1000 -1000 -1000 -10
531 26 pedestrian 0 0 -10 680.1928433496078 -0.5536433230749935 896.7029724886852 545.1744421433275 -10 -10 -10 -1000 -1000 -1000 -10
534 26 pedestrian 0 0 -10 675.7025102814764 1.0198871807291425 896.6769792047689 558.8584714774754 -10 -10 -10 -1000 -1000 -1000 -10
536 26 pedestrian 0 0 -10 684.4385060855667 1.144706200414248 898.1546198642114 538.4265420455387 -10 -10 -10 -1000 -1000 -1000 -10
538 26 pedestrian 0 0 -10 678.8028646863658 -0.2809900537841372 895.7332437632018 545.7635088621678 -10 -10 -10 -1000 -1000 -1000 -10
544 26 pedestrian 0 0 -10 683.8273166410398 0.5031103481119317 900.9289083805168 546.4185288740508 -10 -10 -10 -1000 -1000 -1000 -10
552 28 pedestrian 0 0 -10 683.6147701252678 1.1538589715958096 902.571545792701 542.733949303627 -10 -10 -10 -1000 -1000 -1000 -10
560 29 pedestrian 0 0 -10 688.528767118399 0.8771770000457764 897.4775561237886 534.426017332077 -10 -10 -10 -1000 -1000 -1000 -10
562 29 pedestrian 0 0 -10 687.555363039862 -3.186708413306917 898.9761408771723 536.0694510550632 -10 -10 -10 -1000 -1000 -1000 -10
563 29 pedestrian 0 0 -10 687.1721693004886 0.8277716817191276 899.2860111168369 542.0608528874038 -10 -10 -10 -1000 -1000 -1000 -10
1402 31 pedestrian 0 0 -10 905.2593985704929 0.14572343826293377 1019.7038094373196 233.91922807693481 -10 -10 -10 -1000 -1000 -1000 -10
1403 31 pedestrian 0 0 -10 903.7302434748449 0.2680771753672673 1023.3225750076695 244.1857403218054 -10 -10 -10 -1000 -1000 -1000 -10
1404 31 pedestrian 0 0 -10 892.7857307461991 1.9029743015057647 1023.6966600394519 268.99779856977904 -10 -10 -10 -1000 -1000 -1000 -10
1405 31 pedestrian 0 0 -10 871.6244834021034 0.838926741559817 1041.47130808975 348.8856475730771 -10 -10 -10 -1000 -1000 -1000 -10
1406 31 pedestrian 0 0 -10 864.6151387910362 6.093245271352686 1055.4154804029583 399.3026933700528 -10 -10 -10 -1000 -1000 -1000 -10
1407 31 pedestrian 0 0 -10 855.7783174738738 12.4796406303563 1058.8245216689502 432.892170440821 -10 -10 -10 -1000 -1000 -1000 -10
1408 31 pedestrian 0 0 -10 846.1618482669892 15.02004636226539 1057.2827903668494 454.7857773950474 -10 -10 -10 -1000 -1000 -1000 -10
1409 31 pedestrian 0 0 -10 863.378914479395 4.352143565145468 1080.6387880350906 455.9311005808344 -10 -10 -10 -1000 -1000 -1000 -10
1410 31 pedestrian 0 0 -10 870.6442192557734 -0.22387808999386039 1090.1867745236896 455.07529710220274 -10 -10 -10 -1000 -1000 -1000 -10
1412 31 pedestrian 0 0 -10 849.551130490431 1.473829630859882 1098.2327678456195 514.4072551818681 -10 -10 -10 -1000 -1000 -1000 -10
1413 31 pedestrian 0 0 -10 827.8475915242805 3.625283053360249 1088.305460379762 534.1725971302608 -10 -10 -10 -1000 -1000 -1000 -10
1415 31 pedestrian 0 0 -10 811.45008846582 5.786772368867901 1133.8224347653406 660.8880813598878 -10 -10 -10 -1000 -1000 -1000 -10
1416 31 pedestrian 0 0 -10 792.9511920433382 7.429882443221459 1167.7642255592716 764.9754735007896 -10 -10 -10 -1000 -1000 -1000 -10
1417 31 pedestrian 0 0 -10 796.0774261766528 17.96886397020637 1196.7077570734598 830.868996685633 -10 -10 -10 -1000 -1000 -1000 -10
1431 34 pedestrian 0 0 -10 859.9223394566752 8.990895843505882 1061.9352166956687 438.6479148864746 -10 -10 -10 -1000 -1000 -1000 -10
1433 34 pedestrian 0 0 -10 848.1039939341526 4.2661884418282625 1091.3318766988282 520.2520336142077 -10 -10 -10 -1000 -1000 -1000 -10
1434 34 pedestrian 0 0 -10 820.0970842986009 4.263322716873176 1084.0423445026793 563.0112780920673 -10 -10 -10 -1000 -1000 -1000 -10
1435 34 pedestrian 0 0 -10 795.2220106922559 2.721766568215628 1094.5019243519641 636.6676873423119 -10 -10 -10 -1000 -1000 -1000 -10
1436 34 pedestrian 0 0 -10 779.1584908171085 18.25083780171343 1114.2815368915458 729.9675454150413 -10 -10 -10 -1000 -1000 -1000 -10
1437 34 pedestrian 0 0 -10 788.7802797111409 25.830602774669728 1141.319494887813 774.7183777702612 -10 -10 -10 -1000 -1000 -1000 -10
1449 36 pedestrian 0 0 -10 905.7863229076997 -2.2415425300598173 1020.4972220141753 236.59765729904177 -10 -10 -10 -1000 -1000 -1000 -10
1451 36 pedestrian 0 0 -10 906.223269385554 -2.9799346551712915 1033.2790614093983 262.3455256516955 -10 -10 -10 -1000 -1000 -1000 -10
1452 36 pedestrian 0 0 -10 900.684660407711 0.7164441872581335 1031.1371349880367 274.0074867932419 -10 -10 -10 -1000 -1000 -1000 -10
1453 36 pedestrian 0 0 -10 883.0834675615922 -1.0504028280939508 1035.6467641947331 319.437175528705 -10 -10 -10 -1000 -1000 -1000 -10
1454 36 pedestrian 0 0 -10 868.7797268004625 -3.7421490848329313 1064.2154259446254 411.34002698094184 -10 -10 -10 -1000 -1000 -1000 -10
1455 36 pedestrian 0 0 -10 867.5980929444695 -4.735372640548945 1070.9937332025575 431.3050031841153 -10 -10 -10 -1000 -1000 -1000 -10
1456 36 pedestrian 0 0 -10 870.1146957675754 -6.15220866808022 1080.1261998212585 447.72112962497494 -10 -10 -10 -1000 -1000 -1000 -10
1457 36 pedestrian 0 0 -10 865.8617403231383 -5.066880662373023 1079.7683425378489 460.67283089284007 -10 -10 -10 -1000 -1000 -1000 -10
1458 36 pedestrian 0 0 -10 841.3054481078204 -6.173441202838916 1066.7583689048706 484.56881530844214 -10 -10 -10 -1000 -1000 -1000 -10
1459 36 pedestrian 0 0 -10 846.6747256821143 -9.805001718304425 1072.2183394551625 478.4968728263096 -10 -10 -10 -1000 -1000 -1000 -10
1460 36 pedestrian 0 0 -10 843.764338503209 -9.193880142930624 1080.293627355565 499.02772366430656 -10 -10 -10 -1000 -1000 -1000 -10
1461 36 pedestrian 0 0 -10 842.568636661563 -6.5034892646352205 1083.4680867096574 504.31396168413426 -10 -10 -10 -1000 -1000 -1000 -10
1462 36 pedestrian 0 0 -10 813.9190533682639 -6.341742480979633 1085.395701227223 570.1221660100168 -10 -10 -10 -1000 -1000 -1000 -10
1475 39 pedestrian 0 0 -10 867.1679202333879 -3.91142196655278 1202.1587277158305 866.278018951416 -10 -10 -10 -1000 -1000 -1000 -10
1476 39 pedestrian 0 0 -10 877.5372858409803 -4.110333875617812 1191.9291690036323 807.9949001522252 -10 -10 -10 -1000 -1000 -1000 -10
1477 39 pedestrian 0 0 -10 868.105031963498 -5.3728991168028415 1201.3585634719893 849.0023794019884 -10 -10 -10 -1000 -1000 -1000 -10
1650 40 pedestrian 0 0 -10 909.1360722775285 -0.8738720417022705 992.9512446170029 176.1639850139618 -10 -10 -10 -1000 -1000 -1000 -10
1651 40 pedestrian 0 0 -10 900.8014417506331 0.5583091306583725 988.868702711703 186.7541622445313 -10 -10 -10 -1000 -1000 -1000 -10
1652 40 pedestrian 0 0 -10 897.8470567217913 0.9743144168347442 987.301773080596 190.43407017429809 -10 -10 -10 -1000 -1000 -1000 -10
1653 40 pedestrian 0 0 -10 902.3321561325674 1.6946566161433623 991.7429809730833 191.16078606391804 -10 -10 -10 -1000 -1000 -1000 -10
1654 40 pedestrian 0 0 -10 907.8527294548072 -0.2875817620728043 999.7118677298677 193.85513246913797 -10 -10 -10 -1000 -1000 -1000 -10
1856 41 pedestrian 0 0 -10 904.35571106382 -1.9718669891357479 1028.0370257525863 250.84868049621582 -10 -10 -10 -1000 -1000 -1000 -10
1858 41 pedestrian 0 0 -10 918.4979679853164 4.565574564077451 1047.5026892050328 268.97655590974836 -10 -10 -10 -1000 -1000 -1000 -10
1859 41 pedestrian 0 0 -10 921.1320274213109 5.23083086099146 1051.3267762716912 272.3762713758564 -10 -10 -10 -1000 -1000 -1000 -10
1860 41 pedestrian 0 0 -10 911.6809234904822 0.36892662576178736 1071.4047904730774 330.3421854116837 -10 -10 -10 -1000 -1000 -1000 -10
1861 41 pedestrian 0 0 -10 927.9962494371146 1.7657609115366029 1069.1453877044803 293.83104172501953 -10 -10 -10 -1000 -1000 -1000 -10
1862 41 pedestrian 0 0 -10 939.6013749518078 1.5066847640570984 1071.526642640511 274.5785093626573 -10 -10 -10 -1000 -1000 -1000 -10
1876 42 pedestrian 0 0 -10 898.1125258604611 -2.9510294437408504 1026.1417954286014 220.36610617637635 -10 -10 -10 -1000 -1000 -1000 -10
1877 42 pedestrian 0 0 -10 891.9065905587751 -4.750701555995121 1024.1924509310095 226.13455834002116 -10 -10 -10 -1000 -1000 -1000 -10
1878 42 pedestrian 0 0 -10 893.4205169248861 -4.172779601545599 1029.9280696757394 234.38373817037427 -10 -10 -10 -1000 -1000 -1000 -10
1879 42 pedestrian 0 0 -10 898.2715717561751 -5.224070078622987 1037.977794423927 239.52538985219866 -10 -10 -10 -1000 -1000 -1000 -10
1881 42 pedestrian 0 0 -10 889.4521812470617 -3.4809349982093067 1040.929701028395 263.10047173012754 -10 -10 -10 -1000 -1000 -1000 -10
1882 42 pedestrian 0 0 -10 895.02705560591 -2.9062197487410657 1043.0126215417242 258.3673666102498 -10 -10 -10 -1000 -1000 -1000 -10
1883 42 pedestrian 0 0 -10 895.1050821475878 -2.10849362085051 1045.6887472128776 264.7606767790703 -10 -10 -10 -1000 -1000 -1000 -10
1884 42 pedestrian 0 0 -10 903.506627895675 -0.9316141024673641 1057.2894298306712 275.8915791341823 -10 -10 -10 -1000 -1000 -1000 -10
1885 42 pedestrian 0 0 -10 886.724053189577 0.6615550205974614 1044.3577364727216 287.435040614391 -10 -10 -10 -1000 -1000 -1000 -10
1887 42 pedestrian 0 0 -10 890.9343620025704 -1.3172681823374432 1059.240969955378 306.21396967986806 -10 -10 -10 -1000 -1000 -1000 -10
1888 42 pedestrian 0 0 -10 887.2823139446236 -2.325965750536085 1058.0672482188272 310.2344023501083 -10 -10 -10 -1000 -1000 -1000 -10
1889 42 pedestrian 0 0 -10 886.0060752784655 -2.728227675107348 1057.4996450878255 311.5784956568538 -10 -10 -10 -1000 -1000 -1000 -10
1890 42 pedestrian 0 0 -10 885.5743330008971 -2.9680768879918276 1057.1858144948255 311.9266880114193 -10 -10 -10 -1000 -1000 -1000 -10
2215 49 pedestrian 0 0 -10 -7.564708965824309 -5.780077123641945 749.3007517514689 1086.757276391983 -10 -10 -10 -1000 -1000 -1000 -10
2216 49 pedestrian 0 0 -10 1.2171706489136227 -3.700859214605316 755.7422462158856 1085.3428764418798 -10 -10 -10 -1000 -1000 -1000 -10
2228 51 pedestrian 0 0 -10 668.2085359236049 20.091819763183594 889.1496794084263 583.8707748413086 -10 -10 -10 -1000 -1000 -1000 -10
2229 51 pedestrian 0 0 -10 665.6882903569024 13.258670771480013 891.9364720607955 590.6382510138301 -10 -10 -10 -1000 -1000 -1000 -10
2388 53 pedestrian 0 0 -10 677.4728031196615 -2.6330199718475455 894.8657222709634 563.9154053211212 -10 -10 -10 -1000 -1000 -1000 -10
2574 55 pedestrian 0 0 -10 1101.5291066264863 3.9784087181091365 1252.4297312641388 386.5990019798279 -10 -10 -10 -1000 -1000 -1000 -10
2574 56 pedestrian 0 0 -10 1060.7565100964177 -0.22653834223747538 1149.350423497332 207.35480015873907 -10 -10 -10 -1000 -1000 -1000 -10
2575 55 pedestrian 0 0 -10 1106.8582963440977 2.55014126112232 1246.079761140158 355.309284777932 -10 -10 -10 -1000 -1000 -1000 -10
2576 55 pedestrian 0 0 -10 1108.5794477354923 2.135077838962644 1244.0187394582465 344.94873145095505 -10 -10 -10 -1000 -1000 -1000 -10
