1275 7 pedestrian 0 0 -10 712.3782480579677 64.80637817382814 901.9476186412511 553.2083801269532 -10 -10 -10 -1000 -1000 -1000 -10
1277 7 pedestrian 0 0 -10 716.2213812309336 61.81225093054337 898.4671126148389 531.0389877416494 -10 -10 -10 -1000 -1000 -1000 -10
1278 7 pedestrian 0 0 -10 723.6078198894987 64.70961961914912 901.9716240967124 523.6619410118653 -10 -10 -10 -1000 -1000 -1000 -10
1279 7 pedestrian 0 0 -10 723.67668568026 65.61162948088605 904.9851373716829 532.2314529292557 -10 -10 -10 -1000 -1000 -1000 -10
1280 7 pedestrian 0 0 -10 721.4161184894193 60.093189829496225 908.5771278072011 541.148229262722 -10 -10 -10 -1000 -1000 -1000 -10
1350 8 pedestrian 0 0 -10 700.8712451510916 3.1264487862587202 910.860334438752 515.5525474190712 -10 -10 -10 -1000 -1000 -1000 -10
1351 8 pedestrian 0 0 -10 697.3981087774968 5.1551367342250956 905.5682514703857 513.1389206979993 -10 -10 -10 -1000 -1000 -1000 -10
1352 8 pedestrian 0 0 -10 695.7143208699954 4.657593074757244 904.2164596323632 513.2588820597796 -10 -10 -10 -1000 -1000 -1000 -10
1357 8 pedestrian 0 0 -10 696.9482366719523 2.182666686475926 902.814287810783 503.2466769790881 -10 -10 -10 -1000 -1000 -1000 -10
1359 8 pedestrian 0 0 -10 690.0078249717602 -1.5196380659886302 898.5977335358469 505.3326626519655 -10 -10 -10 -1000 -1000 -1000 -10
1360 8 pedestrian 0 0 -10 688.3535841672724 -3.1013352632188855 898.277428966538 506.1551865027592 -10 -10 -10 -1000 -1000 -1000 -10
1361 8 pedestrian 0 0 -10 687.1997587452531 -5.862196482262249 898.6366681072395 509.05187019561527 -10 -10 -10 -1000 -1000 -1000 -10
1362 8 pedestrian 0 0 -10 685.4198905483665 -5.8157152923548665 900.074952836697 518.5284894484276 -10 -10 -10 -1000 -1000 -1000 -10
1706 11 pedestrian 0 0 -10 1258.6780076378868 73.87486572265624 1478.152216971488 672.0950805664063 -10 -10 -10 -1000 -1000 -1000 -10
1710 11 pedestrian 0 0 -10 1226.6777943886502 69.19730942315329 1455.6922421085735 690.6623836812735 -10 -10 -10 -1000 -1000 -1000 -10
1723 12 pedestrian 0 0 -10 1215.8337265811494 78.16741943359375 1467.0885634579129 721.9144287109375 -10 -10 -10 -1000 -1000 -1000 -10
1724 12 pedestrian 0 0 -10 1208.4368955049474 76.51299623605257 1461.7580306441591 725.8038748293793 -10 -10 -10 -1000 -1000 -1000 -10
1726 12 pedestrian 0 0 -10 1227.2742522098595 82.78686524411734 1475.6083802491767 720.2278636231258 -10 -10 -10 -1000 -1000 -1000 -10
1732 12 pedestrian 0 0 -10 1243.8153659788227 75.72586596245782 1480.0890137403237 686.4855613112102 -10 -10 -10 -1000 -1000 -1000 -10
1733 12 pedestrian 0 0 -10 1237.3521341527662 79.40706790984206 1477.01771255453 700.242200322152 -10 -10 -10 -1000 -1000 -1000 -10
1737 13 pedestrian 0 0 -10 1257.1814302992714 77.94256439208988 1465.546084349166 671.2529647827148 -10 -10 -10 -1000 -1000 -1000 -10
1767 14 pedestrian 0 0 -10 1269.1806611371876 110.2246124267578 1468.791287105 646.9178131103515 -10 -10 -10 -1000 -1000 -1000 -10
1770 14 pedestrian 0 0 -10 1281.1904342283667 95.2701109022135 1482.66128810296 637.6766100099644 -10 -10 -10 -1000 -1000 -1000 -10
1772 14 pedestrian 0 0 -10 1283.4406776337867 95.66893571422764 1483.6696931584115 634.476758692042 -10 -10 -10 -1000 -1000 -1000 -10
1773 14 pedestrian 0 0 -10 1284.0289737587245 96.89666445239533 1483.3196012699102 633.1703707752422 -10 -10 -10 -1000 -1000 -1000 -10
1783 15 pedestrian 0 0 -10 1276.6997090926234 103.76909790039065 1475.1284159073766 628.5177917480469 -10 -10 -10 -1000 -1000 -1000 -10
1784 15 pedestrian 0 0 -10 1280.5230293534255 104.60447930168368 1482.0225172543483 638.340602393389 -10 -10 -10 -1000 -1000 -1000 -10
1785 15 pedestrian 0 0 -10 1280.4332665208844 105.66539882737322 1486.0046754282582 651.5264401243786 -10 -10 -10 -1000 -1000 -1000 -10
1786 15 pedestrian 0 0 -10 1280.3506058966532 106.66698189153203 1486.5293793296714 655.0872950856649 -10 -10 -10 -1000 -1000 -1000 -10
1790 15 pedestrian 0 0 -10 1277.3955950892064 104.4713004896089 1476.4329539087028 631.5559241148269 -10 -10 -10 -1000 -1000 -1000 -10
1829 17 pedestrian 0 0 -10 1286.3851501915167 101.32516326904295 1479.805596878796 619.1267013549805 -10 -10 -10 -1000 -1000 -1000 -10
1830 17 pedestrian 0 0 -10 1286.515648010342 100.79388527212143 1479.4901504725162 617.4198250543227 -10 -10 -10 -1000 -1000 -1000 -10
1831 17 pedestrian 0 0 -10 1285.6518803951583 98.42844469479348 1480.0397646021331 618.9956244152311 -10 -10 -10 -1000 -1000 -1000 -10
1832 17 pedestrian 0 0 -10 1285.416278364625 98.06251815270144 1480.2063699265916 619.4361315891174 -10 -10 -10 -1000 -1000 -1000 -10
1834 18 pedestrian 0 0 -10 717.9380222706372 69.25745697021483 897.0785670848315 520.581394958496 -10 -10 -10 -1000 -1000 -1000 -10
1837 18 pedestrian 0 0 -10 717.5195831358676 58.23573380475028 910.6292544103062 544.9199786066433 -10 -10 -10 -1000 -1000 -1000 -10
1838 18 pedestrian 0 0 -10 718.4321907293 59.61787166181932 911.2878755652532 545.2628056035326 -10 -10 -10 -1000 -1000 -1000 -10
1839 18 pedestrian 0 0 -10 718.9097574302134 65.06341827323766 911.2219194888825 550.0251321080702 -10 -10 -10 -1000 -1000 -1000 -10
1840 18 pedestrian 0 0 -10 729.7109358848277 67.63839988748416 909.8573555989958 521.8425141096259 -10 -10 -10 -1000 -1000 -1000 -10
1902 21 pedestrian 0 0 -10 1286.453605941709 96.65094299316405 1479.1759106598536 663.7006256103516 -10 -10 -10 -1000 -1000 -1000 -10
1907 21 pedestrian 0 0 -10 736.2243948264137 59.46135771136602 884.5081610943707 491.4239213589988 -10 -10 -10 -1000 -1000 -1000 -10
2000 30 pedestrian 0 0 -10 1258.3236921102314 99.8453399658203 1507.171595975706 740.0843292236327 -10 -10 -10 -1000 -1000 -1000 -10
2003 30 pedestrian 0 0 -10 1257.8480882050148 94.07777613658874 1507.8690748409 737.8618383305457 -10 -10 -10 -1000 -1000 -1000 -10
2004 30 pedestrian 0 0 -10 1256.8253844000692 95.67765900644645 1508.8984551856397 745.745701720902 -10 -10 -10 -1000 -1000 -1000 -10
2005 30 pedestrian 0 0 -10 1248.7845996394335 95.71640036253564 1497.0758991725932 739.0232721348717 -10 -10 -10 -1000 -1000 -1000 -10
2006 30 pedestrian 0 0 -10 1251.209073201881 100.63960695791741 1497.3557269570283 741.3884404224557 -10 -10 -10 -1000 -1000 -1000 -10
2007 30 pedestrian 0 0 -10 1250.3306487129853 97.27596846417197 1499.6005625197977 747.3539755637764 -10 -10 -10 -1000 -1000 -1000 -10
2008 30 pedestrian 0 0 -10 1244.8844727541098 95.01509544730783 1495.7951042482646 750.6314995483599 -10 -10 -10 -1000 -1000 -1000 -10
2009 30 pedestrian 0 0 -10 1249.2689164033263 93.02055039448271 1497.6538301468922 743.272776867137 -10 -10 -10 -1000 -1000 -1000 -10
2028 36 pedestrian 0 0 -10 1260.03142701276 106.94698181152347 1516.9408630263026 789.9118377685547 -10 -10 -10 -1000 -1000 -1000 -10
2029 36 pedestrian 0 0 -10 1270.965893179263 102.74540544083425 1508.0620020519723 733.3369034478133 -10 -10 -10 -1000 -1000 -1000 -10
2030 36 pedestrian 0 0 -10 1273.6296869743605 101.93742656132974 1494.5132087075212 690.676580155585 -10 -10 -10 -1000 -1000 -1000 -10
2030 37 pedestrian 0 0 -10 726.4361761586881 72.23356781005862 902.1436700327181 503.0814437866211 -10 -10 -10 -1000 -1000 -1000 -10
2031 36 pedestrian 0 0 -10 1274.469303285855 105.65173996522674 1479.5273910291285 654.3738207154975 -10 -10 -10 -1000 -1000 -1000 -10
2032 36 pedestrian 0 0 -10 1282.0791920386696 104.86536503830652 1467.9791756394948 604.1548339788542 -10 -10 -10 -1000 -1000 -1000 -10
2032 37 pedestrian 0 0 -10 726.1384390351701 71.33104227631114 902.2403774260594 504.0521668104087 -10 -10 -10 -1000 -1000 -1000 -10
2033 36 pedestrian 0 0 -10 1276.2506120170574 108.19316217278799 1462.4802018245414 608.9957229931018 -10 -10 -10 -1000 -1000 -1000 -10
2034 36 pedestrian 0 0 -10 1272.451317624701 102.639207446603 1463.30121521157 617.6051495562155 -10 -10 -10 -1000 -1000 -1000 -10
2035 36 pedestrian 0 0 -10 1277.79177575075 101.95752821822867 1466.5376027426646 610.5525621961763 -10 -10 -10 -1000 -1000 -1000 -10
2035 37 pedestrian 0 0 -10 700.6384156117946 58.632718326126394 902.1797909501229 556.3791355624812 -10 -10 -10 -1000 -1000 -1000 -10
2036 36 pedestrian 0 0 -10 1272.3948622865892 100.57826040121529 1476.2074623036144 649.6499231457485 -10 -10 -10 -1000 -1000 -1000 -10
2037 36 pedestrian 0 0 -10 1272.1699314359553 98.65825967398041 1486.8432629695858 674.0379070196452 -10 -10 -10 -1000 -1000 -1000 -10
2039 37 pedestrian 0 0 -10 678.1651491712008 16.862334195572032 894.6724395650225 553.1572125155317 -10 -10 -10 -1000 -1000 -1000 -10
2042 36 pedestrian 0 0 -10 1272.4747609357055 104.8518313848071 1492.667993838499 693.4844681622601 -10 -10 -10 -1000 -1000 -1000 -10
2044 36 pedestrian 0 0 -10 1278.8499971860074 101.83772643178293 1497.954779084816 688.7883942574862 -10 -10 -10 -1000 -1000 -1000 -10
2052 38 pedestrian 0 0 -10 1260.3190003476689 105.38507995605471 1496.746087542956 711.5045379638672 -10 -10 -10 -1000 -1000 -1000 -10
2055 38 pedestrian 0 0 -10 1268.2648611879372 97.81628999716668 1510.1160020080679 719.0101554812818 -10 -10 -10 -1000 -1000 -1000 -10
2056 38 pedestrian 0 0 -10 1270.8118932987095 96.45041881972594 1509.9316491449558 709.9316618351668 -10 -10 -10 -1000 -1000 -1000 -10
2057 38 pedestrian 0 0 -10 1264.5054847958168 95.80179430336273 1506.9092179250308 717.1560128646338 -10 -10 -10 -1000 -1000 -1000 -10
2059 38 pedestrian 0 0 -10 1266.7826484482869 99.99185068838773 1500.9185160077736 704.4622096216488 -10 -10 -10 -1000 -1000 -1000 -10
2060 38 pedestrian 0 0 -10 1270.4863101510432 99.50968634816888 1505.8438244981767 712.9329378181247 -10 -10 -10 -1000 -1000 -1000 -10
2061 38 pedestrian 0 0 -10 1267.2203891134407 97.92501484187795 1502.7299272712435 717.3280642016705 -10 -10 -10 -1000 -1000 -1000 -10
2062 38 pedestrian 0 0 -10 1272.684425037064 102.28436452382795 1504.0160308717864 713.896695372385 -10 -10 -10 -1000 -1000 -1000 -10
2063 38 pedestrian 0 0 -10 1273.932265336862 101.11665616056968 1505.3682022733506 715.6274830701952 -10 -10 -10 -1000 -1000 -1000 -10
2066 38 pedestrian 0 0 -10 1291.5348830579144 97.3615650038999 1525.4045334139898 719.4452940863387 -10 -10 -10 -1000 -1000 -1000 -10
2068 38 pedestrian 0 0 -10 1277.4185816054605 103.24544931809174 1512.0789921528228 736.1159287175906 -10 -10 -10 -1000 -1000 -1000 -10
2069 38 pedestrian 0 0 -10 1276.8220219098812 95.86289485023292 1506.32616479048 719.8279609709349 -10 -10 -10 -1000 -1000 -1000 -10
2072 38 pedestrian 0 0 -10 1278.5971114058582 103.86880853708578 1501.873406613179 712.7401746020258 -10 -10 -10 -1000 -1000 -1000 -10
2101 39 pedestrian 0 0 -10 1268.5235611189444 104.41953124999998 1485.9863754044932 681.3291259765625 -10 -10 -10 -1000 -1000 -1000 -10
2102 39 pedestrian 0 0 -10 1270.7197594189724 105.42274417072281 1492.1621641185625 693.5154065932126 -10 -10 -10 -1000 -1000 -1000 -10
2103 39 pedestrian 0 0 -10 1267.984764974268 103.20067594261434 1476.2483751896234 656.2293859983996 -10 -10 -10 -1000 -1000 -1000 -10
2104 39 pedestrian 0 0 -10 1267.9136422592098 99.56713810191866 1469.7945009610587 635.784753736105 -10 -10 -10 -1000 -1000 -1000 -10
2105 39 pedestrian 0 0 -10 1274.7515359333051 101.60934645901273 1460.884212850846 595.204695571788 -10 -10 -10 -1000 -1000 -1000 -10
2106 39 pedestrian 0 0 -10 1267.9605140994981 100.6346403578188 1478.2662936201828 659.0379607210191 -10 -10 -10 -1000 -1000 -1000 -10
2107 39 pedestrian 0 0 -10 1261.8488997914578 98.07863937177086 1487.6309658297541 699.4646404329283 -10 -10 -10 -1000 -1000 -1000 -10
2108 39 pedestrian 0 0 -10 1262.0464424577433 97.73937714078346 1488.709244082283 705.2289610878568 -10 -10 -10 -1000 -1000 -1000 -10
2109 39 pedestrian 0 0 -10 1256.1468271133979 96.68726703543405 1495.068008755331 736.4612674660766 -10 -10 -10 -1000 -1000 -1000 -10
2110 39 pedestrian 0 0 -10 1253.5280944779774 95.34180055096397 1497.9184204032724 748.8898300544586 -10 -10 -10 -1000 -1000 -1000 -10
2111 39 pedestrian 0 0 -10 1250.860824305139 105.41271578134217 1519.2129121781263 817.0422419965959 -10 -10 -10 -1000 -1000 -1000 -10
2112 39 pedestrian 0 0 -10 1247.8261085124645 108.82689830272574 1511.271200560798 806.9215652961946 -10 -10 -10 -1000 -1000 -1000 -10
2129 42 pedestrian 0 0 -10 1243.7191601191123 105.26658325195314 1507.6972461308878 762.7013977050781 -10 -10 -10 -1000 -1000 -1000 -10
2134 42 pedestrian 0 0 -10 1256.1775855493884 107.5076471616623 1508.9797995571248 738.8591286794835 -10 -10 -10 -1000 -1000 -1000 -10
2139 42 pedestrian 0 0 -10 1251.502437917175 107.41346676124539 1501.4481707427171 737.1076913196875 -10 -10 -10 -1000 -1000 -1000 -10
2142 42 pedestrian 0 0 -10 1253.3068628044264 109.84715065476735 1498.2587573954738 734.6661955378754 -10 -10 -10 -1000 -1000 -1000 -10
2150 43 pedestrian 0 0 -10 1266.061604142332 105.0853622436523 1499.5758470295432 700.7311630249023 -10 -10 -10 -1000 -1000 -1000 -10
2152 43 pedestrian 0 0 -10 1266.0754511235436 104.02925223945192 1499.6909346531963 699.2424950233748 -10 -10 -10 -1000 -1000 -1000 -10
2155 43 pedestrian 0 0 -10 1267.158503858961 106.5587281101964 1498.5490751683028 696.2664714306042 -10 -10 -10 -1000 -1000 -1000 -10
2204 46 pedestrian 0 0 -10 1275.9961951751718 98.29202423095703 1478.0297569732656 602.2263626098633 -10 -10 -10 -1000 -1000 -1000 -10
2204 47 pedestrian 0 0 -10 1270.542576312942 100.42176666259763 1484.0732928276832 660.0097061157227 -10 -10 -10 -1000 -1000 -1000 -10
2208 46 pedestrian 0 0 -10 1280.4808256278095 97.3811873415739 1484.3188805886987 605.8019526559315 -10 -10 -10 -1000 -1000 -1000 -10
2209 46 pedestrian 0 0 -10 1270.6220325494878 97.46931838288447 1495.5066163342747 657.5897512157388 -10 -10 -10 -1000 -1000 -1000 -10
2210 46 pedestrian 0 0 -10 1264.9016139971736 95.61100871916295 1501.6677983735779 685.1938497424753 -10 -10 -10 -1000 -1000 -1000 -10
2214 46 pedestrian 0 0 -10 1258.2863094317192 98.13023632155813 1508.300137764984 720.6678790366709 -10 -10 -10 -1000 -1000 -1000 -10
2217 46 pedestrian 0 0 -10 1258.859294342021 100.55276065034946 1507.4177541938554 721.8962647722174 -10 -10 -10 -1000 -1000 -1000 -10
2218 46 pedestrian 0 0 -10 1257.7504030443147 102.6255148338497 1508.2475310378713 728.6050309979883 -10 -10 -10 -1000 -1000 -1000 -10
2219 46 pedestrian 0 0 -10 1259.3378826662954 104.08371747751022 1516.0686122989268 739.6491429837317 -10 -10 -10 -1000 -1000 -1000 -10
2220 46 pedestrian 0 0 -10 1254.4785688644697 102.95033151340527 1515.2222815073667 745.0599193913149 -10 -10 -10 -1000 -1000 -1000 -10
2221 46 pedestrian 0 0 -10 1253.2474370524815 104.33383388910056 1514.174121292687 744.9588178408717 -10 -10 -10 -1000 -1000 -1000 -10
2223 46 pedestrian 0 0 -10 1251.3859047972674 107.52275657060056 1514.9547246974669 753.3848405004657 -10 -10 -10 -1000 -1000 -1000 -10
2233 49 pedestrian 0 0 -10 1242.9859779790434 103.99490356445312 1522.7804770990817 767.0471252441406 -10 -10 -10 -1000 -1000 -1000 -10
2248 50 pedestrian 0 0 -10 1281.8254403969315 91.27356414794923 1486.6819082358809 626.4812057495117 -10 -10 -10 -1000 -1000 -1000 -10
2248 51 pedestrian 0 0 -10 1276.2282676141094 94.80836181640626 1506.362015589016 708.5592163085937 -10 -10 -10 -1000 -1000 -1000 -10
2249 50 pedestrian 0 0 -10 1282.1553130023185 95.11717077792065 1484.170763170215 622.3644523756905 -10 -10 -10 -1000 -1000 -1000 -10
2249 51 pedestrian 0 0 -10 1279.4095701500894 108.17720675170585 1512.0401289168408 727.7391412966796 -10 -10 -10 -1000 -1000 -1000 -10
2250 50 pedestrian 0 0 -10 1275.226221862563 89.56267346140527 1490.3680235987417 650.4007227392947 -10 -10 -10 -1000 -1000 -1000 -10
2250 51 pedestrian 0 0 -10 1273.3988855870728 103.0691784314111 1510.1976771623272 732.8014048985137 -10 -10 -10 -1000 -1000 -1000 -10
2251 50 pedestrian 0 0 -10 1279.9264733187413 102.06829518060226 1495.9397088562018 665.5546719624574 -10 -10 -10 -1000 -1000 -1000 -10
2252 51 pedestrian 0 0 -10 1280.201430961703 108.40910997434048 1512.2806621776563 725.9989327792307 -10 -10 -10 -1000 -1000 -1000 -10
2253 51 pedestrian 0 0 -10 1273.8510894347717 108.32027795876024 1489.2718453186424 683.521335674463 -10 -10 -10 -1000 -1000 -1000 -10
2254 51 pedestrian 0 0 -10 1270.662343818523 104.78109829576113 1482.9329142449756 673.1502432509615 -10 -10 -10 -1000 -1000 -1000 -10
2255 51 pedestrian 0 0 -10 1274.7722110588809 104.03489937816443 1485.4984502842522 669.4166724099136 -10 -10 -10 -1000 -1000 -1000 -10
2256 51 pedestrian 0 0 -10 1276.2900353291823 102.96980462532383 1486.605859590172 669.2726568568421 -10 -10 -10 -1000 -1000 -1000 -10
2256 54 pedestrian 0 0 -10 1275.7580617708395 98.85321960449221 1476.0918405729103 644.1396942138672 -10 -10 -10 -1000 -1000 -1000 -10
2258 51 pedestrian 0 0 -10 1269.5942974362326 101.54924439550524 1483.6160260421564 681.2305856090695 -10 -10 -10 -1000 -1000 -1000 -10
2259 51 pedestrian 0 0 -10 1272.9214039403687 96.9942589746471 1487.5454880613029 679.236755911783 -10 -10 -10 -1000 -1000 -1000 -10
2260 51 pedestrian 0 0 -10 1277.314338603644 94.1901689705204 1486.0172046133562 660.8855011711238 -10 -10 -10 -1000 -1000 -1000 -10
2261 51 pedestrian 0 0 -10 1277.6224715892417 97.0067419661205 1477.115328155019 640.8160533333528 -10 -10 -10 -1000 -1000 -1000 -10
2262 51 pedestrian 0 0 -10 1279.4668573220802 101.43931070440573 1472.7342004475602 630.1014637524509 -10 -10 -10 -1000 -1000 -1000 -10
2263 51 pedestrian 0 0 -10 1280.6681146906278 99.0124910863288 1470.6755811509252 621.1652961294776 -10 -10 -10 -1000 -1000 -1000 -10
2264 51 pedestrian 0 0 -10 1278.8291481652727 95.86096586552611 1472.2851160736268 629.8067345828508 -10 -10 -10 -1000 -1000 -1000 -10
2265 51 pedestrian 0 0 -10 1278.321273473049 94.36663908319565 1472.611654012729 633.6043558645907 -10 -10 -10 -1000 -1000 -1000 -10
2266 51 pedestrian 0 0 -10 1276.9389103111278 89.5531278843585 1473.9425259980806 639.4837380565473 -10 -10 -10 -1000 -1000 -1000 -10
2267 51 pedestrian 0 0 -10 1274.8926716784488 87.40981495915958 1476.0136302458707 651.5416524302485 -10 -10 -10 -1000 -1000 -1000 -10
2268 51 pedestrian 0 0 -10 1274.209608553507 86.064409173981 1476.6419100394505 656.8423217097977 -10 -10 -10 -1000 -1000 -1000 -10
2269 51 pedestrian 0 0 -10 1277.3481800545992 86.72995829456437 1482.5415956991221 667.0884899448108 -10 -10 -10 -1000 -1000 -1000 -10
2270 51 pedestrian 0 0 -10 1278.1258852186966 94.35816508622997 1475.793204635877 654.0913710285386 -10 -10 -10 -1000 -1000 -1000 -10
2271 51 pedestrian 0 0 -10 1279.6717576622823 95.96472957332304 1472.2783368497085 641.1260740553967 -10 -10 -10 -1000 -1000 -1000 -10
2272 51 pedestrian 0 0 -10 1275.6095262578565 89.74467620758156 1475.5920607645717 652.5502909661166 -10 -10 -10 -1000 -1000 -1000 -10
2273 51 pedestrian 0 0 -10 1276.7639128343849 92.09495052419544 1483.534220623025 670.7245132323335 -10 -10 -10 -1000 -1000 -1000 -10
2274 51 pedestrian 0 0 -10 1277.2148811864029 93.24852601853672 1477.5095634814954 649.6791709927966 -10 -10 -10 -1000 -1000 -1000 -10
2275 51 pedestrian 0 0 -10 1271.9139923800142 91.99595320328581 1471.019972387114 643.0200335590538 -10 -10 -10 -1000 -1000 -1000 -10
2276 51 pedestrian 0 0 -10 1274.1010730604262 90.83386539989908 1473.725948367315 641.3584180771096 -10 -10 -10 -1000 -1000 -1000 -10
2277 51 pedestrian 0 0 -10 1275.712829859839 93.73686237025305 1474.1159700629905 637.5958916403326 -10 -10 -10 -1000 -1000 -1000 -10
2278 51 pedestrian 0 0 -10 1274.8496843214778 96.29195173723605 1475.7597782296525 644.0258953979801 -10 -10 -10 -1000 -1000 -1000 -10
2279 51 pedestrian 0 0 -10 1276.8628372230917 100.11849716519305 1473.9962701099416 634.4288968512996 -10 -10 -10 -1000 -1000 -1000 -10
2280 51 pedestrian 0 0 -10 1276.0995136343233 101.24429620607754 1475.198443850433 640.5704847193554 -10 -10 -10 -1000 -1000 -1000 -10
2281 51 pedestrian 0 0 -10 1286.523485378192 104.01799733442002 1464.5565164796221 584.2023911249842 -10 -10 -10 -1000 -1000 -1000 -10
2282 51 pedestrian 0 0 -10 1289.7687867476295 102.49350810656878 1461.49933643263 564.6514010629268 -10 -10 -10 -1000 -1000 -1000 -10
2283 51 pedestrian 0 0 -10 1279.058541291111 101.76796226780874 1481.94458723113 646.0262176892566 -10 -10 -10 -1000 -1000 -1000 -10
2284 51 pedestrian 0 0 -10 1271.4509073054705 98.85573518263448 1483.9348451937778 667.1211576716521 -10 -10 -10 -1000 -1000 -1000 -10
2285 51 pedestrian 0 0 -10 1270.1477026626137 95.5125064538417 1491.8467116761756 686.9896886029144 -10 -10 -10 -1000 -1000 -1000 -10
2287 51 pedestrian 0 0 -10 1267.3860187095702 98.65428260936187 1497.8497814558682 713.3090711043515 -10 -10 -10 -1000 -1000 -1000 -10
2288 51 pedestrian 0 0 -10 1269.9776380935223 99.38903258214117 1505.233497320347 727.8913667397173 -10 -10 -10 -1000 -1000 -1000 -10
2289 51 pedestrian 0 0 -10 1267.2635221383944 100.30241214249338 1502.5547887547689 732.5349755433041 -10 -10 -10 -1000 -1000 -1000 -10
2290 51 pedestrian 0 0 -10 1272.1610466107854 100.10434084879574 1504.4633581986852 725.2170111966657 -10 -10 -10 -1000 -1000 -1000 -10
2291 51 pedestrian 0 0 -10 1273.3654154919175 99.21985420460612 1496.6467429906581 704.4358308135721 -10 -10 -10 -1000 -1000 -1000 -10
2292 51 pedestrian 0 0 -10 1273.288090118502 101.33051704729502 1494.2932870120712 703.1616602811443 -10 -10 -10 -1000 -1000 -1000 -10
2292 58 pedestrian 0 0 -10 1283.3037162954968 104.4034362792969 1468.1219428841905 584.8509765625 -10 -10 -10 -1000 -1000 -1000 -10
2293 51 pedestrian 0 0 -10 1278.2931120263213 105.69780653012958 1488.248389273821 680.1343780314062 -10 -10 -10 -1000 -1000 -1000 -10
2294 51 pedestrian 0 0 -10 1279.5574947852886 105.2419956596338 1486.6252506320022 673.5185863640716 -10 -10 -10 -1000 -1000 -1000 -10
2295 51 pedestrian 0 0 -10 1280.246974817258 104.9898205762209 1485.7088784539715 671.1957519929811 -10 -10 -10 -1000 -1000 -1000 -10
2296 51 pedestrian 0 0 -10 1280.1315443581518 107.03484845693788 1485.7628655002607 677.3516493879278 -10 -10 -10 -1000 -1000 -1000 -10
2300 51 pedestrian 0 0 -10 1277.7886739847024 106.61206983358011 1487.8589999827188 694.6039310357637 -10 -10 -10 -1000 -1000 -1000 -10
2305 51 pedestrian 0 0 -10 1276.8004606576399 98.89542295667826 1502.0957823687581 730.6298545923687 -10 -10 -10 -1000 -1000 -1000 -10
2306 51 pedestrian 0 0 -10 1275.8729943634019 100.93367780767574 1503.9724520976963 740.2974262717274 -10 -10 -10 -1000 -1000 -1000 -10
2307 51 pedestrian 0 0 -10 1278.1826409762816 97.50232773241152 1511.3384730498635 747.9989499972041 -10 -10 -10 -1000 -1000 -1000 -10
2308 51 pedestrian 0 0 -10 1275.0901101242969 99.25445410664202 1499.753924568829 729.3030177021946 -10 -10 -10 -1000 -1000 -1000 -10
2309 51 pedestrian 0 0 -10 1280.8853112534694 98.26819485357856 1506.7838026900204 732.8184260390356 -10 -10 -10 -1000 -1000 -1000 -10
2310 51 pedestrian 0 0 -10 1279.7632975820222 100.87871759980379 1503.2816354655195 731.1268865939142 -10 -10 -10 -1000 -1000 -1000 -10
2311 51 pedestrian 0 0 -10 1283.0684634185036 101.15929072482925 1507.7735175057735 731.0113710143944 -10 -10 -10 -1000 -1000 -1000 -10
2312 51 pedestrian 0 0 -10 1285.6221922580178 101.67977328821974 1508.0122755462999 721.0999050580582 -10 -10 -10 -1000 -1000 -1000 -10
2315 51 pedestrian 0 0 -10 1297.4923981216612 101.10491418727321 1485.0924770474655 620.9253510357107 -10 -10 -10 -1000 -1000 -1000 -10
2316 51 pedestrian 0 0 -10 1294.5902280214955 103.08405478291508 1486.005521011535 634.0323702700057 -10 -10 -10 -1000 -1000 -1000 -10
2317 51 pedestrian 0 0 -10 1283.8772626350576 102.49397941255359 1496.055424349068 696.1646699336023 -10 -10 -10 -1000 -1000 -1000 -10
2318 51 pedestrian 0 0 -10 1287.5881461105384 99.50867760942424 1510.3925018604525 720.8528319473611 -10 -10 -10 -1000 -1000 -1000 -10
2324 51 pedestrian 0 0 -10 1317.5330155298552 96.46658901709333 1543.463319158903 709.5151149028582 -10 -10 -10 -1000 -1000 -1000 -10
2325 51 pedestrian 0 0 -10 1312.1507493820836 97.16468934038443 1543.7094326826984 716.7718579825157 -10 -10 -10 -1000 -1000 -1000 -10
2328 59 pedestrian 0 0 -10 1281.2421198617099 92.47036132812502 1561.264276622665 733.16689453125 -10 -10 -10 -1000 -1000 -1000 -10
2332 59 pedestrian 0 0 -10 1261.3145784928618 93.03626547969594 1548.205434804978 751.5659816915522 -10 -10 -10 -1000 -1000 -1000 -10
2355 61 pedestrian 0 0 -10 1258.7198400686127 91.89232635498047 1478.135213642325 634.0398849487304 -10 -10 -10 -1000 -1000 -1000 -10
2356 61 pedestrian 0 0 -10 1251.200027512185 88.41349138935846 1474.9962025932234 642.0561128692779 -10 -10 -10 -1000 -1000 -1000 -10
2357 61 pedestrian 0 0 -10 1255.450223588627 90.05634265491176 1478.1732301595478 641.9043634703982 -10 -10 -10 -1000 -1000 -1000 -10
2358 61 pedestrian 0 0 -10 1263.001609329941 93.73801448157542 1473.5239983244012 617.1028557046691 -10 -10 -10 -1000 -1000 -1000 -10
2359 61 pedestrian 0 0 -10 1265.8577600008687 100.28938906991601 1471.7590734865644 614.40791013065 -10 -10 -10 -1000 -1000 -1000 -10
2360 61 pedestrian 0 0 -10 1266.5023419649478 98.82924732432224 1481.2873306943577 637.5753759367926 -10 -10 -10 -1000 -1000 -1000 -10
2361 61 pedestrian 0 0 -10 1265.9555776851482 102.72327830986706 1475.9349444691356 631.4229968578192 -10 -10 -10 -1000 -1000 -1000 -10
2362 61 pedestrian 0 0 -10 1263.1830483230403 103.05706496186025 1476.1688871569831 639.9860559881115 -10 -10 -10 -1000 -1000 -1000 -10
2363 61 pedestrian 0 0 -10 1268.526559995617 97.4328908517632 1479.1779037074134 629.1987120426484 -10 -10 -10 -1000 -1000 -1000 -10
2364 61 pedestrian 0 0 -10 1272.2654615425838 95.63245131997712 1478.6564738250947 615.2791526484829 -10 -10 -10 -1000 -1000 -1000 -10
2365 61 pedestrian 0 0 -10 1269.2790685210366 94.72919593934483 1492.2682306681788 658.4877613213159 -10 -10 -10 -1000 -1000 -1000 -10
2366 61 pedestrian 0 0 -10 1264.2577692790762 90.43635711852659 1492.1212938545284 668.734145759164 -10 -10 -10 -1000 -1000 -1000 -10
2367 61 pedestrian 0 0 -10 1267.5523317451032 88.46255517851546 1486.6466099890765 645.0892458084439 -10 -10 -10 -1000 -1000 -1000 -10
2368 61 pedestrian 0 0 -10 1265.5571140833038 83.40765105723392 1487.2972691193363 649.1266571456739 -10 -10 -10 -1000 -1000 -1000 -10
2369 61 pedestrian 0 0 -10 1264.296249826155 89.44817620707693 1488.167870844222 661.5890606540745 -10 -10 -10 -1000 -1000 -1000 -10
2370 61 pedestrian 0 0 -10 1264.7283985663883 88.40862069735317 1487.4698796542423 660.219353150836 -10 -10 -10 -1000 -1000 -1000 -10
2371 61 pedestrian 0 0 -10 1266.1323723654082 86.02985690579959 1486.3551430171585 652.1673598509708 -10 -10 -10 -1000 -1000 -1000 -10
2372 61 pedestrian 0 0 -10 1267.8244796611307 86.89673285587361 1493.686553711189 666.2130680642806 -10 -10 -10 -1000 -1000 -1000 -10
2374 61 pedestrian 0 0 -10 1268.6163156193545 92.9640909141396 1496.7727688508378 677.9560776457183 -10 -10 -10 -1000 -1000 -1000 -10
2383 62 pedestrian 0 0 -10 1271.0363401159962 82.28219604492188 1491.4952272668163 658.1889099121094 -10 -10 -10 -1000 -1000 -1000 -10
2384 62 pedestrian 0 0 -10 1270.1118976456855 84.2448707776121 1494.6762630874546 671.1735368494617 -10 -10 -10 -1000 -1000 -1000 -10
2385 62 pedestrian 0 0 -10 1269.529652893003 83.84850609111675 1496.2324778960765 676.8954868156729 -10 -10 -10 -1000 -1000 -1000 -10
2386 62 pedestrian 0 0 -10 1268.8211545002744 85.01905132922053 1486.7489332530677 655.919896687973 -10 -10 -10 -1000 -1000 -1000 -10
2387 62 pedestrian 0 0 -10 1268.2730064568605 81.53377396885344 1493.9645434085833 673.1809672278358 -10 -10 -10 -1000 -1000 -1000 -10
2388 62 pedestrian 0 0 -10 1270.2524721854106 80.79623135098734 1494.2981467247805 668.6118347190796 -10 -10 -10 -1000 -1000 -1000 -10
2389 62 pedestrian 0 0 -10 1272.8141742587725 85.0614556254539 1492.5338218352774 662.3205735502934 -10 -10 -10 -1000 -1000 -1000 -10
2390 62 pedestrian 0 0 -10 1273.135357388545 87.41169528695593 1483.0879160342945 639.6202365830858 -10 -10 -10 -1000 -1000 -1000 -10
2391 62 pedestrian 0 0 -10 1269.0057579003706 86.3676426544759 1483.8283903333052 652.8988747123262 -10 -10 -10 -1000 -1000 -1000 -10
2392 62 pedestrian 0 0 -10 1270.811882651323 89.46949682644691 1480.9408419751512 644.5732135053704 -10 -10 -10 -1000 -1000 -1000 -10
2393 62 pedestrian 0 0 -10 1270.3610287131391 87.5433596088767 1480.8496525631565 644.4994681352953 -10 -10 -10 -1000 -1000 -1000 -10
2394 62 pedestrian 0 0 -10 1271.626652215209 85.84492265649482 1479.5841962401914 636.0833687076531 -10 -10 -10 -1000 -1000 -1000 -10
2395 62 pedestrian 0 0 -10 1270.9589523365196 86.86414573972439 1480.0598236000449 640.9410426023876 -10 -10 -10 -1000 -1000 -1000 -10
2396 62 pedestrian 0 0 -10 1274.1329248811853 86.92989466443754 1477.0776319482961 624.2203521616623 -10 -10 -10 -1000 -1000 -1000 -10
2397 62 pedestrian 0 0 -10 1269.7335317836835 85.88762372494136 1481.6144774240115 647.7264767409555 -10 -10 -10 -1000 -1000 -1000 -10
2398 62 pedestrian 0 0 -10 1272.7006717368843 85.43693150121857 1487.6196959805668 656.2529684769545 -10 -10 -10 -1000 -1000 -1000 -10
2399 62 pedestrian 0 0 -10 1272.747645815831 88.51005585576945 1482.3159832100089 647.0116759414908 -10 -10 -10 -1000 -1000 -1000 -10
2400 62 pedestrian 0 0 -10 1269.9054814270507 86.84514067054164 1483.0272770707463 655.8139505141669 -10 -10 -10 -1000 -1000 -1000 -10
2401 62 pedestrian 0 0 -10 1271.4000854821218 85.605518264453 1489.7271568225274 668.8400096216408 -10 -10 -10 -1000 -1000 -1000 -10
2402 62 pedestrian 0 0 -10 1271.6881754294718 84.3271736091524 1492.437014157458 674.695642575165 -10 -10 -10 -1000 -1000 -1000 -10
2403 62 pedestrian 0 0 -10 1274.8554438207675 87.58784716047217 1490.316568374906 663.8326455717871 -10 -10 -10 -1000 -1000 -1000 -10
2404 62 pedestrian 0 0 -10 1270.8411348004477 86.71738546267909 1485.747094575952 661.5074792753579 -10 -10 -10 -1000 -1000 -1000 -10
2405 62 pedestrian 0 0 -10 1268.9529219341898 85.3801585730103 1484.2450030438927 661.7752191577031 -10 -10 -10 -1000 -1000 -1000 -10
2406 62 pedestrian 0 0 -10 1269.9399045270386 88.74904385455557 1482.1490145654789 657.7990789176212 -10 -10 -10 -1000 -1000 -1000 -10
2407 62 pedestrian 0 0 -10 1274.7840655522211 90.35988227078451 1486.0115867771426 656.0741986327074 -10 -10 -10 -1000 -1000 -1000 -10
2409 62 pedestrian 0 0 -10 1271.4456824742124 90.89681603596375 1482.3530941814106 655.2484072619524 -10 -10 -10 -1000 -1000 -1000 -10
2410 62 pedestrian 0 0 -10 1272.7310940623968 91.5663493852253 1479.5081562251635 644.9361104764648 -10 -10 -10 -1000 -1000 -1000 -10
2411 62 pedestrian 0 0 -10 1278.2731224601926 88.75303434753675 1482.5673031398308 634.9737462612021 -10 -10 -10 -1000 -1000 -1000 -10
2412 62 pedestrian 0 0 -10 1277.4496835583127 92.57856125277937 1477.433503456121 626.4330270895875 -10 -10 -10 -1000 -1000 -1000 -10
2413 62 pedestrian 0 0 -10 1276.7180678795999 93.67457480103286 1475.6509823647589 623.6834752626464 -10 -10 -10 -1000 -1000 -1000 -10
2414 62 pedestrian 0 0 -10 1275.914017943003 92.82284082920233 1475.7360980017659 623.9783494740777 -10 -10 -10 -1000 -1000 -1000 -10
2415 62 pedestrian 0 0 -10 1272.3896250687574 92.87376942376346 1479.191778908474 642.6259722429768 -10 -10 -10 -1000 -1000 -1000 -10
2418 62 pedestrian 0 0 -10 1279.9714016593903 97.18156541304023 1483.2535810855693 635.416290451647 -10 -10 -10 -1000 -1000 -1000 -10
2421 62 pedestrian 0 0 -10 1291.0065743532914 96.24055045567661 1487.0012406201013 611.6160342336754 -10 -10 -10 -1000 -1000 -1000 -10
2425 62 pedestrian 0 0 -10 1292.4860157909875 95.5464081261056 1488.1977959764918 607.3496158390797 -10 -10 -10 -1000 -1000 -1000 -10
2426 62 pedestrian 0 0 -10 1291.7895696564158 94.67301443270526 1488.9087361488982 607.9321335326248 -10 -10 -10 -1000 -1000 -1000 -10
2427 62 pedestrian 0 0 -10 1291.172780752468 94.22574079454688 1489.3548264954024 608.4364869041874 -10 -10 -10 -1000 -1000 -1000 -10
2428 62 pedestrian 0 0 -10 1287.7355820780997 97.33336955906015 1483.5958523574288 605.3855454217335 -10 -10 -10 -1000 -1000 -1000 -10
2429 62 pedestrian 0 0 -10 1289.5574347827142 95.50825426103683 1487.3079565458524 607.3451677861794 -10 -10 -10 -1000 -1000 -1000 -10
2430 62 pedestrian 0 0 -10 1290.4600750935767 96.2884833467121 1488.4421826296266 606.6276888177379 -10 -10 -10 -1000 -1000 -1000 -10
2432 62 pedestrian 0 0 -10 1289.6536708871215 97.7561835962577 1490.0682392842305 616.1627991734545 -10 -10 -10 -1000 -1000 -1000 -10
2444 63 pedestrian 0 0 -10 721.2377351800211 62.343140411376936 907.6240934332602 539.1063972473145 -10 -10 -10 -1000 -1000 -1000 -10
2444 64 pedestrian 0 0 -10 1274.5548946954168 94.84529266357424 1477.118493976458 628.6692794799804 -10 -10 -10 -1000 -1000 -1000 -10
2445 63 pedestrian 0 0 -10 720.1213382563259 60.09594047607101 908.9787475532885 543.2581962167362 -10 -10 -10 -1000 -1000 -1000 -10
2446 63 pedestrian 0 0 -10 711.8145095745128 58.8020488913302 906.0922123310636 556.2223445735125 -10 -10 -10 -1000 -1000 -1000 -10
2446 64 pedestrian 0 0 -10 1268.1865011702018 92.98993070645162 1470.428909057359 625.2230938282364 -10 -10 -10 -1000 -1000 -1000 -10
2447 63 pedestrian 0 0 -10 702.520002125967 56.817565638564304 911.7936888187265 593.3684309794457 -10 -10 -10 -1000 -1000 -1000 -10
2447 64 pedestrian 0 0 -10 1270.8801618542593 97.44117051515889 1465.748161930579 609.0167858204077 -10 -10 -10 -1000 -1000 -1000 -10
2448 63 pedestrian 0 0 -10 691.9048902594233 59.02838815301345 911.5284296557794 622.4660635161976 -10 -10 -10 -1000 -1000 -1000 -10
2448 64 pedestrian 0 0 -10 1274.9350741587548 98.98613135915997 1471.7354417220638 614.5533133039478 -10 -10 -10 -1000 -1000 -1000 -10
2450 64 pedestrian 0 0 -10 1274.7610537512 94.51623179075455 1476.17243174665 621.7699955824489 -10 -10 -10 -1000 -1000 -1000 -10
2451 64 pedestrian 0 0 -10 1272.1098570358713 93.69919570731315 1489.1925827662744 663.0311464172992 -10 -10 -10 -1000 -1000 -1000 -10
2452 64 pedestrian 0 0 -10 1275.3781720467148 89.99558893749548 1489.497114411264 652.5294921210384 -10 -10 -10 -1000 -1000 -1000 -10
2453 64 pedestrian 0 0 -10 1276.4533689867883 87.9745514284686 1489.62108337229 648.5116617075794 -10 -10 -10 -1000 -1000 -1000 -10
2453 65 pedestrian 0 0 -10 915.6889893923578 19.3065185546875 1054.2561766232673 370.43828125 -10 -10 -10 -1000 -1000 -1000 -10
2454 64 pedestrian 0 0 -10 1275.2469104055383 92.1777573617083 1491.2737572925387 660.8222909097335 -10 -10 -10 -1000 -1000 -1000 -10
2454 65 pedestrian 0 0 -10 899.9979365592341 26.831219822328222 1037.1397881765138 373.8067083961565 -10 -10 -10 -1000 -1000 -1000 -10
2455 64 pedestrian 0 0 -10 1278.5942829637336 92.88555807635345 1479.1026910238472 619.5099905391899 -10 -10 -10 -1000 -1000 -1000 -10
2455 65 pedestrian 0 0 -10 884.2454308044588 14.642093752759564 1041.5437964704058 412.42352808812007 -10 -10 -10 -1000 -1000 -1000 -10
2456 64 pedestrian 0 0 -10 1277.2559500965317 95.12997440749149 1476.828400512077 620.336237025904 -10 -10 -10 -1000 -1000 -1000 -10
2456 65 pedestrian 0 0 -10 878.6998925755559 8.951817925583185 1044.0344286060858 426.328398259775 -10 -10 -10 -1000 -1000 -1000 -10
2457 65 pedestrian 0 0 -10 875.4297972639079 -1.9789123967138096 1046.9738491404544 430.04518532896793 -10 -10 -10 -1000 -1000 -1000 -10
2458 65 pedestrian 0 0 -10 853.3444398264545 -8.241702427749601 1041.154181001812 461.35956646233797 -10 -10 -10 -1000 -1000 -1000 -10
2459 65 pedestrian 0 0 -10 824.3436223380729 -7.590213150446175 1031.9947109085838 506.7213594726212 -10 -10 -10 -1000 -1000 -1000 -10
2459 64 pedestrian 0 0 -10 1277.2479947853008 83.7483269206187 1486.7430213702355 633.3376480536695 -10 -10 -10 -1000 -1000 -1000 -10
2460 65 pedestrian 0 0 -10 786.0135537194523 -6.2851861265911 1037.4722657626842 613.7403982282083 -10 -10 -10 -1000 -1000 -1000 -10
2461 65 pedestrian 0 0 -10 734.341156934541 -7.371197834708255 1050.3084174992673 777.3783697423733 -10 -10 -10 -1000 -1000 -1000 -10
2462 65 pedestrian 0 0 -10 727.7659016385538 -5.644675530022596 1024.1467539730643 728.4937747456818 -10 -10 -10 -1000 -1000 -1000 -10
2463 65 pedestrian 0 0 -10 687.954240846384 -3.996583075706212 1014.4250236221775 807.8641149242833 -10 -10 -10 -1000 -1000 -1000 -10
2529 71 pedestrian 0 0 -10 1287.5600304920367 95.94110107421875 1466.7126501720256 564.837158203125 -10 -10 -10 -1000 -1000 -1000 -10
2530 71 pedestrian 0 0 -10 1285.2491766572991 92.47401040618394 1467.084121756972 568.3405362587457 -10 -10 -10 -1000 -1000 -1000 -10
2534 71 pedestrian 0 0 -10 1282.6994642261743 94.17689082666578 1468.5761322633884 580.4049509275455 -10 -10 -10 -1000 -1000 -1000 -10
2535 71 pedestrian 0 0 -10 1273.5328547721783 94.34823853717955 1467.8356445560569 601.7088959214722 -10 -10 -10 -1000 -1000 -1000 -10
2536 71 pedestrian 0 0 -10 1275.1650180094978 94.36127555679917 1472.1569800652758 608.3572756739918 -10 -10 -10 -1000 -1000 -1000 -10
2537 71 pedestrian 0 0 -10 1276.2453764371637 96.26869171966717 1473.5380188273182 608.9370015398581 -10 -10 -10 -1000 -1000 -1000 -10
2538 71 pedestrian 0 0 -10 1277.860532827565 95.42482066693756 1472.8456015359368 600.8967894567644 -10 -10 -10 -1000 -1000 -1000 -10
2539 71 pedestrian 0 0 -10 1277.7139929424943 97.43346973878226 1473.5954570092113 605.1648480793846 -10 -10 -10 -1000 -1000 -1000 -10
2540 71 pedestrian 0 0 -10 1276.8072923799396 96.2981723447462 1474.4482107449883 608.2048133309861 -10 -10 -10 -1000 -1000 -1000 -10
2541 71 pedestrian 0 0 -10 1276.6001802364303 95.62264199471275 1474.6583373630892 609.4743105988734 -10 -10 -10 -1000 -1000 -1000 -10
2542 71 pedestrian 0 0 -10 1277.1068337093523 97.16800464128949 1474.1000561412045 607.97344640474 -10 -10 -10 -1000 -1000 -1000 -10
2543 71 pedestrian 0 0 -10 1276.9523725608344 96.74682513177709 1474.3746767438604 608.4008598174291 -10 -10 -10 -1000 -1000 -1000 -10
2544 71 pedestrian 0 0 -10 1276.476839382831 95.86428553295929 1474.7736801487301 609.264513099323 -10 -10 -10 -1000 -1000 -1000 -10
2545 71 pedestrian 0 0 -10 1278.918882770012 98.20030252188315 1472.4534671729746 597.3251617450228 -10 -10 -10 -1000 -1000 -1000 -10
2546 71 pedestrian 0 0 -10 1276.730490064869 96.12601076881387 1474.6880200938265 605.1785654785342 -10 -10 -10 -1000 -1000 -1000 -10
2547 71 pedestrian 0 0 -10 1275.8461852987682 94.66405095720432 1475.6817065623288 608.316552174886 -10 -10 -10 -1000 -1000 -1000 -10
2548 71 pedestrian 0 0 -10 1272.8363506592757 91.98918964411365 1478.5752104616026 621.0867392616437 -10 -10 -10 -1000 -1000 -1000 -10
2549 71 pedestrian 0 0 -10 1275.3895404072687 87.90327600450115 1485.1089375766865 628.811034176101 -10 -10 -10 -1000 -1000 -1000 -10
2551 71 pedestrian 0 0 -10 1273.4170974508909 86.24823907056987 1480.562562944949 621.271394296558 -10 -10 -10 -1000 -1000 -1000 -10
2552 71 pedestrian 0 0 -10 1273.427187240437 87.15005173353421 1478.9586107900452 617.9821352968245 -10 -10 -10 -1000 -1000 -1000 -10
2566 72 pedestrian 0 0 -10 1275.2069051381936 99.93374938964843 1476.6517374399316 651.764437866211 -10 -10 -10 -1000 -1000 -1000 -10
2567 72 pedestrian 0 0 -10 1274.4874085437739 96.26049843061577 1477.1970203984756 651.3910682448281 -10 -10 -10 -1000 -1000 -1000 -10
2568 72 pedestrian 0 0 -10 1268.0512271001287 93.06591703146938 1472.5559898813299 653.0270413298233 -10 -10 -10 -1000 -1000 -1000 -10
2569 72 pedestrian 0 0 -10 1269.5845464223971 91.18636233009357 1467.7607821783652 633.2204320277863 -10 -10 -10 -1000 -1000 -1000 -10
2571 72 pedestrian 0 0 -10 1279.557087278437 95.234785644797 1468.5869882777492 609.3904770687402 -10 -10 -10 -1000 -1000 -1000 -10
2572 72 pedestrian 0 0 -10 1278.241857920052 97.65472495146054 1472.4554319382491 624.4015636179388 -10 -10 -10 -1000 -1000 -1000 -10
2573 72 pedestrian 0 0 -10 1273.3861867256467 95.68522154946572 1468.1704935752734 622.1375498458298 -10 -10 -10 -1000 -1000 -1000 -10
2574 72 pedestrian 0 0 -10 1266.3667023653968 93.73191239513284 1462.4573387923333 622.9249944254602 -10 -10 -10 -1000 -1000 -1000 -10
2575 72 pedestrian 0 0 -10 1267.4457925739175 98.49654688066121 1457.0163470936716 608.3377789435536 -10 -10 -10 -1000 -1000 -1000 -10
2576 72 pedestrian 0 0 -10 1282.910959275385 97.16536130255946 1478.136233418337 615.7946642058873 -10 -10 -10 -1000 -1000 -1000 -10
2577 72 pedestrian 0 0 -10 1285.2877052024064 89.90592611117825 1489.1555491501126 625.1819906626987 -10 -10 -10 -1000 -1000 -1000 -10
2578 72 pedestrian 0 0 -10 1285.8055617206417 93.9586744716841 1484.0210322848648 612.6719752911761 -10 -10 -10 -1000 -1000 -1000 -10
2579 72 pedestrian 0 0 -10 1280.0033047268257 83.9396877435729 1487.8574055974073 629.185039504591 -10 -10 -10 -1000 -1000 -1000 -10
2580 72 pedestrian 0 0 -10 1272.3851709406308 88.23097319958907 1485.2854927019043 646.0016659848113 -10 -10 -10 -1000 -1000 -1000 -10
2581 72 pedestrian 0 0 -10 1271.1558642413231 87.09692060998435 1473.558405767756 618.0872029261959 -10 -10 -10 -1000 -1000 -1000 -10
2627 74 pedestrian 0 0 -10 1286.6196526885958 92.66777954101565 1464.4144537567163 599.0684753417969 -10 -10 -10 -1000 -1000 -1000 -10
2676 76 pedestrian 0 0 -10 1279.3254703229732 95.26386871337888 1460.9252376848392 599.1913589477539 -10 -10 -10 -1000 -1000 -1000 -10
2677 76 pedestrian 0 0 -10 1274.7408459042729 94.82050315872146 1463.270185637608 617.4184207398657 -10 -10 -10 -1000 -1000 -1000 -10
2678 76 pedestrian 0 0 -10 1275.9310683200492 97.15049673179982 1461.2762198968726 610.1137241872007 -10 -10 -10 -1000 -1000 -1000 -10
2679 76 pedestrian 0 0 -10 1277.8318862140907 96.57984315589007 1459.0342145403345 597.601033601519 -10 -10 -10 -1000 -1000 -1000 -10
2680 76 pedestrian 0 0 -10 1275.4233356790526 98.38140419920558 1461.6825533737747 612.3435272044629 -10 -10 -10 -1000 -1000 -1000 -10
2681 76 pedestrian 0 0 -10 1274.152697094417 98.12353795890124 1463.0431898653226 618.054496382151 -10 -10 -10 -1000 -1000 -1000 -10
2682 76 pedestrian 0 0 -10 1277.9155539245705 100.1083481275341 1459.2379801061475 598.4797472033548 -10 -10 -10 -1000 -1000 -1000 -10
2683 76 pedestrian 0 0 -10 1274.550088626487 97.96300857645707 1462.5298012816625 613.5307517323688 -10 -10 -10 -1000 -1000 -1000 -10
2684 76 pedestrian 0 0 -10 1282.0535696679071 98.87900054032494 1464.261075904914 598.0896943359944 -10 -10 -10 -1000 -1000 -1000 -10
2685 76 pedestrian 0 0 -10 1286.4903083812878 99.8191083192932 1463.321573118039 581.7617204741325 -10 -10 -10 -1000 -1000 -1000 -10
2686 76 pedestrian 0 0 -10 1281.3744532949345 99.81038648263663 1460.5852976902966 586.1206692526573 -10 -10 -10 -1000 -1000 -1000 -10
2687 76 pedestrian 0 0 -10 1278.2326728634087 97.55042365559578 1460.5337344355137 589.8669642971768 -10 -10 -10 -1000 -1000 -1000 -10
2688 76 pedestrian 0 0 -10 1275.234501238542 96.71924816212041 1462.5129818189973 600.5948582073596 -10 -10 -10 -1000 -1000 -1000 -10
2689 76 pedestrian 0 0 -10 1275.573752607593 96.6663638112982 1461.628877197751 595.0235185829117 -10 -10 -10 -1000 -1000 -1000 -10
2690 76 pedestrian 0 0 -10 1275.7379117073624 96.94704407537284 1461.4510794735127 592.6593318302525 -10 -10 -10 -1000 -1000 -1000 -10
2691 76 pedestrian 0 0 -10 1274.9995799837943 95.77608030996217 1462.110770132199 593.1701222643568 -10 -10 -10 -1000 -1000 -1000 -10
2692 76 pedestrian 0 0 -10 1272.4195255121288 94.00256353377691 1464.977599783637 603.8916611103851 -10 -10 -10 -1000 -1000 -1000 -10
2693 76 pedestrian 0 0 -10 1275.7646181526416 93.96532964294431 1470.675924662616 607.2960114718967 -10 -10 -10 -1000 -1000 -1000 -10
2694 76 pedestrian 0 0 -10 1275.8765917025619 95.19441727930416 1474.24772976027 616.9124504711134 -10 -10 -10 -1000 -1000 -1000 -10
2695 76 pedestrian 0 0 -10 1273.5326659730852 94.50470282737984 1477.8857557054043 630.9228199776419 -10 -10 -10 -1000 -1000 -1000 -10
2696 76 pedestrian 0 0 -10 1275.1672155478032 93.04742429277684 1476.716031810749 619.0716370609407 -10 -10 -10 -1000 -1000 -1000 -10
2697 76 pedestrian 0 0 -10 1276.436802968717 91.7352851576074 1484.5832236709584 633.8621078110737 -10 -10 -10 -1000 -1000 -1000 -10
2698 76 pedestrian 0 0 -10 1273.8379035285193 94.7293389911942 1481.7672535936179 635.5874192690972 -10 -10 -10 -1000 -1000 -1000 -10
2699 76 pedestrian 0 0 -10 1275.132715431312 93.48227172226456 1478.0978713413492 620.0448963875647 -10 -10 -10 -1000 -1000 -1000 -10
2700 76 pedestrian 0 0 -10 1273.8944786292311 93.56917614030306 1478.5484625941913 622.7649671468055 -10 -10 -10 -1000 -1000 -1000 -10
2702 76 pedestrian 0 0 -10 1276.205339004352 95.85808597962824 1475.5316573663138 610.7337959089211 -10 -10 -10 -1000 -1000 -1000 -10
2703 76 pedestrian 0 0 -10 1274.8637691818458 96.33815748577342 1476.5929987420047 617.7224201461481 -10 -10 -10 -1000 -1000 -1000 -10
2704 76 pedestrian 0 0 -10 1270.2571842980585 96.68148567929393 1472.1698935812851 619.9286728339731 -10 -10 -10 -1000 -1000 -1000 -10
2705 76 pedestrian 0 0 -10 1271.4686182670396 96.8896594617155 1476.485542016956 629.9577077107401 -10 -10 -10 -1000 -1000 -1000 -10
2706 76 pedestrian 0 0 -10 1267.803810613326 96.87612412514756 1473.5399859575411 633.9297881219495 -10 -10 -10 -1000 -1000 -1000 -10
2707 76 pedestrian 0 0 -10 1271.921873721871 99.462387804625 1475.6154610283675 632.8313528359461 -10 -10 -10 -1000 -1000 -1000 -10
2707 77 pedestrian 0 0 -10 721.4243174473172 70.31108703613279 893.0128285487764 517.1967926025391 -10 -10 -10 -1000 -1000 -1000 -10
2708 76 pedestrian 0 0 -10 1273.791707658906 99.61122096803547 1476.2425079496577 633.1158773178436 -10 -10 -10 -1000 -1000 -1000 -10
2708 77 pedestrian 0 0 -10 720.677092694769 69.72124127505018 893.4528959464728 519.6496353443567 -10 -10 -10 -1000 -1000 -1000 -10
2709 76 pedestrian 0 0 -10 1274.9668873840062 100.43513610205031 1476.1308729919149 632.2748766513314 -10 -10 -10 -1000 -1000 -1000 -10
2709 77 pedestrian 0 0 -10 709.90096742874 61.9319470405587 893.4158193744157 539.0069280838555 -10 -10 -10 -1000 -1000 -1000 -10
2710 76 pedestrian 0 0 -10 1273.0056152106329 101.83177011109547 1469.636758706393 621.4057066989776 -10 -10 -10 -1000 -1000 -1000 -10
2710 77 pedestrian 0 0 -10 714.0830055218694 61.31800780736398 895.948114912905 532.9143840269852 -10 -10 -10 -1000 -1000 -1000 -10
2711 76 pedestrian 0 0 -10 1273.024254975674 103.38446877176875 1466.3894826883773 616.2492176594279 -10 -10 -10 -1000 -1000 -1000 -10
2712 76 pedestrian 0 0 -10 1275.7449993683647 103.3494815058699 1471.422476842277 624.29596491509 -10 -10 -10 -1000 -1000 -1000 -10
2712 77 pedestrian 0 0 -10 705.4526585642991 54.49298181949396 896.4380723424968 548.5213422200005 -10 -10 -10 -1000 -1000 -1000 -10
2713 76 pedestrian 0 0 -10 1276.0300110298022 101.60314522732608 1473.8569620206092 629.1278408738405 -10 -10 -10 -1000 -1000 -1000 -10
2715 77 pedestrian 0 0 -10 683.003184500402 10.482892283708452 891.7745819875829 544.6182483642168 -10 -10 -10 -1000 -1000 -1000 -10
2715 76 pedestrian 0 0 -10 1264.013553714252 99.2803301820353 1487.134840677692 699.1409260695841 -10 -10 -10 -1000 -1000 -1000 -10
2716 76 pedestrian 0 0 -10 1258.8750256260303 95.1114009023812 1492.4905994220217 727.3167506037212 -10 -10 -10 -1000 -1000 -1000 -10
2717 76 pedestrian 0 0 -10 1261.837030900814 92.52855680954315 1489.4908477696551 711.9149988257809 -10 -10 -10 -1000 -1000 -1000 -10
2718 76 pedestrian 0 0 -10 1264.720068879452 95.1063160389254 1486.6747971887971 701.5646541135591 -10 -10 -10 -1000 -1000 -1000 -10
2719 76 pedestrian 0 0 -10 1269.613942739044 100.35695125484773 1472.9239994198153 655.7031283774545 -10 -10 -10 -1000 -1000 -1000 -10
2719 77 pedestrian 0 0 -10 699.3149307964351 29.618642576678667 895.9859460395796 529.5690723402563 -10 -10 -10 -1000 -1000 -1000 -10
2720 76 pedestrian 0 0 -10 1274.84113876483 107.01654491816441 1464.0868044625074 623.5188985511055 -10 -10 -10 -1000 -1000 -1000 -10
2720 77 pedestrian 0 0 -10 717.829026542955 48.67709465560762 900.8652353957697 511.5097414674662 -10 -10 -10 -1000 -1000 -1000 -10
2721 76 pedestrian 0 0 -10 1279.955103349487 101.08709593634902 1467.081024477498 610.1754328985661 -10 -10 -10 -1000 -1000 -1000 -10
2721 77 pedestrian 0 0 -10 719.5292118783651 56.301772791413384 896.5058702617945 504.5853502645336 -10 -10 -10 -1000 -1000 -1000 -10
2722 76 pedestrian 0 0 -10 1279.6819555595553 100.66756611639494 1461.114948428121 594.5009836581249 -10 -10 -10 -1000 -1000 -1000 -10
2722 77 pedestrian 0 0 -10 713.665330429747 54.592524483112186 891.8900309857536 506.13610790886156 -10 -10 -10 -1000 -1000 -1000 -10
2723 76 pedestrian 0 0 -10 1277.859268995469 97.66059354793862 1469.5411982380265 620.7412031106471 -10 -10 -10 -1000 -1000 -1000 -10
2723 77 pedestrian 0 0 -10 719.2286170332172 66.06979013438266 892.3842766225395 504.5892350561768 -10 -10 -10 -1000 -1000 -1000 -10
2724 76 pedestrian 0 0 -10 1272.6118776180115 96.7213433776347 1477.3329871811518 657.879660624184 -10 -10 -10 -1000 -1000 -1000 -10
2725 76 pedestrian 0 0 -10 1275.1342401448708 94.82275659771506 1476.2484770916144 646.1353292042961 -10 -10 -10 -1000 -1000 -1000 -10
2726 76 pedestrian 0 0 -10 1275.895296425638 93.20348090595576 1475.6154674911572 641.9060417119166 -10 -10 -10 -1000 -1000 -1000 -10
2727 76 pedestrian 0 0 -10 1271.1265891442079 96.18499185930096 1471.4686787752692 646.3106482417988 -10 -10 -10 -1000 -1000 -1000 -10
2727 77 pedestrian 0 0 -10 714.5453054593233 63.93786655824252 900.0731791408907 536.8194789531645 -10 -10 -10 -1000 -1000 -1000 -10
2728 76 pedestrian 0 0 -10 1269.8214162618106 98.20288438052802 1469.5148924274786 646.9612731339655 -10 -10 -10 -1000 -1000 -1000 -10
2729 76 pedestrian 0 0 -10 1269.721092358112 100.54873007007564 1477.182295704301 673.714230161247 -10 -10 -10 -1000 -1000 -1000 -10
2730 76 pedestrian 0 0 -10 1275.2318742713287 99.20712338555438 1474.3694724888367 649.0807646083517 -10 -10 -10 -1000 -1000 -1000 -10
2730 77 pedestrian 0 0 -10 725.6407111763489 65.30519774863203 900.9532361165732 515.4850895982619 -10 -10 -10 -1000 -1000 -1000 -10
2731 76 pedestrian 0 0 -10 1272.5541606919455 97.12429228026588 1469.5271357357506 640.6204817097788 -10 -10 -10 -1000 -1000 -1000 -10
2731 77 pedestrian 0 0 -10 722.2906288602139 65.25058109136202 896.2838253301469 512.0538903151468 -10 -10 -10 -1000 -1000 -1000 -10
2732 76 pedestrian 0 0 -10 1275.878545745675 96.11675346686684 1472.1351014687423 637.2798448937264 -10 -10 -10 -1000 -1000 -1000 -10
2733 76 pedestrian 0 0 -10 1278.8107521508416 96.17408023896678 1471.4706909529677 626.5095789311448 -10 -10 -10 -1000 -1000 -1000 -10
2733 77 pedestrian 0 0 -10 721.2143010321087 64.22690729991069 894.4119189522938 511.7909385178986 -10 -10 -10 -1000 -1000 -1000 -10
2734 76 pedestrian 0 0 -10 1277.5052481710136 97.41667119929326 1464.700090243661 611.7131086656316 -10 -10 -10 -1000 -1000 -1000 -10
2734 77 pedestrian 0 0 -10 721.4554485348535 65.13629842091106 893.1824318180576 510.46488337917845 -10 -10 -10 -1000 -1000 -1000 -10
2735 76 pedestrian 0 0 -10 1278.3618816706637 93.94766784328544 1469.728271603163 619.9264099038444 -10 -10 -10 -1000 -1000 -1000 -10
2736 76 pedestrian 0 0 -10 1273.0755410182135 90.10329506400683 1467.8389471240384 625.6061960222933 -10 -10 -10 -1000 -1000 -1000 -10
2737 76 pedestrian 0 0 -10 1270.6626099932498 91.38081328643256 1467.5986941080487 633.9844288691218 -10 -10 -10 -1000 -1000 -1000 -10
2738 76 pedestrian 0 0 -10 1276.4994911737285 92.07416529831352 1470.0447794494387 628.0937590749409 -10 -10 -10 -1000 -1000 -1000 -10
2738 77 pedestrian 0 0 -10 725.5835437395632 60.586824521332886 901.4853640323881 515.1067496191658 -10 -10 -10 -1000 -1000 -1000 -10
2739 76 pedestrian 0 0 -10 1278.0404455950643 89.86679765468745 1471.824115006233 628.0129567159006 -10 -10 -10 -1000 -1000 -1000 -10
2740 76 pedestrian 0 0 -10 1278.4357383607673 96.64171130382658 1463.7623938664563 611.3027979307319 -10 -10 -10 -1000 -1000 -1000 -10
2741 76 pedestrian 0 0 -10 1286.146804987157 105.92613916130512 1462.669355325775 598.1635802254814 -10 -10 -10 -1000 -1000 -1000 -10
2742 76 pedestrian 0 0 -10 1292.3860602996958 101.45053078833035 1467.7848535073156 591.759842438832 -10 -10 -10 -1000 -1000 -1000 -10
2743 76 pedestrian 0 0 -10 1291.2173772317021 102.2623488690773 1464.0625204320513 587.068088766706 -10 -10 -10 -1000 -1000 -1000 -10
2744 76 pedestrian 0 0 -10 1290.0844109479056 101.55602875669229 1462.9719607644884 586.4840436917509 -10 -10 -10 -1000 -1000 -1000 -10
2745 76 pedestrian 0 0 -10 1287.0759913915992 98.82728284401207 1464.8795114361747 598.3050072344315 -10 -10 -10 -1000 -1000 -1000 -10
2746 76 pedestrian 0 0 -10 1286.850012103494 99.53474577779369 1464.9545120728144 601.1331546685618 -10 -10 -10 -1000 -1000 -1000 -10
2747 76 pedestrian 0 0 -10 1291.6911274157583 102.3090938705623 1459.7297437084558 571.8036137475132 -10 -10 -10 -1000 -1000 -1000 -10
2748 76 pedestrian 0 0 -10 1287.793957831275 101.78661627450816 1463.6064938901025 590.9538439812238 -10 -10 -10 -1000 -1000 -1000 -10
2749 76 pedestrian 0 0 -10 1285.1602135317166 98.76880275846565 1466.1491379376032 600.8750636491079 -10 -10 -10 -1000 -1000 -1000 -10
2750 76 pedestrian 0 0 -10 1290.9867354221851 98.45309971438266 1469.7697646044205 594.3337381533255 -10 -10 -10 -1000 -1000 -1000 -10
2751 76 pedestrian 0 0 -10 1293.7882527767879 98.98533451910825 1470.7743642314817 591.0592252803505 -10 -10 -10 -1000 -1000 -1000 -10
2752 76 pedestrian 0 0 -10 1287.2914292077473 96.15110893785942 1468.86562243389 602.3522902908078 -10 -10 -10 -1000 -1000 -1000 -10
2753 76 pedestrian 0 0 -10 1280.1114092978855 94.06975255561275 1464.188069821775 607.5592053082287 -10 -10 -10 -1000 -1000 -1000 -10
2754 76 pedestrian 0 0 -10 1277.134423094286 88.51792042448113 1471.2526921147662 633.0604524035753 -10 -10 -10 -1000 -1000 -1000 -10
2755 76 pedestrian 0 0 -10 1272.620803359089 85.28030778852235 1477.3704343675074 662.1528975253266 -10 -10 -10 -1000 -1000 -1000 -10
2756 76 pedestrian 0 0 -10 1265.472142565631 81.66944123054446 1476.3808200826113 675.5848730998239 -10 -10 -10 -1000 -1000 -1000 -10
2757 76 pedestrian 0 0 -10 1271.1323046415628 83.0491533997801 1476.2265104561816 659.8056531651216 -10 -10 -10 -1000 -1000 -1000 -10
2758 76 pedestrian 0 0 -10 1272.4135132569145 83.53067241822401 1468.2114163259398 634.8414266963291 -10 -10 -10 -1000 -1000 -1000 -10
2759 76 pedestrian 0 0 -10 1271.425171825113 83.52400264975728 1466.8335413372652 634.661021909576 -10 -10 -10 -1000 -1000 -1000 -10
2760 76 pedestrian 0 0 -10 1276.4893465279943 86.12467067700942 1470.0229783800478 631.9197624075143 -10 -10 -10 -1000 -1000 -1000 -10
2761 76 pedestrian 0 0 -10 1281.7747255480751 92.0946355979246 1468.1318320841165 616.2738856529232 -10 -10 -10 -1000 -1000 -1000 -10
2762 76 pedestrian 0 0 -10 1283.8567021425154 91.16570376993911 1476.8331167496174 632.6709356906713 -10 -10 -10 -1000 -1000 -1000 -10
2763 76 pedestrian 0 0 -10 1284.5619320731305 91.24708893876743 1479.914815767817 638.0889107270641 -10 -10 -10 -1000 -1000 -1000 -10
2764 76 pedestrian 0 0 -10 1285.2256570490974 92.92344390327338 1490.0111420238356 666.6924323059654 -10 -10 -10 -1000 -1000 -1000 -10
2765 76 pedestrian 0 0 -10 1283.988609815351 86.14513300634252 1494.8732650053312 675.7270949697877 -10 -10 -10 -1000 -1000 -1000 -10
2862 81 pedestrian 0 0 -10 728.2055802297457 69.63968200683595 900.7975813913481 520.1650604248047 -10 -10 -10 -1000 -1000 -1000 -10
2863 81 pedestrian 0 0 -10 727.6053881999997 68.36806644858771 901.2511812786204 521.5928094588902 -10 -10 -10 -1000 -1000 -1000 -10
2868 81 pedestrian 0 0 -10 729.8638028446643 67.49684516686949 899.0686155471336 509.0216149761831 -10 -10 -10 -1000 -1000 -1000 -10
2884 82 pedestrian 0 0 -10 721.4798738094419 70.78871765136716 896.2645231632142 518.6918548583984 -10 -10 -10 -1000 -1000 -1000 -10
2885 82 pedestrian 0 0 -10 721.892959475694 69.41386240842584 893.7012869520441 509.48947563592446 -10 -10 -10 -1000 -1000 -1000 -10
2886 82 pedestrian 0 0 -10 720.4949767393837 70.67752255141895 894.383690776714 515.8687952556979 -10 -10 -10 -1000 -1000 -1000 -10
2941 83 pedestrian 0 0 -10 1282.9660777040572 105.37345886230469 1471.0004017881304 629.2534881591797 -10 -10 -10 -1000 -1000 -1000 -10
2942 83 pedestrian 0 0 -10 1282.8745171956982 106.8441491636766 1469.0719047300936 625.6880875968614 -10 -10 -10 -1000 -1000 -1000 -10
2943 83 pedestrian 0 0 -10 1275.2696623047066 100.7580915899967 1465.4238277288553 630.891122013237 -10 -10 -10 -1000 -1000 -1000 -10
3011 85 pedestrian 0 0 -10 1273.7727391680808 110.73027954101565 1463.3568995037945 635.0537170410156 -10 -10 -10 -1000 -1000 -1000 -10
3036 87 pedestrian 0 0 -10 1275.8227609625442 112.65911712646488 1501.1291433343306 732.5890609741211 -10 -10 -10 -1000 -1000 -1000 -10
3037 87 pedestrian 0 0 -10 1290.1572563604004 116.5791073263594 1488.753427842013 662.7643779810339 -10 -10 -10 -1000 -1000 -1000 -10
3041 87 pedestrian 0 0 -10 1290.358759040405 111.09749684835327 1489.802432752727 659.9587647625153 -10 -10 -10 -1000 -1000 -1000 -10
3042 87 pedestrian 0 0 -10 1289.123639482347 108.52274466117842 1490.9821638735925 662.4214859101435 -10 -10 -10 -1000 -1000 -1000 -10
3043 87 pedestrian 0 0 -10 1287.1693958022504 107.37004898659086 1492.8634834346162 673.3208637141624 -10 -10 -10 -1000 -1000 -1000 -10
3045 87 pedestrian 0 0 -10 1291.4387835296811 110.13978460262103 1488.658557743761 652.5806343229784 -10 -10 -10 -1000 -1000 -1000 -10
3046 87 pedestrian 0 0 -10 1295.3541569972754 115.59945941548455 1484.6774836867194 633.8073926072266 -10 -10 -10 -1000 -1000 -1000 -10
3047 87 pedestrian 0 0 -10 1292.7505107117915 113.28907451761205 1497.0331479240094 670.5467108103694 -10 -10 -10 -1000 -1000 -1000 -10
3048 87 pedestrian 0 0 -10 1292.9263011700843 112.6998588740231 1500.1318375648423 674.0037619569117 -10 -10 -10 -1000 -1000 -1000 -10
3050 87 pedestrian 0 0 -10 1293.0247208114592 115.62551240298939 1490.5873216457662 650.2335776722393 -10 -10 -10 -1000 -1000 -1000 -10
3052 87 pedestrian 0 0 -10 1292.711247746603 115.48348709077283 1487.9783434946792 644.6519608453909 -10 -10 -10 -1000 -1000 -1000 -10
3053 87 pedestrian 0 0 -10 1290.8553187822667 114.97934683485158 1489.3871268028104 653.9234944671075 -10 -10 -10 -1000 -1000 -1000 -10
3054 87 pedestrian 0 0 -10 1290.975673173796 112.14399093959429 1489.0740285415905 650.5499000118107 -10 -10 -10 -1000 -1000 -1000 -10
3055 87 pedestrian 0 0 -10 1289.7559895655766 113.70874963788441 1481.0721966279018 637.2723632837074 -10 -10 -10 -1000 -1000 -1000 -10
3058 87 pedestrian 0 0 -10 1268.0541562917824 111.78496975656242 1509.750054113268 778.712255820462 -10 -10 -10 -1000 -1000 -1000 -10
3068 89 pedestrian 0 0 -10 1264.9568691562565 103.11830444335936 1486.5198886562434 725.4636413574219 -10 -10 -10 -1000 -1000 -1000 -10
3069 89 pedestrian 0 0 -10 1265.3265664404194 105.41962569267378 1486.0887408215267 725.2155497110322 -10 -10 -10 -1000 -1000 -1000 -10
3070 89 pedestrian 0 0 -10 1272.8953762569702 106.15303846047095 1489.446404607924 714.1425101134117 -10 -10 -10 -1000 -1000 -1000 -10
3071 89 pedestrian 0 0 -10 1283.6664809596373 107.73257951283802 1482.786751121277 666.29546375378 -10 -10 -10 -1000 -1000 -1000 -10
3072 89 pedestrian 0 0 -10 1291.78004723175 108.05586883343295 1485.8317875166847 651.2663599190066 -10 -10 -10 -1000 -1000 -1000 -10
3073 89 pedestrian 0 0 -10 1299.3363861779637 109.4608561882909 1491.8550645644905 646.1692296073808 -10 -10 -10 -1000 -1000 -1000 -10
3074 89 pedestrian 0 0 -10 1295.9326835103584 108.60150301358385 1489.154106016045 646.1683182847655 -10 -10 -10 -1000 -1000 -1000 -10
3075 89 pedestrian 0 0 -10 1290.573692497113 111.73525529232893 1482.398648311398 643.5019012039478 -10 -10 -10 -1000 -1000 -1000 -10
3105 91 pedestrian 0 0 -10 1293.847308474012 115.26087799072269 1471.469146604113 590.7233779907226 -10 -10 -10 -1000 -1000 -1000 -10
3106 91 pedestrian 0 0 -10 1289.7803451409698 118.1102959290526 1464.628389669395 585.6838740053281 -10 -10 -10 -1000 -1000 -1000 -10
3107 91 pedestrian 0 0 -10 1280.7789581949482 115.18154680653993 1470.4797513283263 622.2494723007851 -10 -10 -10 -1000 -1000 -1000 -10
3108 91 pedestrian 0 0 -10 1272.5801616537497 112.0351131466274 1487.8603657882327 687.5228377970016 -10 -10 -10 -1000 -1000 -1000 -10
3140 97 pedestrian 0 0 -10 1286.4485543678181 111.97134857177736 1465.7179983665565 585.3242843627929 -10 -10 -10 -1000 -1000 -1000 -10
3141 97 pedestrian 0 0 -10 1290.7340228498356 111.77934445124083 1471.9545160354292 590.0636961288641 -10 -10 -10 -1000 -1000 -1000 -10
3142 97 pedestrian 0 0 -10 1292.078153796493 111.97468661999511 1473.9203635221425 591.4555040780731 -10 -10 -10 -1000 -1000 -1000 -10
3143 97 pedestrian 0 0 -10 1285.6951962080996 110.48805542590372 1480.9259177551633 625.4560445029797 -10 -10 -10 -1000 -1000 -1000 -10
3144 97 pedestrian 0 0 -10 1283.725098937226 110.49943392490093 1482.8473654657373 636.0044851489286 -10 -10 -10 -1000 -1000 -1000 -10
3145 97 pedestrian 0 0 -10 1282.0047770071287 110.12654762250028 1475.2159348976159 619.959531555578 -10 -10 -10 -1000 -1000 -1000 -10
3150 99 pedestrian 0 0 -10 839.8920978981688 21.58129615783696 1047.9475261252687 563.2647800445557 -10 -10 -10 -1000 -1000 -1000 -10
3151 99 pedestrian 0 0 -10 832.7554632568002 13.384077551010705 1052.6432806314078 586.0829752314938 -10 -10 -10 -1000 -1000 -1000 -10
3152 99 pedestrian 0 0 -10 822.675073319717 23.934050214297883 1040.038862649308 591.1930311866645 -10 -10 -10 -1000 -1000 -1000 -10
3153 99 pedestrian 0 0 -10 809.9167199164265 12.211896552385724 1066.4863606877998 681.9429615975615 -10 -10 -10 -1000 -1000 -1000 -10
3154 99 pedestrian 0 0 -10 815.6479908705165 26.21614832592934 1074.9290547237897 703.0587173368148 -10 -10 -10 -1000 -1000 -1000 -10
3155 99 pedestrian 0 0 -10 819.5890422382901 7.386037541302642 1124.5806884511765 800.6434318225565 -10 -10 -10 -1000 -1000 -1000 -10
3156 99 pedestrian 0 0 -10 816.5135514192792 -1.5043542205409608 1129.5741570124042 803.1888454926686 -10 -10 -10 -1000 -1000 -1000 -10
3159 102 pedestrian 0 0 -10 842.5387315957688 53.06011390686035 1283.6934705526687 1083.660919570923 -10 -10 -10 -1000 -1000 -1000 -10
3164 104 pedestrian 0 0 -10 1288.8131980925655 114.95899810791016 1465.8859230011847 585.1747756958008 -10 -10 -10 -1000 -1000 -1000 -10
3165 104 pedestrian 0 0 -10 1287.0591865709102 114.07685948558097 1465.421370208814 588.3494495832499 -10 -10 -10 -1000 -1000 -1000 -10
3166 104 pedestrian 0 0 -10 1286.4634660540382 113.08139562362541 1465.467645693482 589.9779979620232 -10 -10 -10 -1000 -1000 -1000 -10
3167 104 pedestrian 0 0 -10 1284.4757677197988 113.01281731446932 1466.9980533060007 600.5423173861428 -10 -10 -10 -1000 -1000 -1000 -10
3168 104 pedestrian 0 0 -10 1287.9894673025733 113.56604796407044 1463.728229927966 583.4998224033185 -10 -10 -10 -1000 -1000 -1000 -10
3169 104 pedestrian 0 0 -10 1285.981425292627 114.63009232009057 1465.8197331847734 596.3765439736617 -10 -10 -10 -1000 -1000 -1000 -10
3170 104 pedestrian 0 0 -10 1291.5282644420731 114.58117281523994 1469.377159934012 591.5553701289936 -10 -10 -10 -1000 -1000 -1000 -10
3177 105 pedestrian 0 0 -10 845.7085256424174 -4.00603790283202 1112.4857492599265 551.3895065307618 -10 -10 -10 -1000 -1000 -1000 -10
3178 105 pedestrian 0 0 -10 794.660796004081 -3.374085714593889 1140.754736768851 719.4587679676251 -10 -10 -10 -1000 -1000 -1000 -10
3179 105 pedestrian 0 0 -10 800.8143649044343 -1.5348950297998272 1135.0430435578692 697.1118862212595 -10 -10 -10 -1000 -1000 -1000 -10
3179 106 pedestrian 0 0 -10 1289.723643410836 113.63489837646483 1476.029554831351 652.4632675170899 -10 -10 -10 -1000 -1000 -1000 -10
3181 106 pedestrian 0 0 -10 1292.373607766141 112.68919147170567 1473.2416349064176 634.7282377052691 -10 -10 -10 -1000 -1000 -1000 -10
3182 105 pedestrian 0 0 -10 814.377368574804 9.401344145582755 1212.8353849326459 846.9854885655723 -10 -10 -10 -1000 -1000 -1000 -10
3183 105 pedestrian 0 0 -10 787.1074310725409 27.20642011473751 1186.6381519497188 866.323447662094 -10 -10 -10 -1000 -1000 -1000 -10
3184 106 pedestrian 0 0 -10 1306.5905993668732 105.70009505356688 1498.6221934715147 652.2170778447842 -10 -10 -10 -1000 -1000 -1000 -10
3205 109 pedestrian 0 0 -10 1291.3957163632463 112.67205505371095 1474.212852972691 633.3274017333983 -10 -10 -10 -1000 -1000 -1000 -10
3206 109 pedestrian 0 0 -10 1301.8470344978796 111.58627987717438 1485.6102835749416 634.5015880372878 -10 -10 -10 -1000 -1000 -1000 -10
3212 109 pedestrian 0 0 -10 1287.396844856445 101.0928638796043 1493.8630228520594 686.6261312417939 -10 -10 -10 -1000 -1000 -1000 -10
3223 112 pedestrian 0 0 -10 882.7677656835122 -1.7881911277771678 1402.7615311914878 1085.969426059723 -10 -10 -10 -1000 -1000 -1000 -10
3225 112 pedestrian 0 0 -10 1018.6982411621557 56.89487254648134 1507.204451217755 1080.0447252367032 -10 -10 -10 -1000 -1000 -1000 -10
3367 115 pedestrian 0 0 -10 1145.598746948618 254.02833862304692 1489.3147296138818 1074.9955749511719 -10 -10 -10 -1000 -1000 -1000 -10
4413 128 pedestrian 0 0 -10 1127.7320193207267 243.10408325195317 1495.5020627105237 1082.8630676269531 -10 -10 -10 -1000 -1000 -1000 -10
4414 128 pedestrian 0 0 -10 1121.2029588558166 236.19668231469097 1491.1794400880262 1081.1243352182514 -10 -10 -10 -1000 -1000 -1000 -10
4415 128 pedestrian 0 0 -10 1120.888902725631 243.3375872911613 1487.6773051135517 1082.027801644537 -10 -10 -10 -1000 -1000 -1000 -10
4416 128 pedestrian 0 0 -10 1119.5885444313953 237.0367164580727 1488.3537050112002 1080.742461415284 -10 -10 -10 -1000 -1000 -1000 -10
4417 128 pedestrian 0 0 -10 1115.0178046664118 213.48642113620235 1492.9316472514872 1081.129832120912 -10 -10 -10 -1000 -1000 -1000 -10
4418 128 pedestrian 0 0 -10 1115.8094736912137 214.58514759019602 1492.2573405230823 1081.7001078342246 -10 -10 -10 -1000 -1000 -1000 -10
4419 128 pedestrian 0 0 -10 1121.372960658551 215.1992305371511 1496.6578007672624 1082.4299517734755 -10 -10 -10 -1000 -1000 -1000 -10
4420 128 pedestrian 0 0 -10 1125.364583926373 225.04233362207998 1496.2329181725356 1082.7371066733492 -10 -10 -10 -1000 -1000 -1000 -10
4424 128 pedestrian 0 0 -10 1104.8337294205694 234.84592642950844 1467.494258883225 1077.767772279406 -10 -10 -10 -1000 -1000 -1000 -10
4868 136 pedestrian 0 0 -10 841.1053424856467 -8.71086273193356 1126.0457927682594 589.5207778930665 -10 -10 -10 -1000 -1000 -1000 -10
4869 136 pedestrian 0 0 -10 850.3131487041804 -10.594190304199685 1129.997638078577 576.3339502316999 -10 -10 -10 -1000 -1000 -1000 -10
4870 136 pedestrian 0 0 -10 843.7780312422799 -13.291624031158392 1118.3582600662562 563.0254545286446 -10 -10 -10 -1000 -1000 -1000 -10
4873 136 pedestrian 0 0 -10 867.2132124536279 -12.881966974725259 1114.1392814129458 504.6068008672934 -10 -10 -10 -1000 -1000 -1000 -10
4877 136 pedestrian 0 0 -10 878.1842509250421 -6.766120652750459 1079.9701493075156 411.8798848887185 -10 -10 -10 -1000 -1000 -1000 -10
