653 3 pedestrian 0 0 -10 924.4792219306202 -1.978630876541132 1003.8502702568796 123.09996104240417 -10 -10 -10 -1000 -1000 -1000 -10
1648 4 pedestrian 0 0 -10 788.5022835386617 2.9073149204253923 1070.3563590394633 595.2162626743317 -10 -10 -10 -1000 -1000 -1000 -10
1649 4 pedestrian 0 0 -10 811.36586335026 -1.2935998306891179 1088.9388528086963 582.3674505184533 -10 -10 -10 -1000 -1000 -1000 -10
1652 4 pedestrian 0 0 -10 903.7018109522888 -9.780320791582852 1105.7449550666802 411.5708839234279 -10 -10 -10 -1000 -1000 -1000 -10
1653 4 pedestrian 0 0 -10 917.9076714752534 -2.421981006954553 1111.288214303026 399.3876021258443 -10 -10 -10 -1000 -1000 -1000 -10
1654 4 pedestrian 0 0 -10 922.0488724892688 -4.152683482531188 1111.9379115434056 388.2286725334665 -10 -10 -10 -1000 -1000 -1000 -10
1655 4 pedestrian 0 0 -10 917.7819911239541 -7.540017692789462 1106.3591165806588 379.23813053825415 -10 -10 -10 -1000 -1000 -1000 -10
1659 7 pedestrian 0 0 -10 843.6130502219272 4.943122959136929 1083.8629385476042 582.0109818458557 -10 -10 -10 -1000 -1000 -1000 -10
1660 7 pedestrian 0 0 -10 847.0620249172457 3.3625848341066558 1080.2832264133017 563.944614415531 -10 -10 -10 -1000 -1000 -1000 -10
1661 7 pedestrian 0 0 -10 841.6042445505891 8.717036273957262 1085.6202181160081 597.1082528003171 -10 -10 -10 -1000 -1000 -1000 -10
1662 7 pedestrian 0 0 -10 864.5015964412659 7.6805966086203625 1083.1547660734923 536.6420852932763 -10 -10 -10 -1000 -1000 -1000 -10
1663 7 pedestrian 0 0 -10 869.1204076851634 6.698474803852406 1075.3468888645994 504.9667084721799 -10 -10 -10 -1000 -1000 -1000 -10
1664 7 pedestrian 0 0 -10 874.7190701931742 4.2023551092871685 1037.0516088230072 392.9350298900897 -10 -10 -10 -1000 -1000 -1000 -10
1670 7 pedestrian 0 0 -10 918.6719530122426 -7.003328964539207 1034.8440144884087 266.1463846993205 -10 -10 -10 -1000 -1000 -1000 -10
2287 14 pedestrian 0 0 -10 860.6924584574897 4.048557853698696 1066.116318397979 628.2656232833863 -10 -10 -10 -1000 -1000 -1000 -10
2415 16 pedestrian 0 0 -10 851.3961916259664 6.633777999877964 1062.2689695068461 625.8487560272217 -10 -10 -10 -1000 -1000 -1000 -10
2416 16 pedestrian 0 0 -10 850.3526984165659 3.361182118641068 1063.367300095155 628.9626613239726 -10 -10 -10 -1000 -1000 -1000 -10
2417 16 pedestrian 0 0 -10 850.9469205473252 4.708243993460087 1062.949377035516 627.3967809151433 -10 -10 -10 -1000 -1000 -1000 -10
2687 17 pedestrian 0 0 -10 852.8642820661869 43.218278503417935 1071.9428712541255 634.9062911987305 -10 -10 -10 -1000 -1000 -1000 -10
2688 17 pedestrian 0 0 -10 862.7523559259854 60.92694599302018 1063.918764154223 604.3648009582125 -10 -10 -10 -1000 -1000 -1000 -10
3139 20 pedestrian 0 0 -10 870.0598471326009 -4.221521019935608 1031.7446694689615 348.8642547369003 -10 -10 -10 -1000 -1000 -1000 -10
