846 3 pedestrian 0 0 -10 485.76813109686367 552.1898681640625 660.0477075261831 1003.7108764648438 -10 -10 -10 -1000 -1000 -1000 -10
847 3 pedestrian 0 0 -10 485.98770919294793 547.1776511305018 659.9444021478762 998.0282487809933 -10 -10 -10 -1000 -1000 -1000 -10
1385 8 pedestrian 0 0 -10 670.9769758504174 316.5233520507812 1026.40512864177 1026.3691894531248 -10 -10 -10 -1000 -1000 -1000 -10
1391 8 pedestrian 0 0 -10 782.2227303524479 214.2484973419406 1167.858843125669 1003.914822947659 -10 -10 -10 -1000 -1000 -1000 -10
1393 9 pedestrian 0 0 -10 646.6567270934385 186.29925231933595 897.4341786682803 778.3938568115234 -10 -10 -10 -1000 -1000 -1000 -10
1394 9 pedestrian 0 0 -10 668.4389008187454 168.12068971708158 886.0961776684751 681.9442680023212 -10 -10 -10 -1000 -1000 -1000 -10
1395 9 pedestrian 0 0 -10 698.1649955004657 135.19151781740297 907.9138137419546 630.7434851324543 -10 -10 -10 -1000 -1000 -1000 -10
1410 11 pedestrian 0 0 -10 684.53866339296 215.3203125 905.3862511578214 735.3556030273437 -10 -10 -10 -1000 -1000 -1000 -10
1411 11 pedestrian 0 0 -10 707.02459281322 194.34143859748943 902.1549235346143 653.1679757178068 -10 -10 -10 -1000 -1000 -1000 -10
1412 11 pedestrian 0 0 -10 740.7881110999518 195.85020677543454 921.0650285644243 619.3172641204255 -10 -10 -10 -1000 -1000 -1000 -10
1438 12 pedestrian 0 0 -10 592.3548702426822 229.8057983398437 962.3769534877866 1048.3262451171875 -10 -10 -10 -1000 -1000 -1000 -10
1439 12 pedestrian 0 0 -10 611.0933428173074 189.93275822858135 946.2641728257815 932.2878900118071 -10 -10 -10 -1000 -1000 -1000 -10
1440 12 pedestrian 0 0 -10 649.1702491735085 162.57879515004504 932.3824506945126 791.0133132145842 -10 -10 -10 -1000 -1000 -1000 -10
1490 15 pedestrian 0 0 -10 599.4502438838684 366.7525451660156 938.1164553348816 1065.2945861816406 -10 -10 -10 -1000 -1000 -1000 -10
1491 15 pedestrian 0 0 -10 614.2391871745299 321.42447326448524 927.6684889819495 969.5595470799501 -10 -10 -10 -1000 -1000 -1000 -10
1492 15 pedestrian 0 0 -10 642.5924292101672 277.32619599230634 923.2160554592667 861.3722511334877 -10 -10 -10 -1000 -1000 -1000 -10
1493 15 pedestrian 0 0 -10 664.0851451317861 243.0119840679311 909.1000065636433 756.102170921502 -10 -10 -10 -1000 -1000 -1000 -10
1494 15 pedestrian 0 0 -10 688.4312057829441 216.06237829884847 920.3244611509822 706.1182213781473 -10 -10 -10 -1000 -1000 -1000 -10
1495 15 pedestrian 0 0 -10 723.4920563152059 198.30418925433338 926.5490003959574 630.7052322935044 -10 -10 -10 -1000 -1000 -1000 -10
1496 15 pedestrian 0 0 -10 759.6753948589625 183.72412812537647 944.8434981907935 581.141699173025 -10 -10 -10 -1000 -1000 -1000 -10
1497 15 pedestrian 0 0 -10 806.1511656042695 179.05754607515033 967.808089878733 528.8136955819157 -10 -10 -10 -1000 -1000 -1000 -10
1611 18 pedestrian 0 0 -10 1124.8167712743873 324.62314453125 1345.3048839990504 876.3429443359374 -10 -10 -10 -1000 -1000 -1000 -10
1612 18 pedestrian 0 0 -10 1122.9989818810543 322.69130853930335 1345.0123514925479 878.3379191485002 -10 -10 -10 -1000 -1000 -1000 -10
1617 18 pedestrian 0 0 -10 1118.2199961499143 325.08490315509437 1321.1132644143033 835.1342798233563 -10 -10 -10 -1000 -1000 -1000 -10
1639 19 pedestrian 0 0 -10 635.139370030913 489.78999023437507 942.6515723518995 1081.469384765625 -10 -10 -10 -1000 -1000 -1000 -10
1640 19 pedestrian 0 0 -10 628.3306417967594 432.4502874590608 955.5817647461809 1064.3286031194887 -10 -10 -10 -1000 -1000 -1000 -10
1641 19 pedestrian 0 0 -10 621.8944998079426 370.2013082619284 943.2795243461306 994.037277954132 -10 -10 -10 -1000 -1000 -1000 -10
1643 19 pedestrian 0 0 -10 650.2036752158482 284.19180594495094 919.631534127652 811.4211057629028 -10 -10 -10 -1000 -1000 -1000 -10
1644 19 pedestrian 0 0 -10 664.4899829910474 255.05995743403054 950.4543843407914 823.5919158683944 -10 -10 -10 -1000 -1000 -1000 -10
1645 19 pedestrian 0 0 -10 684.5423077679343 224.8724851072488 952.4221337216936 766.2862441837065 -10 -10 -10 -1000 -1000 -1000 -10
1812 20 pedestrian 0 0 -10 688.1231736559195 484.09941406250005 1054.2447584729869 1083.1702880859375 -10 -10 -10 -1000 -1000 -1000 -10
1813 20 pedestrian 0 0 -10 607.9668734372991 406.88306663843537 1017.6485425203373 1078.9428614318213 -10 -10 -10 -1000 -1000 -1000 -10
1814 20 pedestrian 0 0 -10 575.5379901781234 341.6332805601149 1017.8277114246652 1072.7745859283582 -10 -10 -10 -1000 -1000 -1000 -10
1815 20 pedestrian 0 0 -10 601.3410670631085 285.7112640053579 1003.2416200907692 956.5097064940637 -10 -10 -10 -1000 -1000 -1000 -10
1816 20 pedestrian 0 0 -10 621.6830463278643 252.74897645097002 1002.359271823007 896.2760741089692 -10 -10 -10 -1000 -1000 -1000 -10
1817 20 pedestrian 0 0 -10 626.1110441015769 221.7824706277998 986.0264062634407 839.5257336615671 -10 -10 -10 -1000 -1000 -1000 -10
1818 20 pedestrian 0 0 -10 641.0113943060045 198.09783798188312 967.2246327352518 767.1119075586759 -10 -10 -10 -1000 -1000 -1000 -10
1819 20 pedestrian 0 0 -10 639.2293222909566 184.29860295200785 959.0993143255914 752.1496754978915 -10 -10 -10 -1000 -1000 -1000 -10
1820 20 pedestrian 0 0 -10 652.9070354437478 169.58883678597715 952.241520614602 710.5531990756214 -10 -10 -10 -1000 -1000 -1000 -10
1821 20 pedestrian 0 0 -10 663.73572007415 157.616248238759 945.2318792561656 676.377677377467 -10 -10 -10 -1000 -1000 -1000 -10
1822 20 pedestrian 0 0 -10 676.1705025129673 147.7662313654967 924.8391178098714 614.6021198470696 -10 -10 -10 -1000 -1000 -1000 -10
1823 20 pedestrian 0 0 -10 683.1217301720071 129.9132457944078 924.7601557082515 591.7268352948909 -10 -10 -10 -1000 -1000 -1000 -10
1824 20 pedestrian 0 0 -10 695.3401130214845 125.44889707795616 925.9749982842877 574.074116230696 -10 -10 -10 -1000 -1000 -1000 -10
1825 20 pedestrian 0 0 -10 698.7496443702335 100.69574088196484 927.3190368859648 554.7347901893805 -10 -10 -10 -1000 -1000 -1000 -10
1826 20 pedestrian 0 0 -10 704.7464891036655 115.6877312897497 912.1275414019334 534.9476542255231 -10 -10 -10 -1000 -1000 -1000 -10
1828 20 pedestrian 0 0 -10 693.4738008024004 120.90646278195263 886.019456830609 520.4999313745714 -10 -10 -10 -1000 -1000 -1000 -10
1842 23 pedestrian 0 0 -10 677.065847071722 257.976611328125 889.8591285142156 766.7644165039062 -10 -10 -10 -1000 -1000 -1000 -10
1843 23 pedestrian 0 0 -10 697.7943303576402 230.21504965027592 907.096520145934 731.0975573363324 -10 -10 -10 -1000 -1000 -1000 -10
1844 23 pedestrian 0 0 -10 728.8155804799443 207.96883538242054 910.4916321881199 642.760067774979 -10 -10 -10 -1000 -1000 -1000 -10
1845 23 pedestrian 0 0 -10 754.213763745996 191.95453926862808 928.2198798673777 607.9623116125106 -10 -10 -10 -1000 -1000 -1000 -10
1846 23 pedestrian 0 0 -10 783.8937943692873 172.9124557530969 941.3530879070557 550.5963975136792 -10 -10 -10 -1000 -1000 -1000 -10
1847 23 pedestrian 0 0 -10 803.3876757659522 178.83241516751258 943.1233592387501 513.3124131694083 -10 -10 -10 -1000 -1000 -1000 -10
1849 23 pedestrian 0 0 -10 845.8753823692138 140.44189953937334 978.5575710309746 460.0006885281523 -10 -10 -10 -1000 -1000 -1000 -10
1850 23 pedestrian 0 0 -10 850.1255725043911 130.05748329933772 977.6757497225253 438.06067280974446 -10 -10 -10 -1000 -1000 -1000 -10
1851 23 pedestrian 0 0 -10 855.1852621501475 121.6687301189587 980.8803238834448 426.7270573415303 -10 -10 -10 -1000 -1000 -1000 -10
1852 23 pedestrian 0 0 -10 859.7803512192991 111.76093407710172 987.437713422086 423.4192407226076 -10 -10 -10 -1000 -1000 -1000 -10
1855 25 pedestrian 0 0 -10 580.2162184473627 376.58861083984374 1051.2866868260749 1081.1701171875 -10 -10 -10 -1000 -1000 -1000 -10
1856 25 pedestrian 0 0 -10 549.3512589694006 333.2247510391629 1047.8962480246723 1081.681520953554 -10 -10 -10 -1000 -1000 -1000 -10
1857 25 pedestrian 0 0 -10 508.2625633831326 298.25627975688127 1024.3132113256688 1079.2318957580708 -10 -10 -10 -1000 -1000 -1000 -10
1857 23 pedestrian 0 0 -10 874.0387951819079 100.89074783424397 976.6314205445858 351.8718015980377 -10 -10 -10 -1000 -1000 -1000 -10
1858 25 pedestrian 0 0 -10 493.6874286699679 258.1761362481182 1027.652835525744 1077.1835855833167 -10 -10 -10 -1000 -1000 -1000 -10
1858 23 pedestrian 0 0 -10 868.8724402179599 100.39178009233366 968.0099332534955 342.4020349157159 -10 -10 -10 -1000 -1000 -1000 -10
1859 25 pedestrian 0 0 -10 510.1701258823847 219.4714045831958 1057.6536329212363 1072.9850781376565 -10 -10 -10 -1000 -1000 -1000 -10
1860 25 pedestrian 0 0 -10 542.9017575421236 203.20626982336444 1043.362739148698 997.8705623807389 -10 -10 -10 -1000 -1000 -1000 -10
1862 26 pedestrian 0 0 -10 665.6253519555562 176.57064514160157 918.1528096655373 753.8168243408204 -10 -10 -10 -1000 -1000 -1000 -10
1863 26 pedestrian 0 0 -10 691.4970557957123 171.2270010875219 939.1108156773244 737.1352499251452 -10 -10 -10 -1000 -1000 -1000 -10
1864 26 pedestrian 0 0 -10 701.4433285381068 161.68042366381587 944.4380153075371 716.8719211738095 -10 -10 -10 -1000 -1000 -1000 -10
1865 26 pedestrian 0 0 -10 718.7295564887771 155.08242705019774 940.1201652095099 660.2591228366041 -10 -10 -10 -1000 -1000 -1000 -10
1866 26 pedestrian 0 0 -10 727.6144903353163 149.8851920521679 945.3826313199825 648.5320429469508 -10 -10 -10 -1000 -1000 -1000 -10
1867 26 pedestrian 0 0 -10 761.6044017972611 180.25551605090277 946.7949474521159 603.8642001742624 -10 -10 -10 -1000 -1000 -1000 -10
1868 26 pedestrian 0 0 -10 783.5126903230496 150.53265282273284 967.5574151856982 575.007037435736 -10 -10 -10 -1000 -1000 -1000 -10
1869 26 pedestrian 0 0 -10 796.1410088101317 141.00477768806596 976.0051775333753 558.5163149224535 -10 -10 -10 -1000 -1000 -1000 -10
1870 26 pedestrian 0 0 -10 806.3921360888885 149.5079154161274 971.7423735125632 534.3980055445987 -10 -10 -10 -1000 -1000 -1000 -10
1871 26 pedestrian 0 0 -10 817.5807574963472 132.47412636540207 982.0395079349405 516.7828270881979 -10 -10 -10 -1000 -1000 -1000 -10
1872 26 pedestrian 0 0 -10 831.2647662660122 117.72048122213212 994.2116832262778 499.9556018452025 -10 -10 -10 -1000 -1000 -1000 -10
1873 26 pedestrian 0 0 -10 835.7898831203787 112.20605327267648 998.6298218948369 497.3212464960801 -10 -10 -10 -1000 -1000 -1000 -10
1874 26 pedestrian 0 0 -10 847.556677607692 105.06220976910873 998.7211826128947 463.15429772261365 -10 -10 -10 -1000 -1000 -1000 -10
1875 26 pedestrian 0 0 -10 858.8119539522997 99.75263807438682 999.4331931332415 434.9243752628853 -10 -10 -10 -1000 -1000 -1000 -10
1876 26 pedestrian 0 0 -10 859.5431731177476 97.64224283183304 992.1236427856819 417.5739538901937 -10 -10 -10 -1000 -1000 -1000 -10
1877 26 pedestrian 0 0 -10 862.8402636687491 94.52341190867094 987.2544026117223 395.58110216296177 -10 -10 -10 -1000 -1000 -1000 -10
1878 26 pedestrian 0 0 -10 861.9819379534026 87.41404238620592 996.1429095789554 414.4030163374737 -10 -10 -10 -1000 -1000 -1000 -10
1879 26 pedestrian 0 0 -10 857.2309448113732 84.52380535585647 994.7479975011161 421.1309425054493 -10 -10 -10 -1000 -1000 -1000 -10
1881 26 pedestrian 0 0 -10 860.8372419720381 81.32387855156753 997.041976473295 415.94981069589005 -10 -10 -10 -1000 -1000 -1000 -10
1892 30 pedestrian 0 0 -10 876.5112125044396 89.07309112548829 976.1437313432167 329.37218780517577 -10 -10 -10 -1000 -1000 -1000 -10
1893 30 pedestrian 0 0 -10 872.8124187212618 90.99700770456262 971.1988423555194 328.02451013553645 -10 -10 -10 -1000 -1000 -1000 -10
1894 30 pedestrian 0 0 -10 870.8948118975319 90.29105418716135 970.1897549736577 329.0198668154915 -10 -10 -10 -1000 -1000 -1000 -10
1896 30 pedestrian 0 0 -10 870.722512678871 90.46037783820137 969.7883785424463 327.9731815458068 -10 -10 -10 -1000 -1000 -1000 -10
1938 32 pedestrian 0 0 -10 708.2596554110199 194.90543823242186 852.350683944449 495.3975524902344 -10 -10 -10 -1000 -1000 -1000 -10
1939 32 pedestrian 0 0 -10 710.6803392191609 212.9649117980878 847.8224770756259 498.7397791389276 -10 -10 -10 -1000 -1000 -1000 -10
1944 32 pedestrian 0 0 -10 822.7030176194722 124.31461415231968 928.641661490001 346.15258751485817 -10 -10 -10 -1000 -1000 -1000 -10
1945 32 pedestrian 0 0 -10 844.5256676064548 138.51029161997053 939.8444218496583 339.5246863326571 -10 -10 -10 -1000 -1000 -1000 -10
1948 32 pedestrian 0 0 -10 847.598947053579 127.75571109002335 946.6881101170786 338.81285702670414 -10 -10 -10 -1000 -1000 -1000 -10
1956 33 pedestrian 0 0 -10 707.5291255487871 211.2197448730469 835.9795414434003 506.3046569824219 -10 -10 -10 -1000 -1000 -1000 -10
1957 33 pedestrian 0 0 -10 709.8405408846863 216.5550293296741 833.7826732114333 501.3085472504373 -10 -10 -10 -1000 -1000 -1000 -10
1958 33 pedestrian 0 0 -10 708.2937251456093 212.90338382805936 835.1630027538724 504.7464793241235 -10 -10 -10 -1000 -1000 -1000 -10
1959 33 pedestrian 0 0 -10 702.3506448599111 210.99257954320635 830.9155093606525 507.38122817392036 -10 -10 -10 -1000 -1000 -1000 -10
1960 33 pedestrian 0 0 -10 702.0150726992323 218.59799162325467 827.9158990108796 508.5062791950719 -10 -10 -10 -1000 -1000 -1000 -10
1962 33 pedestrian 0 0 -10 712.0449683423578 213.37840389659712 839.8990339883949 507.4879685470511 -10 -10 -10 -1000 -1000 -1000 -10
1963 33 pedestrian 0 0 -10 708.4126120199352 209.6806218275836 838.6694488429713 509.3420273541853 -10 -10 -10 -1000 -1000 -1000 -10
1964 33 pedestrian 0 0 -10 711.9603708927082 209.2166995513325 842.5740382155612 509.54889151793344 -10 -10 -10 -1000 -1000 -1000 -10
1966 33 pedestrian 0 0 -10 714.9284358992732 218.27739549913778 842.4396763823114 510.51996361339195 -10 -10 -10 -1000 -1000 -1000 -10
1968 33 pedestrian 0 0 -10 721.619289674052 220.9547099586564 847.8918733900089 509.5376994736398 -10 -10 -10 -1000 -1000 -1000 -10
1969 33 pedestrian 0 0 -10 722.6037803443527 217.00252004549682 849.4297489996093 506.129788386736 -10 -10 -10 -1000 -1000 -1000 -10
1970 33 pedestrian 0 0 -10 718.6251139440038 220.52964241283698 844.9859132060146 507.8695855197203 -10 -10 -10 -1000 -1000 -1000 -10
1971 33 pedestrian 0 0 -10 717.0998426924983 222.18625763918877 842.8983648329985 507.85010631403884 -10 -10 -10 -1000 -1000 -1000 -10
1972 33 pedestrian 0 0 -10 716.2643178932891 221.89191572829648 842.6618999793886 508.50112663195773 -10 -10 -10 -1000 -1000 -1000 -10
1973 33 pedestrian 0 0 -10 720.265559845243 221.61106217917134 847.1668991903917 509.2231546082488 -10 -10 -10 -1000 -1000 -1000 -10
1974 33 pedestrian 0 0 -10 722.0257157028752 222.15637017501098 848.5293940742869 508.5601069765916 -10 -10 -10 -1000 -1000 -1000 -10
1975 33 pedestrian 0 0 -10 722.3344649223003 217.20031615472266 849.4918086340917 505.0473809756044 -10 -10 -10 -1000 -1000 -1000 -10
2026 38 pedestrian 0 0 -10 711.5569294376988 222.3067169189453 846.6045329646447 509.8729766845703 -10 -10 -10 -1000 -1000 -1000 -10
2047 40 pedestrian 0 0 -10 718.9797123920156 221.16324768066406 849.9671748150156 510.3783477783203 -10 -10 -10 -1000 -1000 -1000 -10
2089 41 pedestrian 0 0 -10 581.8110735156396 364.11809692382815 936.0733625195166 1073.567315673828 -10 -10 -10 -1000 -1000 -1000 -10
2090 41 pedestrian 0 0 -10 570.3405841655183 333.75040671384124 934.9699598935484 1066.209308863372 -10 -10 -10 -1000 -1000 -1000 -10
2091 41 pedestrian 0 0 -10 536.734065656557 267.27183031320976 931.8227675167244 1065.1849182046535 -10 -10 -10 -1000 -1000 -1000 -10
2092 41 pedestrian 0 0 -10 558.8497905110432 254.640601137801 917.5560553992759 985.4188839238439 -10 -10 -10 -1000 -1000 -1000 -10
2093 41 pedestrian 0 0 -10 613.5877046740433 243.1907189504347 909.0527434221913 851.159873153106 -10 -10 -10 -1000 -1000 -1000 -10
2095 41 pedestrian 0 0 -10 683.8044465962953 196.63196122047975 930.8822547406936 712.4120817193539 -10 -10 -10 -1000 -1000 -1000 -10
2096 41 pedestrian 0 0 -10 721.3828690470642 200.05676797088992 920.0602427180501 619.5523971798143 -10 -10 -10 -1000 -1000 -1000 -10
2097 41 pedestrian 0 0 -10 756.3403140218834 168.63962403471257 947.0950017950444 575.6309264836101 -10 -10 -10 -1000 -1000 -1000 -10
2098 41 pedestrian 0 0 -10 801.0435088312698 158.61827121879153 969.911264250868 523.3141095733564 -10 -10 -10 -1000 -1000 -1000 -10
2119 43 pedestrian 0 0 -10 712.3680011517138 225.72828369140626 846.089213203755 516.6205200195313 -10 -10 -10 -1000 -1000 -1000 -10
2120 43 pedestrian 0 0 -10 712.0462001095507 221.33565298158356 846.3348609427493 513.3261408796518 -10 -10 -10 -1000 -1000 -1000 -10
2121 43 pedestrian 0 0 -10 709.9950302122359 216.4467963916966 847.7284100350626 515.3151267489333 -10 -10 -10 -1000 -1000 -1000 -10
2122 43 pedestrian 0 0 -10 709.5765497729119 215.78198078470118 847.6811262035928 514.9879578429005 -10 -10 -10 -1000 -1000 -1000 -10
2123 43 pedestrian 0 0 -10 714.5028559246196 215.94670592488322 852.5907746401431 515.166180652895 -10 -10 -10 -1000 -1000 -1000 -10
2124 43 pedestrian 0 0 -10 711.4520683789902 215.3814965462971 850.2982205486106 515.8615836262853 -10 -10 -10 -1000 -1000 -1000 -10
2125 43 pedestrian 0 0 -10 711.1600217012732 217.99796573778883 848.1221392961687 513.3911203743633 -10 -10 -10 -1000 -1000 -1000 -10
2126 43 pedestrian 0 0 -10 696.9692824833385 157.32348987506063 861.4706008805107 515.3770025903156 -10 -10 -10 -1000 -1000 -1000 -10
2127 43 pedestrian 0 0 -10 692.5697537694293 135.994559676169 865.6293144230202 516.0627142973478 -10 -10 -10 -1000 -1000 -1000 -10
2142 44 pedestrian 0 0 -10 705.1701596160217 128.70279235839843 853.1843081574159 517.2917572021483 -10 -10 -10 -1000 -1000 -1000 -10
2143 44 pedestrian 0 0 -10 709.9796922159389 128.3306579845668 858.3086215413048 517.910864217336 -10 -10 -10 -1000 -1000 -1000 -10
2144 44 pedestrian 0 0 -10 712.085902367943 129.27825497019853 859.914009666054 517.1714987415426 -10 -10 -10 -1000 -1000 -1000 -10
2146 44 pedestrian 0 0 -10 706.0758606866654 128.06712052793773 855.0442163024506 517.941298048014 -10 -10 -10 -1000 -1000 -1000 -10
2219 47 pedestrian 0 0 -10 706.7272899748996 204.45263061523437 851.5175342438504 513.1542724609375 -10 -10 -10 -1000 -1000 -1000 -10
2220 47 pedestrian 0 0 -10 697.0227118511107 139.90032193765398 871.3664580626165 512.7232103158051 -10 -10 -10 -1000 -1000 -1000 -10
2300 53 pedestrian 0 0 -10 704.0663521736557 120.06397399902346 854.0997733146256 512.4168548583984 -10 -10 -10 -1000 -1000 -1000 -10
2330 54 pedestrian 0 0 -10 700.2190290726842 125.15840454101561 871.2704240523158 521.2299926757812 -10 -10 -10 -1000 -1000 -1000 -10
2331 54 pedestrian 0 0 -10 701.0035969708408 126.95133962337152 870.3158509607993 519.4118172234622 -10 -10 -10 -1000 -1000 -1000 -10
2332 54 pedestrian 0 0 -10 700.8015887649589 126.33216322720372 870.5860757390979 520.2507743711565 -10 -10 -10 -1000 -1000 -1000 -10
2333 54 pedestrian 0 0 -10 702.6545922211775 135.41029634416182 868.9759576104423 521.0364834055306 -10 -10 -10 -1000 -1000 -1000 -10
2334 54 pedestrian 0 0 -10 701.5175755855535 129.71025243247774 869.9309477131341 520.7444347363397 -10 -10 -10 -1000 -1000 -1000 -10
2336 54 pedestrian 0 0 -10 697.6093530086453 137.34151652097984 863.0901396042341 521.5970030713411 -10 -10 -10 -1000 -1000 -1000 -10
2340 54 pedestrian 0 0 -10 696.4101002488586 131.5916507968956 861.1158539579274 516.5250394481824 -10 -10 -10 -1000 -1000 -1000 -10
2341 54 pedestrian 0 0 -10 700.8382516689027 124.47368716356192 865.9373922689971 512.9640106742702 -10 -10 -10 -1000 -1000 -1000 -10
2342 54 pedestrian 0 0 -10 702.7499866722601 121.78535848164552 867.3925455106015 511.7908221703699 -10 -10 -10 -1000 -1000 -1000 -10
2343 54 pedestrian 0 0 -10 703.8423292004111 120.86047509359369 867.763346743372 511.1703932357708 -10 -10 -10 -1000 -1000 -1000 -10
2344 54 pedestrian 0 0 -10 704.5858095249248 121.09695325593 867.6767265718354 510.49819267727264 -10 -10 -10 -1000 -1000 -1000 -10
2349 54 pedestrian 0 0 -10 707.3579238325061 120.6712332731031 865.1293819892737 498.4727738763694 -10 -10 -10 -1000 -1000 -1000 -10
2350 54 pedestrian 0 0 -10 708.43341335023 122.01381832706141 864.2470701311549 496.36327667763163 -10 -10 -10 -1000 -1000 -1000 -10
2351 54 pedestrian 0 0 -10 708.5723478588452 122.03853411532342 863.9663508955674 495.904710569287 -10 -10 -10 -1000 -1000 -1000 -10
2353 54 pedestrian 0 0 -10 702.8049603819311 124.1748363412351 858.3947082979697 504.7028471111565 -10 -10 -10 -1000 -1000 -1000 -10
2355 54 pedestrian 0 0 -10 696.0762568205706 125.81171121215974 850.9169833808995 506.6695544085112 -10 -10 -10 -1000 -1000 -1000 -10
2356 54 pedestrian 0 0 -10 694.9657851981519 126.20330548233369 849.3098356320057 506.74938515643316 -10 -10 -10 -1000 -1000 -1000 -10
2357 54 pedestrian 0 0 -10 694.0886396674898 129.4729730992452 849.2339554370697 512.2778113462857 -10 -10 -10 -1000 -1000 -1000 -10
2359 54 pedestrian 0 0 -10 698.304336126776 123.01541423599593 855.3520815770471 512.8461698015099 -10 -10 -10 -1000 -1000 -1000 -10
2365 54 pedestrian 0 0 -10 702.1138021737193 170.41481602468988 841.930064824972 514.8096976187486 -10 -10 -10 -1000 -1000 -1000 -10
2366 54 pedestrian 0 0 -10 701.1309399005119 170.91487218964514 842.5367684186817 518.8839029140746 -10 -10 -10 -1000 -1000 -1000 -10
2367 54 pedestrian 0 0 -10 698.5908870698646 150.6425822789222 844.946843969282 512.674254723461 -10 -10 -10 -1000 -1000 -1000 -10
2368 54 pedestrian 0 0 -10 700.9479224171979 139.90332581967644 852.2840607832346 513.5486648429275 -10 -10 -10 -1000 -1000 -1000 -10
2373 57 pedestrian 0 0 -10 719.3296446186887 128.93720855712894 884.3251161234989 527.2827041625976 -10 -10 -10 -1000 -1000 -1000 -10
2375 57 pedestrian 0 0 -10 722.1092728908188 137.67571023615403 891.9070051004264 547.531128860739 -10 -10 -10 -1000 -1000 -1000 -10
2376 57 pedestrian 0 0 -10 729.7588969583506 136.98026514068482 906.867048498353 564.7583978894795 -10 -10 -10 -1000 -1000 -1000 -10
2377 57 pedestrian 0 0 -10 731.4572486845564 135.80480291761143 912.1117228651176 570.777436019662 -10 -10 -10 -1000 -1000 -1000 -10
2378 57 pedestrian 0 0 -10 730.5651855707758 136.93747475041872 915.2081198601588 580.6655212075934 -10 -10 -10 -1000 -1000 -1000 -10
2379 57 pedestrian 0 0 -10 715.5905428501794 146.69782134656242 901.9845351981538 594.2198581230136 -10 -10 -10 -1000 -1000 -1000 -10
2380 57 pedestrian 0 0 -10 700.14090507767 154.27696006229883 887.3454939737667 603.454015829652 -10 -10 -10 -1000 -1000 -1000 -10
2381 57 pedestrian 0 0 -10 693.9563315291679 156.32555515535412 882.399108314686 608.6824420849397 -10 -10 -10 -1000 -1000 -1000 -10
2382 57 pedestrian 0 0 -10 678.9998658481173 157.43020950976182 873.8268209913156 626.760383848436 -10 -10 -10 -1000 -1000 -1000 -10
2383 57 pedestrian 0 0 -10 664.2488631536661 161.98302144949133 861.9345536622727 639.1495151538732 -10 -10 -10 -1000 -1000 -1000 -10
2386 57 pedestrian 0 0 -10 679.5639194201816 165.3597022313214 880.5233815839314 655.9193916617772 -10 -10 -10 -1000 -1000 -1000 -10
2387 57 pedestrian 0 0 -10 682.6401581481872 163.49190332691524 884.1096873581455 659.2326567448193 -10 -10 -10 -1000 -1000 -1000 -10
2388 57 pedestrian 0 0 -10 670.4700400626983 169.5837859962072 871.1110625568311 662.1215420676441 -10 -10 -10 -1000 -1000 -1000 -10
2389 57 pedestrian 0 0 -10 652.3148453118259 175.98682602905868 851.3487234015943 659.1122096269793 -10 -10 -10 -1000 -1000 -1000 -10
2390 57 pedestrian 0 0 -10 639.2444784112312 180.6291324821824 840.8431617873002 663.9401390587982 -10 -10 -10 -1000 -1000 -1000 -10
2393 57 pedestrian 0 0 -10 653.481585666008 176.86288039728151 851.1706782002703 649.1998707364776 -10 -10 -10 -1000 -1000 -1000 -10
2394 57 pedestrian 0 0 -10 648.5117830549016 178.5042145766679 852.1718525535678 662.5554318341344 -10 -10 -10 -1000 -1000 -1000 -10
2395 57 pedestrian 0 0 -10 634.3187991936041 176.96532834860727 846.2998044130729 678.140341350723 -10 -10 -10 -1000 -1000 -1000 -10
2396 57 pedestrian 0 0 -10 607.9731483023388 172.2538506081106 837.4051000776756 715.8028029666766 -10 -10 -10 -1000 -1000 -1000 -10
2397 57 pedestrian 0 0 -10 609.6470216473191 172.47610746865791 840.9639593907885 719.0230614272826 -10 -10 -10 -1000 -1000 -1000 -10
2398 57 pedestrian 0 0 -10 623.2680636947447 172.10637579992232 848.1425651592397 701.8685791211926 -10 -10 -10 -1000 -1000 -1000 -10
2399 57 pedestrian 0 0 -10 636.1632077515864 178.53002902554198 853.0759003258761 688.1507137015337 -10 -10 -10 -1000 -1000 -1000 -10
2400 57 pedestrian 0 0 -10 640.5643638105922 179.45167537201928 855.4307888278388 684.0130425155011 -10 -10 -10 -1000 -1000 -1000 -10
2402 57 pedestrian 0 0 -10 641.5544262587467 165.2574357313007 857.9387469881024 675.0904079792969 -10 -10 -10 -1000 -1000 -1000 -10
2417 58 pedestrian 0 0 -10 617.2783800165677 175.3077392578125 838.0856336553072 718.6387817382813 -10 -10 -10 -1000 -1000 -1000 -10
2418 58 pedestrian 0 0 -10 615.8757001437787 172.41951925782166 841.8931098610582 728.1827073374177 -10 -10 -10 -1000 -1000 -1000 -10
2419 58 pedestrian 0 0 -10 616.7378769882736 167.21735084377082 852.3808478280371 746.2752456810188 -10 -10 -10 -1000 -1000 -1000 -10
2420 58 pedestrian 0 0 -10 596.2503130299928 160.30577949567476 876.598263019106 851.2958440193481 -10 -10 -10 -1000 -1000 -1000 -10
2421 58 pedestrian 0 0 -10 608.1204757628851 163.35282223427726 865.8253415194474 797.6707920635276 -10 -10 -10 -1000 -1000 -1000 -10
2423 58 pedestrian 0 0 -10 617.2969141130055 165.4679217625477 857.0083392074226 753.910557846521 -10 -10 -10 -1000 -1000 -1000 -10
2424 58 pedestrian 0 0 -10 598.2332211378447 169.27695179481645 875.2474696865418 853.0593407307524 -10 -10 -10 -1000 -1000 -1000 -10
2436 60 pedestrian 0 0 -10 630.1697023586363 163.17731018066405 844.9441160007386 665.0459014892579 -10 -10 -10 -1000 -1000 -1000 -10
2437 60 pedestrian 0 0 -10 627.6443197515072 173.70439280141846 834.8669793384861 657.4367327850457 -10 -10 -10 -1000 -1000 -1000 -10
2438 60 pedestrian 0 0 -10 630.2704969542126 173.00447861582097 838.6252679063144 658.8645420979415 -10 -10 -10 -1000 -1000 -1000 -10
2442 60 pedestrian 0 0 -10 596.9756483591993 173.144841214012 821.5872634737012 698.9403410737772 -10 -10 -10 -1000 -1000 -1000 -10
2443 60 pedestrian 0 0 -10 600.3589560434943 171.27798125486794 823.3824261928446 694.6486498784566 -10 -10 -10 -1000 -1000 -1000 -10
2445 60 pedestrian 0 0 -10 604.5473148558631 163.9021671793692 832.335754974838 699.2968492543218 -10 -10 -10 -1000 -1000 -1000 -10
2448 60 pedestrian 0 0 -10 597.2702125592718 164.5951936513324 832.2012310364167 721.2388843577098 -10 -10 -10 -1000 -1000 -1000 -10
2452 60 pedestrian 0 0 -10 602.9957942461416 164.6474595914999 837.7070153045421 725.4401675470144 -10 -10 -10 -1000 -1000 -1000 -10
2453 60 pedestrian 0 0 -10 598.1170958729766 165.08986307168692 834.8697348286381 734.2721221976901 -10 -10 -10 -1000 -1000 -1000 -10
2454 60 pedestrian 0 0 -10 597.929110655419 168.56708193180862 832.4466335266975 734.2638243424209 -10 -10 -10 -1000 -1000 -1000 -10
2455 60 pedestrian 0 0 -10 597.1495764143652 166.4079832360182 832.5648355992913 737.3574393258798 -10 -10 -10 -1000 -1000 -1000 -10
2456 60 pedestrian 0 0 -10 598.0078882315695 167.9987767954816 831.0442805183735 736.0210626016506 -10 -10 -10 -1000 -1000 -1000 -10
2457 60 pedestrian 0 0 -10 609.3295437241047 171.3215067729975 828.9638439418513 704.3808665595523 -10 -10 -10 -1000 -1000 -1000 -10
2458 60 pedestrian 0 0 -10 604.4379334701805 170.6940564446536 827.81027758362 713.1089065108808 -10 -10 -10 -1000 -1000 -1000 -10
2459 60 pedestrian 0 0 -10 611.7077736944666 171.77369504443283 828.0250427145958 696.3815941698479 -10 -10 -10 -1000 -1000 -1000 -10
2460 60 pedestrian 0 0 -10 605.4495241655563 170.9647165724345 827.4622537712925 710.269983110838 -10 -10 -10 -1000 -1000 -1000 -10
2461 60 pedestrian 0 0 -10 601.9048181793829 171.75991844068233 828.5573129466459 723.5917023270667 -10 -10 -10 -1000 -1000 -1000 -10
2462 60 pedestrian 0 0 -10 596.2450638227576 171.63207283874402 824.5064000259841 729.2499464188372 -10 -10 -10 -1000 -1000 -1000 -10
2463 60 pedestrian 0 0 -10 600.9069128429833 172.74444724486358 824.9605375496087 720.5502340882424 -10 -10 -10 -1000 -1000 -1000 -10
2464 60 pedestrian 0 0 -10 602.0846748760321 171.37111071511902 825.8289868334543 719.2236926157408 -10 -10 -10 -1000 -1000 -1000 -10
2466 60 pedestrian 0 0 -10 595.5693862803523 171.20722378929162 822.4034820920962 729.1630262512699 -10 -10 -10 -1000 -1000 -1000 -10
2467 60 pedestrian 0 0 -10 593.9186498143395 169.35929915455995 821.8858731300273 732.8831469388479 -10 -10 -10 -1000 -1000 -1000 -10
2469 60 pedestrian 0 0 -10 595.0323538417239 167.0588829864521 820.0215492502582 725.1579118297512 -10 -10 -10 -1000 -1000 -1000 -10
2470 60 pedestrian 0 0 -10 595.2485180865993 169.91952601962555 819.7547746910333 729.3644010224597 -10 -10 -10 -1000 -1000 -1000 -10
2471 60 pedestrian 0 0 -10 595.641372976503 171.3201782023345 819.3289067629491 730.3573533707981 -10 -10 -10 -1000 -1000 -1000 -10
2472 60 pedestrian 0 0 -10 595.4181505724283 170.4295837582551 819.745829449431 732.0800410953914 -10 -10 -10 -1000 -1000 -1000 -10
2473 60 pedestrian 0 0 -10 594.2415072697823 167.55929502992745 820.7468362810769 735.1177081450624 -10 -10 -10 -1000 -1000 -1000 -10
2474 60 pedestrian 0 0 -10 593.983804840165 167.40545990258 820.9479538937558 735.395388634827 -10 -10 -10 -1000 -1000 -1000 -10
2475 60 pedestrian 0 0 -10 593.9020373988561 166.72188912502327 821.2201737412839 736.0020187874966 -10 -10 -10 -1000 -1000 -1000 -10
2476 60 pedestrian 0 0 -10 605.0910086010067 170.3146784995816 819.760321253321 704.1882870553488 -10 -10 -10 -1000 -1000 -1000 -10
2477 60 pedestrian 0 0 -10 609.08600770303 171.71727111912264 819.4960687059856 691.7717508830805 -10 -10 -10 -1000 -1000 -1000 -10
2478 60 pedestrian 0 0 -10 610.7385890077835 173.619099902757 819.3550209440093 685.9589531159843 -10 -10 -10 -1000 -1000 -1000 -10
2479 60 pedestrian 0 0 -10 610.8649646928352 174.24456189648362 819.4024935774227 684.3919337015948 -10 -10 -10 -1000 -1000 -1000 -10
2480 60 pedestrian 0 0 -10 610.4302902874825 174.25600202822895 819.690546293789 684.1720395175325 -10 -10 -10 -1000 -1000 -1000 -10
2481 60 pedestrian 0 0 -10 598.0489329687166 169.06561625472222 822.6114179050571 717.6821289247646 -10 -10 -10 -1000 -1000 -1000 -10
2482 60 pedestrian 0 0 -10 594.5650951788477 168.62893208837772 822.8718240570167 728.5033291924731 -10 -10 -10 -1000 -1000 -1000 -10
2483 60 pedestrian 0 0 -10 603.8636287634392 170.74780405203518 821.6266218871864 702.6452723073176 -10 -10 -10 -1000 -1000 -1000 -10
2484 60 pedestrian 0 0 -10 607.3146506183795 171.18882943867055 821.297291645685 692.6777258991958 -10 -10 -10 -1000 -1000 -1000 -10
2485 60 pedestrian 0 0 -10 608.1655337518885 170.72842638666077 821.5986635925009 689.5856087951217 -10 -10 -10 -1000 -1000 -1000 -10
2486 60 pedestrian 0 0 -10 606.2828221659394 170.37776101172147 823.7659207568244 698.283186888656 -10 -10 -10 -1000 -1000 -1000 -10
2487 60 pedestrian 0 0 -10 601.0446506799099 167.7980628973811 828.8021405482855 722.7405902794029 -10 -10 -10 -1000 -1000 -1000 -10
2488 60 pedestrian 0 0 -10 604.7990288032796 171.3751525995579 825.621406212483 708.9565961950648 -10 -10 -10 -1000 -1000 -1000 -10
2489 60 pedestrian 0 0 -10 597.039976633949 170.28839462907223 823.9427251170297 724.8918975834088 -10 -10 -10 -1000 -1000 -1000 -10
2490 60 pedestrian 0 0 -10 599.5792412278477 167.74617224146152 826.8204466431201 723.3995092050335 -10 -10 -10 -1000 -1000 -1000 -10
2491 60 pedestrian 0 0 -10 594.5366009332247 166.5479622175368 825.1371100000081 732.4416738593616 -10 -10 -10 -1000 -1000 -1000 -10
2492 60 pedestrian 0 0 -10 604.6266661957467 171.35091884822214 821.4942028421791 702.4551485861003 -10 -10 -10 -1000 -1000 -1000 -10
2496 60 pedestrian 0 0 -10 606.772760545967 173.15949937767442 822.5994557293178 700.11581049197 -10 -10 -10 -1000 -1000 -1000 -10
2497 60 pedestrian 0 0 -10 598.3145334343175 168.23632806914907 821.892849642889 715.1240985089227 -10 -10 -10 -1000 -1000 -1000 -10
2498 60 pedestrian 0 0 -10 596.4861844065904 161.9920162210235 829.5148005561226 734.0206004576308 -10 -10 -10 -1000 -1000 -1000 -10
2499 60 pedestrian 0 0 -10 594.6548969237426 160.86671912046143 833.9107128340723 749.1786309821666 -10 -10 -10 -1000 -1000 -1000 -10
2500 60 pedestrian 0 0 -10 603.877755388548 164.90626709670255 834.77519364427 731.970720725783 -10 -10 -10 -1000 -1000 -1000 -10
2501 60 pedestrian 0 0 -10 605.8184676406759 162.10769617338008 836.6219153029899 729.431596923749 -10 -10 -10 -1000 -1000 -1000 -10
2502 60 pedestrian 0 0 -10 618.7956566825961 166.305056990043 834.4628640090948 695.3783797090678 -10 -10 -10 -1000 -1000 -1000 -10
2503 60 pedestrian 0 0 -10 605.0125654488199 163.0089014405462 833.2094745664352 725.4108943158199 -10 -10 -10 -1000 -1000 -1000 -10
2504 60 pedestrian 0 0 -10 609.6099933820807 164.83991199681486 832.8374683801917 714.4058702791577 -10 -10 -10 -1000 -1000 -1000 -10
2506 60 pedestrian 0 0 -10 607.0971028071641 173.18420474135513 826.3134488224043 712.7925442821115 -10 -10 -10 -1000 -1000 -1000 -10
2507 60 pedestrian 0 0 -10 607.2728910867198 178.6696429082043 823.5217076120792 708.8507441178728 -10 -10 -10 -1000 -1000 -1000 -10
2508 60 pedestrian 0 0 -10 604.4049251301225 174.80327969241898 825.3526789921129 713.5397793615599 -10 -10 -10 -1000 -1000 -1000 -10
2509 60 pedestrian 0 0 -10 603.7163589917757 174.174388726308 825.9756411394876 714.2471280295372 -10 -10 -10 -1000 -1000 -1000 -10
2510 60 pedestrian 0 0 -10 603.4056784088942 177.99012492236147 826.1379703641095 719.6722467520945 -10 -10 -10 -1000 -1000 -1000 -10
2511 60 pedestrian 0 0 -10 604.1494355719608 181.6398269299604 825.1312564681597 719.9781963763312 -10 -10 -10 -1000 -1000 -1000 -10
2512 60 pedestrian 0 0 -10 608.9923466375978 185.0873083583865 820.3138528321123 698.648546508 -10 -10 -10 -1000 -1000 -1000 -10
2513 60 pedestrian 0 0 -10 620.7374512300379 182.38708317106577 828.2456677863248 684.274098235075 -10 -10 -10 -1000 -1000 -1000 -10
2514 60 pedestrian 0 0 -10 624.2030032250391 178.62701505790716 832.4398015465355 681.8695897619152 -10 -10 -10 -1000 -1000 -1000 -10
2515 60 pedestrian 0 0 -10 628.633363875535 180.01016174546152 839.1301208797229 688.4499994298144 -10 -10 -10 -1000 -1000 -1000 -10
2516 60 pedestrian 0 0 -10 628.4590304415526 178.72044456588438 834.5589073181087 674.6241333610459 -10 -10 -10 -1000 -1000 -1000 -10
2517 60 pedestrian 0 0 -10 630.0421850700409 183.04004416940037 830.5109977744399 664.1076929392691 -10 -10 -10 -1000 -1000 -1000 -10
2518 60 pedestrian 0 0 -10 635.9970428344244 181.11909446952507 833.3901387437069 654.3029694611281 -10 -10 -10 -1000 -1000 -1000 -10
2519 60 pedestrian 0 0 -10 642.5963414766084 180.70488522239236 839.0047028903297 650.4623809402564 -10 -10 -10 -1000 -1000 -1000 -10
2520 60 pedestrian 0 0 -10 644.4226117174276 179.96815572020031 841.5080074672529 649.4930996224979 -10 -10 -10 -1000 -1000 -1000 -10
2521 60 pedestrian 0 0 -10 639.3545173452968 177.5279367396488 838.8226886613804 652.2636672635832 -10 -10 -10 -1000 -1000 -1000 -10
2522 60 pedestrian 0 0 -10 636.578247092166 178.69375829002408 838.9216625408926 660.1327871929669 -10 -10 -10 -1000 -1000 -1000 -10
2523 60 pedestrian 0 0 -10 635.0768133049651 178.64059274475565 838.933039883327 663.6230931662188 -10 -10 -10 -1000 -1000 -1000 -10
2524 60 pedestrian 0 0 -10 629.0736709239944 177.18833671702652 835.0893076735023 667.0294786507238 -10 -10 -10 -1000 -1000 -1000 -10
2525 60 pedestrian 0 0 -10 624.3017599224396 174.86233832609224 836.206758729904 679.1028284023969 -10 -10 -10 -1000 -1000 -1000 -10
2526 60 pedestrian 0 0 -10 622.2825296031829 173.80171657466698 836.8298305170175 683.5647915285128 -10 -10 -10 -1000 -1000 -1000 -10
2527 60 pedestrian 0 0 -10 613.3954679526771 169.98547960082914 835.7344435792329 698.1440277295167 -10 -10 -10 -1000 -1000 -1000 -10
2528 60 pedestrian 0 0 -10 622.8656974458703 172.45239593293087 841.182897968737 690.8477885724196 -10 -10 -10 -1000 -1000 -1000 -10
2529 60 pedestrian 0 0 -10 610.8167714374727 169.26536555492282 849.6176984498438 738.9495860459647 -10 -10 -10 -1000 -1000 -1000 -10
2530 60 pedestrian 0 0 -10 619.4826136618584 166.16491691606586 848.596584928252 713.2789758555242 -10 -10 -10 -1000 -1000 -1000 -10
2531 60 pedestrian 0 0 -10 622.7591182547021 168.38731705799927 848.3090955763262 707.905541032439 -10 -10 -10 -1000 -1000 -1000 -10
2532 60 pedestrian 0 0 -10 609.1973398317778 166.57591576548083 853.9702353811425 755.6645170246143 -10 -10 -10 -1000 -1000 -1000 -10
2533 60 pedestrian 0 0 -10 610.8233593919642 168.34096770840125 849.1986902408306 743.3826739628248 -10 -10 -10 -1000 -1000 -1000 -10
2534 60 pedestrian 0 0 -10 603.4642997619598 171.313003216377 836.7023064689613 735.507283534947 -10 -10 -10 -1000 -1000 -1000 -10
2535 60 pedestrian 0 0 -10 596.2481237890537 171.7948154571328 826.8143078676065 733.1919860873846 -10 -10 -10 -1000 -1000 -1000 -10
2536 60 pedestrian 0 0 -10 593.1783846740171 174.07196997395982 823.9663556458081 739.5419870395808 -10 -10 -10 -1000 -1000 -1000 -10
2537 60 pedestrian 0 0 -10 599.3739996342262 176.76518965137177 824.8417435134011 730.6167534898151 -10 -10 -10 -1000 -1000 -1000 -10
2538 60 pedestrian 0 0 -10 599.8250202859915 176.73134122363922 826.754841201977 737.4340685120911 -10 -10 -10 -1000 -1000 -1000 -10
2541 63 pedestrian 0 0 -10 878.3143002926103 134.7816101074219 992.0901308597333 440.04437255859375 -10 -10 -10 -1000 -1000 -1000 -10
2542 60 pedestrian 0 0 -10 614.3980513816663 176.53782954330228 827.1864230738306 703.4119835279073 -10 -10 -10 -1000 -1000 -1000 -10
2543 60 pedestrian 0 0 -10 607.6065053274195 177.45461361520836 825.4451741259722 718.2444349998544 -10 -10 -10 -1000 -1000 -1000 -10
2544 60 pedestrian 0 0 -10 599.1819558857876 175.68181968264184 821.8596604179966 733.7879218173523 -10 -10 -10 -1000 -1000 -1000 -10
2545 60 pedestrian 0 0 -10 605.4658263638354 181.69930395103256 829.6249026455445 742.2153123047501 -10 -10 -10 -1000 -1000 -1000 -10
2546 60 pedestrian 0 0 -10 606.6036714004592 186.56175179193144 825.257135204833 733.8450238138711 -10 -10 -10 -1000 -1000 -1000 -10
2547 60 pedestrian 0 0 -10 611.7045428284777 189.07931614789067 827.9269777822748 729.6236760099789 -10 -10 -10 -1000 -1000 -1000 -10
2548 60 pedestrian 0 0 -10 606.640890238217 195.90971622376685 817.2943102038413 722.2322146520527 -10 -10 -10 -1000 -1000 -1000 -10
2549 60 pedestrian 0 0 -10 613.7629478452639 194.79613626035876 823.2390282952908 713.6772693441665 -10 -10 -10 -1000 -1000 -1000 -10
2550 60 pedestrian 0 0 -10 630.883530046847 185.99825259082473 848.839251911531 718.4425620579916 -10 -10 -10 -1000 -1000 -1000 -10
2551 60 pedestrian 0 0 -10 653.7449529642645 183.88110770050127 878.837146051169 729.2933419011127 -10 -10 -10 -1000 -1000 -1000 -10
2552 60 pedestrian 0 0 -10 673.1666528377211 184.71448836505414 907.6900416315502 750.0082817765383 -10 -10 -10 -1000 -1000 -1000 -10
2553 60 pedestrian 0 0 -10 696.7021859875815 222.20428637781703 929.7482146305547 785.2147429635668 -10 -10 -10 -1000 -1000 -1000 -10
2554 60 pedestrian 0 0 -10 670.743430638312 256.9326951457609 925.9668278521772 872.0180521879652 -10 -10 -10 -1000 -1000 -1000 -10
2556 64 pedestrian 0 0 -10 744.958719071304 138.77428588867184 937.749740401352 647.0349609375 -10 -10 -10 -1000 -1000 -1000 -10
2559 60 pedestrian 0 0 -10 625.9563667076836 332.66248393680087 928.9128481686469 1064.7496779015091 -10 -10 -10 -1000 -1000 -1000 -10
2559 64 pedestrian 0 0 -10 748.5449298462712 146.24870364652386 936.9140155506076 642.2352358115669 -10 -10 -10 -1000 -1000 -1000 -10
2560 60 pedestrian 0 0 -10 612.0909155851839 343.47996637229784 918.6271105618678 1077.3220057278243 -10 -10 -10 -1000 -1000 -1000 -10
2563 64 pedestrian 0 0 -10 753.6965835275831 174.94270716173108 905.8591197497676 574.0457149667493 -10 -10 -10 -1000 -1000 -1000 -10
2564 64 pedestrian 0 0 -10 741.6609624615076 181.2405874785588 893.558817871612 574.1091863198687 -10 -10 -10 -1000 -1000 -1000 -10
2565 64 pedestrian 0 0 -10 716.5884833319467 192.36080567709362 881.1347754442771 615.739606760625 -10 -10 -10 -1000 -1000 -1000 -10
2565 65 pedestrian 0 0 -10 848.0125120246701 82.87657928466797 954.2095460807988 348.01974334716795 -10 -10 -10 -1000 -1000 -1000 -10
2566 64 pedestrian 0 0 -10 697.3654870508844 206.64538505262308 870.0289386105768 647.7914877190295 -10 -10 -10 -1000 -1000 -1000 -10
2566 65 pedestrian 0 0 -10 850.5107363281268 85.40086237449137 959.5708335381379 357.87284484978284 -10 -10 -10 -1000 -1000 -1000 -10
2567 64 pedestrian 0 0 -10 696.6059241403468 220.99759567929576 868.2004681667246 660.1558649750638 -10 -10 -10 -1000 -1000 -1000 -10
2567 65 pedestrian 0 0 -10 852.8487043649102 84.58388176409957 960.2688438111227 352.8034497476108 -10 -10 -10 -1000 -1000 -1000 -10
2568 64 pedestrian 0 0 -10 680.6210165098807 227.66072193789537 865.6935672847565 701.47607700319 -10 -10 -10 -1000 -1000 -1000 -10
2568 65 pedestrian 0 0 -10 851.6201641233198 81.46196579309162 972.9716411974621 385.0706171854156 -10 -10 -10 -1000 -1000 -1000 -10
2569 64 pedestrian 0 0 -10 665.1277765590567 234.13560562629783 856.1842804560066 721.5796106736741 -10 -10 -10 -1000 -1000 -1000 -10
2570 64 pedestrian 0 0 -10 652.9147119448669 243.26644643300978 849.396378976835 739.9347322714455 -10 -10 -10 -1000 -1000 -1000 -10
2570 65 pedestrian 0 0 -10 857.8964699792016 67.46350294927643 994.6127362149285 410.1230158935484 -10 -10 -10 -1000 -1000 -1000 -10
2571 64 pedestrian 0 0 -10 664.1404837930176 251.78983401203223 859.2973816661225 741.3632003008809 -10 -10 -10 -1000 -1000 -1000 -10
2571 65 pedestrian 0 0 -10 860.3042402445429 67.01710319631025 997.7591720271978 411.8985191140841 -10 -10 -10 -1000 -1000 -1000 -10
2572 64 pedestrian 0 0 -10 677.9040833063883 269.5412865311728 882.6503045324846 782.531472058861 -10 -10 -10 -1000 -1000 -1000 -10
2572 65 pedestrian 0 0 -10 859.5894474512195 63.340997319676035 1000.0161566570789 416.00547410056583 -10 -10 -10 -1000 -1000 -1000 -10
2574 64 pedestrian 0 0 -10 660.1472814164101 319.2930811250858 905.9321391374305 934.8080293469786 -10 -10 -10 -1000 -1000 -1000 -10
2575 64 pedestrian 0 0 -10 652.3914863052495 366.1725975313035 915.4306157979559 1021.3471203799951 -10 -10 -10 -1000 -1000 -1000 -10
2576 64 pedestrian 0 0 -10 629.0212651397378 411.65958538546187 894.9039647260112 1063.8869934043735 -10 -10 -10 -1000 -1000 -1000 -10
2577 64 pedestrian 0 0 -10 640.8763105912681 480.45578549904496 892.826340525151 1082.9452568170364 -10 -10 -10 -1000 -1000 -1000 -10
2583 64 pedestrian 0 0 -10 609.3617654077577 380.076597211826 904.3415771473618 1081.4713803801576 -10 -10 -10 -1000 -1000 -1000 -10
2584 68 pedestrian 0 0 -10 724.9083786694396 201.01720275878904 935.8239333422791 744.1889801025391 -10 -10 -10 -1000 -1000 -1000 -10
2584 64 pedestrian 0 0 -10 566.2052944263692 400.8317900861672 854.1572682107262 1082.7773095254283 -10 -10 -10 -1000 -1000 -1000 -10
2588 68 pedestrian 0 0 -10 692.8447577837551 261.8101733823457 909.9820672979947 819.8491045650612 -10 -10 -10 -1000 -1000 -1000 -10
2589 68 pedestrian 0 0 -10 701.0316682998023 280.2671385144317 917.1531956771429 833.6002991069611 -10 -10 -10 -1000 -1000 -1000 -10
2590 68 pedestrian 0 0 -10 691.6692874989961 310.6255900582205 912.2135073067221 871.9708524197479 -10 -10 -10 -1000 -1000 -1000 -10
2591 68 pedestrian 0 0 -10 639.9435330959949 340.62276407711545 881.785919970644 952.6148199453804 -10 -10 -10 -1000 -1000 -1000 -10
2592 68 pedestrian 0 0 -10 589.8685604933859 375.3024015495883 856.2415793224462 1041.0204294970229 -10 -10 -10 -1000 -1000 -1000 -10
2592 69 pedestrian 0 0 -10 860.2441535840017 97.00623321533203 983.8298454394356 445.252424621582 -10 -10 -10 -1000 -1000 -1000 -10
2593 68 pedestrian 0 0 -10 589.3779905098695 430.48111207214487 854.6070070536848 1078.173744747435 -10 -10 -10 -1000 -1000 -1000 -10
2593 69 pedestrian 0 0 -10 857.0929031422944 97.6645700733103 974.0433149953643 426.5406394554079 -10 -10 -10 -1000 -1000 -1000 -10
2594 69 pedestrian 0 0 -10 852.2851796693499 104.30790876309368 974.7014519005913 447.8928328953749 -10 -10 -10 -1000 -1000 -1000 -10
2595 69 pedestrian 0 0 -10 848.1055676792411 106.94650878318586 968.0172000118577 442.7574889606765 -10 -10 -10 -1000 -1000 -1000 -10
2596 69 pedestrian 0 0 -10 845.00413577915 112.35869217620575 968.1730301615186 456.6681509572246 -10 -10 -10 -1000 -1000 -1000 -10
2597 69 pedestrian 0 0 -10 827.5920790985182 115.8331535471757 954.6397202982324 469.6761720501995 -10 -10 -10 -1000 -1000 -1000 -10
2598 69 pedestrian 0 0 -10 814.456852798707 122.19115330209326 946.9742728668473 488.4578734329487 -10 -10 -10 -1000 -1000 -1000 -10
2598 68 pedestrian 0 0 -10 620.4277007663486 338.93747802131946 877.3388394858533 968.1676132635359 -10 -10 -10 -1000 -1000 -1000 -10
2599 69 pedestrian 0 0 -10 809.9175824609238 131.6443927001955 953.4348617838264 525.741021419152 -10 -10 -10 -1000 -1000 -1000 -10
2599 68 pedestrian 0 0 -10 638.0758415747459 364.1650804352527 879.2508721966436 953.232733666631 -10 -10 -10 -1000 -1000 -1000 -10
2600 69 pedestrian 0 0 -10 788.4097229969683 141.74553321963415 957.3554322342486 606.8922037889689 -10 -10 -10 -1000 -1000 -1000 -10
2600 68 pedestrian 0 0 -10 634.8289441950669 393.4259515672554 898.4284373852706 1034.5695083129965 -10 -10 -10 -1000 -1000 -1000 -10
2601 69 pedestrian 0 0 -10 760.7708833966932 149.99749082763782 934.498110832358 624.5352551125818 -10 -10 -10 -1000 -1000 -1000 -10
2601 68 pedestrian 0 0 -10 624.3682316485864 461.2139386423014 877.4882997510011 1068.4429559306132 -10 -10 -10 -1000 -1000 -1000 -10
2602 69 pedestrian 0 0 -10 739.5139976962045 156.21149855596067 916.9063001910688 636.857412969086 -10 -10 -10 -1000 -1000 -1000 -10
2603 69 pedestrian 0 0 -10 729.1330922594151 166.6873070166905 911.9306044860762 659.8504662680814 -10 -10 -10 -1000 -1000 -1000 -10
2604 69 pedestrian 0 0 -10 710.6296365480484 178.86937845747644 907.3175335371279 705.2787824985869 -10 -10 -10 -1000 -1000 -1000 -10
2605 69 pedestrian 0 0 -10 682.824424536409 192.0481613145456 899.2244036990228 767.9373191501904 -10 -10 -10 -1000 -1000 -1000 -10
2606 69 pedestrian 0 0 -10 668.573346808805 212.0411565490811 891.194367329333 795.3083539589256 -10 -10 -10 -1000 -1000 -1000 -10
2607 68 pedestrian 0 0 -10 656.3670845709844 259.5552092954194 921.3912960713257 896.5175439842837 -10 -10 -10 -1000 -1000 -1000 -10
2608 68 pedestrian 0 0 -10 647.0627852640187 258.53419400926896 918.3921876089704 903.2267216698667 -10 -10 -10 -1000 -1000 -1000 -10
2609 68 pedestrian 0 0 -10 600.7683313830563 279.355434608438 913.6400050879432 1015.143764319057 -10 -10 -10 -1000 -1000 -1000 -10
2610 68 pedestrian 0 0 -10 582.7950170147665 314.2298648323929 904.1255825043725 1055.0919072144734 -10 -10 -10 -1000 -1000 -1000 -10
2611 68 pedestrian 0 0 -10 606.2614454250536 364.4393791044028 924.3021127444625 1072.7562806209976 -10 -10 -10 -1000 -1000 -1000 -10
2614 74 pedestrian 0 0 -10 619.6094850937925 327.7506469726562 940.7640378554262 1077.3693115234373 -10 -10 -10 -1000 -1000 -1000 -10
2615 74 pedestrian 0 0 -10 610.4096929385671 366.65313655914355 914.6383537136962 1079.0963985215246 -10 -10 -10 -1000 -1000 -1000 -10
2616 74 pedestrian 0 0 -10 604.090806326981 417.1417028641384 886.4989417188119 1076.2874091622439 -10 -10 -10 -1000 -1000 -1000 -10
2617 74 pedestrian 0 0 -10 667.0355253506599 480.2988166920309 927.5177672533769 1081.1417402660713 -10 -10 -10 -1000 -1000 -1000 -10
2686 75 pedestrian 0 0 -10 495.7626755388309 575.3197143554687 650.0773391096068 986.8354614257812 -10 -10 -10 -1000 -1000 -1000 -10
2687 75 pedestrian 0 0 -10 496.22933565427513 574.6508128240066 649.5616818557888 983.1719423055862 -10 -10 -10 -1000 -1000 -1000 -10
2688 75 pedestrian 0 0 -10 500.142694860371 570.2036148502842 656.3595568896055 986.1825070873016 -10 -10 -10 -1000 -1000 -1000 -10
2745 76 pedestrian 0 0 -10 494.2162017166417 555.289990234375 665.0413361251551 1026.4709350585936 -10 -10 -10 -1000 -1000 -1000 -10
2746 76 pedestrian 0 0 -10 494.57046371031635 556.9754240346427 664.905972913079 1026.9279358335882 -10 -10 -10 -1000 -1000 -1000 -10
2747 76 pedestrian 0 0 -10 497.3638357592665 559.2857966694258 662.3740494431656 1014.415070686419 -10 -10 -10 -1000 -1000 -1000 -10
2813 78 pedestrian 0 0 -10 488.5481325284451 553.9175537109375 656.3644712313207 988.0919067382812 -10 -10 -10 -1000 -1000 -1000 -10
2814 78 pedestrian 0 0 -10 486.34995891858796 547.9139996823478 658.773914229076 994.0594045789207 -10 -10 -10 -1000 -1000 -1000 -10
2820 78 pedestrian 0 0 -10 489.5110189411914 562.8660363790286 655.733684776465 993.0644169880477 -10 -10 -10 -1000 -1000 -1000 -10
2821 78 pedestrian 0 0 -10 495.57854383089375 561.7034598195804 659.5092922365125 984.9604221076628 -10 -10 -10 -1000 -1000 -1000 -10
2822 78 pedestrian 0 0 -10 493.0014087007798 561.1655811021888 656.6068141448102 982.4049897964019 -10 -10 -10 -1000 -1000 -1000 -10
2823 78 pedestrian 0 0 -10 495.43376028143473 563.0164833704393 660.7657794562745 988.8253282086507 -10 -10 -10 -1000 -1000 -1000 -10
2824 78 pedestrian 0 0 -10 495.0860508375769 560.558464967987 663.5396865920872 994.7964388768073 -10 -10 -10 -1000 -1000 -1000 -10
2825 78 pedestrian 0 0 -10 494.96098430719974 559.4203078420196 664.7255951466656 997.3868459237003 -10 -10 -10 -1000 -1000 -1000 -10
2826 78 pedestrian 0 0 -10 495.18789414193446 559.4732478593475 665.0536094342433 997.3151361791047 -10 -10 -10 -1000 -1000 -1000 -10
2827 78 pedestrian 0 0 -10 498.31069969364455 563.4818803632836 661.8974417648171 984.2866100570909 -10 -10 -10 -1000 -1000 -1000 -10
2828 78 pedestrian 0 0 -10 501.28323125049707 565.0412188425646 658.7844317796853 969.5338775276792 -10 -10 -10 -1000 -1000 -1000 -10
2829 78 pedestrian 0 0 -10 498.0831178985159 554.8034941604192 662.2264945260289 974.78419365478 -10 -10 -10 -1000 -1000 -1000 -10
2971 81 pedestrian 0 0 -10 840.1917117182782 148.13953552246093 962.6692990239093 492.9423431396484 -10 -10 -10 -1000 -1000 -1000 -10
2972 81 pedestrian 0 0 -10 843.2370776410502 148.22077196554125 966.9407971528476 496.6330136264625 -10 -10 -10 -1000 -1000 -1000 -10
2974 81 pedestrian 0 0 -10 830.1940172272144 155.63218017903387 959.0267406647578 517.0353440849567 -10 -10 -10 -1000 -1000 -1000 -10
2975 81 pedestrian 0 0 -10 821.9454510981624 155.40938443159786 953.4341228867097 521.7865484950096 -10 -10 -10 -1000 -1000 -1000 -10
2976 81 pedestrian 0 0 -10 823.2670202902527 154.03720725655074 956.7954926570337 524.1523356261221 -10 -10 -10 -1000 -1000 -1000 -10
2977 81 pedestrian 0 0 -10 828.7456788579807 154.3989835533349 962.7786510342427 524.7320794577752 -10 -10 -10 -1000 -1000 -1000 -10
2978 81 pedestrian 0 0 -10 830.9716565967068 158.79762163965054 965.0353825941044 527.9393218834475 -10 -10 -10 -1000 -1000 -1000 -10
2979 81 pedestrian 0 0 -10 832.3756899442279 157.802734064573 966.0854142977522 524.6337872823792 -10 -10 -10 -1000 -1000 -1000 -10
2980 81 pedestrian 0 0 -10 833.1797558236148 161.79275546611416 966.3213110226429 526.291207173636 -10 -10 -10 -1000 -1000 -1000 -10
2981 81 pedestrian 0 0 -10 833.0436671238404 162.68876337922805 966.7003093024854 527.5156739870125 -10 -10 -10 -1000 -1000 -1000 -10
2982 81 pedestrian 0 0 -10 833.0248034926061 163.38870745573945 966.4932881487154 527.0481656623601 -10 -10 -10 -1000 -1000 -1000 -10
2983 81 pedestrian 0 0 -10 833.4181602441685 164.48527407799745 966.1380856330904 525.670405131356 -10 -10 -10 -1000 -1000 -1000 -10
2984 81 pedestrian 0 0 -10 832.8003419153073 163.49881930039408 966.4720028214957 526.6998823366837 -10 -10 -10 -1000 -1000 -1000 -10
2985 81 pedestrian 0 0 -10 832.1488541011498 162.7693377191878 967.0010488747135 527.4321026527554 -10 -10 -10 -1000 -1000 -1000 -10
2986 81 pedestrian 0 0 -10 833.0051020020364 161.0121635610378 966.5994510396106 520.2846532155344 -10 -10 -10 -1000 -1000 -1000 -10
2987 81 pedestrian 0 0 -10 836.9863747600837 158.56875111083156 971.735706070461 519.9493671065518 -10 -10 -10 -1000 -1000 -1000 -10
2988 81 pedestrian 0 0 -10 837.5737371876926 156.2628154114153 974.6585152357803 521.5650370385305 -10 -10 -10 -1000 -1000 -1000 -10
2989 81 pedestrian 0 0 -10 838.2877539592841 156.2186555015021 975.3705248853042 520.8613673905143 -10 -10 -10 -1000 -1000 -1000 -10
2990 81 pedestrian 0 0 -10 838.4383618489491 155.78722382049892 975.9184715400605 520.9277460576272 -10 -10 -10 -1000 -1000 -1000 -10
2991 81 pedestrian 0 0 -10 838.4068592857952 156.46080447385023 975.8742272120446 520.3652554070283 -10 -10 -10 -1000 -1000 -1000 -10
2992 81 pedestrian 0 0 -10 837.5386190272927 154.99858049058167 976.2009711121442 521.8169330593405 -10 -10 -10 -1000 -1000 -1000 -10
2994 81 pedestrian 0 0 -10 827.7566342678172 158.1938847385152 964.4243502612538 518.5824085194332 -10 -10 -10 -1000 -1000 -1000 -10
2995 81 pedestrian 0 0 -10 825.7062988929599 160.70326301580866 960.8778862020914 515.0845179798093 -10 -10 -10 -1000 -1000 -1000 -10
2996 81 pedestrian 0 0 -10 824.3132960445679 159.84453835280297 960.3987925769633 515.5729832176908 -10 -10 -10 -1000 -1000 -1000 -10
2997 81 pedestrian 0 0 -10 824.5810417358388 160.80523699953616 960.4194302161233 514.861191793071 -10 -10 -10 -1000 -1000 -1000 -10
2998 81 pedestrian 0 0 -10 824.4268424601938 160.57039648775051 960.7245437382262 515.5274193558266 -10 -10 -10 -1000 -1000 -1000 -10
2999 81 pedestrian 0 0 -10 828.7926747885646 160.2198875094565 965.2023462053593 515.8711701335114 -10 -10 -10 -1000 -1000 -1000 -10
3001 81 pedestrian 0 0 -10 833.4203981038511 152.83496033639992 975.5440683175829 524.3805807066792 -10 -10 -10 -1000 -1000 -1000 -10
3002 81 pedestrian 0 0 -10 830.6306667304971 153.05457527429888 972.9611569071683 524.0161385610525 -10 -10 -10 -1000 -1000 -1000 -10
3003 81 pedestrian 0 0 -10 833.5272059745449 151.78046399657353 976.7369193536439 524.6976797118422 -10 -10 -10 -1000 -1000 -1000 -10
3004 81 pedestrian 0 0 -10 834.7530080264177 151.265920328145 978.0842726297547 525.2547235900108 -10 -10 -10 -1000 -1000 -1000 -10
3005 81 pedestrian 0 0 -10 825.6657533135983 150.82087065504058 969.989501984012 524.8829118288367 -10 -10 -10 -1000 -1000 -1000 -10
3006 81 pedestrian 0 0 -10 831.7227502128201 150.6997409364762 975.1768231852855 524.8336643361106 -10 -10 -10 -1000 -1000 -1000 -10
3007 81 pedestrian 0 0 -10 829.3074682539334 149.7531429092577 973.3432128479797 525.6891329020107 -10 -10 -10 -1000 -1000 -1000 -10
3008 81 pedestrian 0 0 -10 833.3220042745364 149.21108407057216 976.7657227385017 526.3906448128694 -10 -10 -10 -1000 -1000 -1000 -10
3009 81 pedestrian 0 0 -10 830.3242418245442 149.32011356632668 973.8628054311977 526.5034445187531 -10 -10 -10 -1000 -1000 -1000 -10
3010 81 pedestrian 0 0 -10 833.4894449232088 149.67771054541387 976.4357568564684 525.6988146255001 -10 -10 -10 -1000 -1000 -1000 -10
3011 81 pedestrian 0 0 -10 834.779863666429 149.12792347433324 977.2551107408277 525.7781542476228 -10 -10 -10 -1000 -1000 -1000 -10
3012 81 pedestrian 0 0 -10 830.6952086136375 149.15948991687387 973.5122042800787 526.1075979015558 -10 -10 -10 -1000 -1000 -1000 -10
3013 81 pedestrian 0 0 -10 830.2350744999474 150.89136645013207 971.1301671488 524.0600825424049 -10 -10 -10 -1000 -1000 -1000 -10
3014 81 pedestrian 0 0 -10 834.182206413333 150.2935140631861 975.0433895671705 525.2777206121266 -10 -10 -10 -1000 -1000 -1000 -10
3015 81 pedestrian 0 0 -10 835.6901254078475 149.71758150999227 976.290487195884 525.8024607571895 -10 -10 -10 -1000 -1000 -1000 -10
3016 81 pedestrian 0 0 -10 837.6074621609922 151.99509129448128 976.1187650763212 523.7743243269374 -10 -10 -10 -1000 -1000 -1000 -10
3017 81 pedestrian 0 0 -10 832.3030356846417 150.68872664755273 972.3670122113284 524.7162521453951 -10 -10 -10 -1000 -1000 -1000 -10
3018 81 pedestrian 0 0 -10 829.9893991969785 150.0019589878522 971.3377404842739 525.0987840821105 -10 -10 -10 -1000 -1000 -1000 -10
3019 81 pedestrian 0 0 -10 838.8361500877435 149.363051857581 979.2354490267255 525.3723913534465 -10 -10 -10 -1000 -1000 -1000 -10
3020 81 pedestrian 0 0 -10 838.1174828788105 149.34646848469714 977.7058195476958 525.4266708161963 -10 -10 -10 -1000 -1000 -1000 -10
3021 81 pedestrian 0 0 -10 838.0818539252418 150.36461050298738 976.5261959793656 525.0561606695851 -10 -10 -10 -1000 -1000 -1000 -10
3022 81 pedestrian 0 0 -10 843.189563649091 150.4089986814266 980.1127028771972 525.0961956221931 -10 -10 -10 -1000 -1000 -1000 -10
3023 81 pedestrian 0 0 -10 845.8565894374528 151.12648271885305 980.8330044491557 524.3119246683706 -10 -10 -10 -1000 -1000 -1000 -10
3023 83 pedestrian 0 0 -10 812.3102032001117 156.8020721435547 944.3375751202007 517.8262420654297 -10 -10 -10 -1000 -1000 -1000 -10
3024 81 pedestrian 0 0 -10 848.4577344814836 153.82053621114858 980.0767372964273 521.4426268095028 -10 -10 -10 -1000 -1000 -1000 -10
3024 83 pedestrian 0 0 -10 808.8824602382809 162.16426423621078 936.8102741032376 512.0143374783246 -10 -10 -10 -1000 -1000 -1000 -10
3025 81 pedestrian 0 0 -10 843.5851865003237 152.78661113657475 975.9458882858238 522.145694599857 -10 -10 -10 -1000 -1000 -1000 -10
3026 81 pedestrian 0 0 -10 841.3128329443133 152.49138634721487 974.3907746130061 522.4779779119449 -10 -10 -10 -1000 -1000 -1000 -10
3027 81 pedestrian 0 0 -10 836.0252332358009 153.6636542188276 969.5385977797678 521.5939026152951 -10 -10 -10 -1000 -1000 -1000 -10
3028 81 pedestrian 0 0 -10 833.4839442221145 153.76087739275363 967.513494014184 521.710200814676 -10 -10 -10 -1000 -1000 -1000 -10
3029 81 pedestrian 0 0 -10 832.1461933322964 152.2445038504959 967.6006668168616 523.4831490550584 -10 -10 -10 -1000 -1000 -1000 -10
3030 81 pedestrian 0 0 -10 831.7349227601043 152.05247572684206 967.565575103544 523.787688805964 -10 -10 -10 -1000 -1000 -1000 -10
3031 81 pedestrian 0 0 -10 836.7476835516693 153.00413457129534 971.6778930378066 522.964117338016 -10 -10 -10 -1000 -1000 -1000 -10
3032 81 pedestrian 0 0 -10 833.2877263953012 156.1179669624927 969.3202167828636 528.0912296678412 -10 -10 -10 -1000 -1000 -1000 -10
3033 81 pedestrian 0 0 -10 832.6328183444023 155.1210181826607 967.8597823505794 524.4246466275612 -10 -10 -10 -1000 -1000 -1000 -10
3034 81 pedestrian 0 0 -10 831.896283525233 153.3647775015617 967.9401501617157 524.1937911422845 -10 -10 -10 -1000 -1000 -1000 -10
3035 81 pedestrian 0 0 -10 831.5694972145377 152.71475619860823 968.0778970915056 523.8378714528067 -10 -10 -10 -1000 -1000 -1000 -10
3036 81 pedestrian 0 0 -10 831.7578232708313 153.49312112515815 968.0843163481687 522.8570536355571 -10 -10 -10 -1000 -1000 -1000 -10
3037 81 pedestrian 0 0 -10 835.937655659437 152.59548150157758 972.9301733825711 523.5819926314739 -10 -10 -10 -1000 -1000 -1000 -10
3038 81 pedestrian 0 0 -10 832.1637038455553 154.66134668332606 971.0341777535605 529.1592725983533 -10 -10 -10 -1000 -1000 -1000 -10
3039 81 pedestrian 0 0 -10 836.2865062803452 154.69174271631806 973.6408275850401 524.7883899492679 -10 -10 -10 -1000 -1000 -1000 -10
3040 81 pedestrian 0 0 -10 837.8765519130751 155.0695097276923 974.5924173042157 522.7411933397003 -10 -10 -10 -1000 -1000 -1000 -10
3041 81 pedestrian 0 0 -10 839.0323423674115 156.5535228818392 974.3680547012258 520.3125477012263 -10 -10 -10 -1000 -1000 -1000 -10
3042 81 pedestrian 0 0 -10 839.2407839861276 161.0105155406834 974.1616000299834 523.889093718567 -10 -10 -10 -1000 -1000 -1000 -10
3043 81 pedestrian 0 0 -10 839.7679204408673 163.1159072808811 974.1124210615754 524.5990174670133 -10 -10 -10 -1000 -1000 -1000 -10
3044 81 pedestrian 0 0 -10 840.7078484835874 165.46891103404937 973.3850968363912 523.4447991082174 -10 -10 -10 -1000 -1000 -1000 -10
3045 81 pedestrian 0 0 -10 840.8212793339283 165.8208095381338 973.3283310814334 523.8185789747854 -10 -10 -10 -1000 -1000 -1000 -10
3046 81 pedestrian 0 0 -10 840.8243928310749 165.85738618545273 972.9778966706356 523.9704980208598 -10 -10 -10 -1000 -1000 -1000 -10
3047 81 pedestrian 0 0 -10 835.5578348392974 164.99533049133774 968.8868421877941 525.0776143240342 -10 -10 -10 -1000 -1000 -1000 -10
3048 81 pedestrian 0 0 -10 833.5441022411943 164.4271015660815 967.3043475986594 525.310433374329 -10 -10 -10 -1000 -1000 -1000 -10
3049 81 pedestrian 0 0 -10 836.7665667295415 162.30970506984295 972.0787752039291 527.200753395686 -10 -10 -10 -1000 -1000 -1000 -10
3050 81 pedestrian 0 0 -10 838.3366722319661 161.69692882417215 973.580999120235 526.9263481075903 -10 -10 -10 -1000 -1000 -1000 -10
3051 81 pedestrian 0 0 -10 839.6179120093796 162.69425692351157 973.9361722539389 526.0831397839303 -10 -10 -10 -1000 -1000 -1000 -10
3052 81 pedestrian 0 0 -10 840.2447286913014 163.02085284966032 974.1814305251567 525.6343394933922 -10 -10 -10 -1000 -1000 -1000 -10
3053 81 pedestrian 0 0 -10 840.1367627064259 162.21312446689973 974.1320610253989 526.0317437483436 -10 -10 -10 -1000 -1000 -1000 -10
3054 81 pedestrian 0 0 -10 839.4056776696752 160.94447981715118 974.8426346523702 527.4939050674981 -10 -10 -10 -1000 -1000 -1000 -10
3055 81 pedestrian 0 0 -10 843.9782465959125 161.05967160083674 978.9421120890232 527.9551574132026 -10 -10 -10 -1000 -1000 -1000 -10
3056 81 pedestrian 0 0 -10 840.9615441301827 159.7144476670068 976.9376385481897 529.4698552327162 -10 -10 -10 -1000 -1000 -1000 -10
3057 81 pedestrian 0 0 -10 839.0553929616476 158.9225423709888 976.3175756994654 529.9458750630654 -10 -10 -10 -1000 -1000 -1000 -10
3058 81 pedestrian 0 0 -10 838.7039248919294 159.45730196710704 975.980754944657 529.1996486720949 -10 -10 -10 -1000 -1000 -1000 -10
3059 81 pedestrian 0 0 -10 839.307495411031 160.69305498632696 975.3702367438136 527.91211913898 -10 -10 -10 -1000 -1000 -1000 -10
3060 81 pedestrian 0 0 -10 844.1315866025236 157.10853251597229 978.9945702718844 523.6738264201992 -10 -10 -10 -1000 -1000 -1000 -10
3061 81 pedestrian 0 0 -10 840.6492784386619 156.89189219434365 976.9840499418121 528.5364860985006 -10 -10 -10 -1000 -1000 -1000 -10
3062 81 pedestrian 0 0 -10 840.0162171305492 157.93686093689968 975.5142777603908 529.1991422142237 -10 -10 -10 -1000 -1000 -1000 -10
3063 81 pedestrian 0 0 -10 840.7010393498638 160.09658222387358 974.3922310964534 528.4206775202788 -10 -10 -10 -1000 -1000 -1000 -10
3064 81 pedestrian 0 0 -10 844.1837725341783 158.11942961215203 978.9278582771674 530.602808077877 -10 -10 -10 -1000 -1000 -1000 -10
3079 84 pedestrian 0 0 -10 843.6606178544824 152.61252136230468 972.4143455244238 523.0725189208983 -10 -10 -10 -1000 -1000 -1000 -10
3080 84 pedestrian 0 0 -10 827.1991606176055 159.66749559245616 954.4255075801826 525.0670381098554 -10 -10 -10 -1000 -1000 -1000 -10
3081 84 pedestrian 0 0 -10 811.4988604630855 162.32831249296208 946.5835808860536 549.210313562422 -10 -10 -10 -1000 -1000 -1000 -10
3082 84 pedestrian 0 0 -10 795.6808207180505 160.81306436086308 935.2150896719181 558.6452934789446 -10 -10 -10 -1000 -1000 -1000 -10
3083 84 pedestrian 0 0 -10 777.4587268942962 168.4044659312118 924.4066012863531 584.3112900681416 -10 -10 -10 -1000 -1000 -1000 -10
3084 84 pedestrian 0 0 -10 763.340433526623 185.89632586756377 919.7331775288136 624.975536587331 -10 -10 -10 -1000 -1000 -1000 -10
3085 84 pedestrian 0 0 -10 747.84629315096 200.03317548728197 909.9000819559302 651.475230686831 -10 -10 -10 -1000 -1000 -1000 -10
3086 84 pedestrian 0 0 -10 722.4404274345447 212.17279897017895 898.9026581396297 701.1424943709302 -10 -10 -10 -1000 -1000 -1000 -10
3087 84 pedestrian 0 0 -10 709.8493778592575 225.11680609863006 889.0316392756441 719.6508788054497 -10 -10 -10 -1000 -1000 -1000 -10
3088 84 pedestrian 0 0 -10 701.8352803837524 235.26320010704268 880.2990718547111 721.7001181500016 -10 -10 -10 -1000 -1000 -1000 -10
3089 84 pedestrian 0 0 -10 703.5912720213325 250.3822904270209 892.2498620934883 755.6484832741062 -10 -10 -10 -1000 -1000 -1000 -10
3090 84 pedestrian 0 0 -10 726.179488304713 261.3071790552118 920.3016606523709 780.6952654986356 -10 -10 -10 -1000 -1000 -1000 -10
3091 84 pedestrian 0 0 -10 735.8822179556038 267.9516332116864 923.0312284488442 768.7519734766793 -10 -10 -10 -1000 -1000 -1000 -10
3092 84 pedestrian 0 0 -10 728.2871481387697 296.17249753884016 935.0870860013736 849.3163827824521 -10 -10 -10 -1000 -1000 -1000 -10
3093 84 pedestrian 0 0 -10 687.8858075438767 322.3722174707408 941.542222655341 997.3386233728257 -10 -10 -10 -1000 -1000 -1000 -10
3094 84 pedestrian 0 0 -10 649.4203807536716 356.6051836917598 915.5941564032528 1057.4349320184904 -10 -10 -10 -1000 -1000 -1000 -10
3095 84 pedestrian 0 0 -10 628.156721931159 410.51615029953365 891.1926979955717 1085.6469753069287 -10 -10 -10 -1000 -1000 -1000 -10
3096 84 pedestrian 0 0 -10 625.4482080189813 457.6271462719531 884.9589351050553 1097.1127922623216 -10 -10 -10 -1000 -1000 -1000 -10
