164 1 pedestrian 0 0 -10 1168.3604255966807 24.922030639648426 1398.2091788955067 667.3767059326171 -10 -10 -10 -1000 -1000 -1000 -10
165 1 pedestrian 0 0 -10 1137.9565378590123 30.778972690683872 1362.869061753973 659.3903061689545 -10 -10 -10 -1000 -1000 -1000 -10
166 1 pedestrian 0 0 -10 1078.067489374184 24.723389997076765 1311.4082141572092 675.5211318860031 -10 -10 -10 -1000 -1000 -1000 -10
171 1 pedestrian 0 0 -10 813.9086556298028 58.266193625237065 1037.1741721153326 673.1565302383552 -10 -10 -10 -1000 -1000 -1000 -10
172 1 pedestrian 0 0 -10 749.2884702470011 75.6383125311022 1007.0532140473023 781.7952797046579 -10 -10 -10 -1000 -1000 -1000 -10
204 2 pedestrian 0 0 -10 1211.9699414676747 116.98939971923829 1394.1398729854502 565.9892471313476 -10 -10 -10 -1000 -1000 -1000 -10
205 2 pedestrian 0 0 -10 1208.8029488931413 103.26128629637452 1376.970047357474 517.7346161777341 -10 -10 -10 -1000 -1000 -1000 -10
206 2 pedestrian 0 0 -10 1220.3215156612316 94.68005409430461 1382.8981663685165 495.45014486004914 -10 -10 -10 -1000 -1000 -1000 -10
207 2 pedestrian 0 0 -10 1242.040088736907 77.39741115932304 1388.891876940279 438.52632272692904 -10 -10 -10 -1000 -1000 -1000 -10
220 4 pedestrian 0 0 -10 850.3660930406984 95.18706817626952 1150.312532447583 693.1393875122071 -10 -10 -10 -1000 -1000 -1000 -10
221 4 pedestrian 0 0 -10 855.2266077574035 116.63581803877025 1175.7540486725825 757.5777182651128 -10 -10 -10 -1000 -1000 -1000 -10
222 4 pedestrian 0 0 -10 857.2432767981948 145.0004753554676 1184.6661484157642 801.8764752517061 -10 -10 -10 -1000 -1000 -1000 -10
227 4 pedestrian 0 0 -10 874.1169598782541 116.72133834232892 1291.756629742093 962.2939397945624 -10 -10 -10 -1000 -1000 -1000 -10
231 4 pedestrian 0 0 -10 819.8867902978666 126.81970315379016 1233.7345138659553 963.4977717017853 -10 -10 -10 -1000 -1000 -1000 -10
236 4 pedestrian 0 0 -10 834.6021251185355 140.2676777455959 1286.6885866514742 1061.2367783331222 -10 -10 -10 -1000 -1000 -1000 -10
246 6 pedestrian 0 0 -10 906.7912206422243 100.82450103759766 1324.4227930296506 1074.4880264282226 -10 -10 -10 -1000 -1000 -1000 -10
246 7 pedestrian 0 0 -10 930.2948126138177 104.06373138427733 1312.2352288900888 949.0509994506835 -10 -10 -10 -1000 -1000 -1000 -10
247 7 pedestrian 0 0 -10 889.7770227978876 116.64306811987461 1262.712233099112 940.5513018352892 -10 -10 -10 -1000 -1000 -1000 -10
248 7 pedestrian 0 0 -10 833.772941489218 126.9248782618834 1199.5539816063456 931.8439899944608 -10 -10 -10 -1000 -1000 -1000 -10
254 7 pedestrian 0 0 -10 749.4567269922429 173.50011717753392 1154.9194225712038 1065.5506021802835 -10 -10 -10 -1000 -1000 -1000 -10
255 7 pedestrian 0 0 -10 766.5793819247484 172.69305249806843 1180.6152216309608 1077.0458378853368 -10 -10 -10 -1000 -1000 -1000 -10
256 7 pedestrian 0 0 -10 775.8890737921481 189.36420290680275 1187.2739086793088 1081.9509834154817 -10 -10 -10 -1000 -1000 -1000 -10
315 8 pedestrian 0 0 -10 1040.3223129601984 285.8607238769531 1548.8859145788642 1082.356768798828 -10 -10 -10 -1000 -1000 -1000 -10
316 8 pedestrian 0 0 -10 1023.0642298293873 256.55038565295905 1549.274844974209 1081.009111157751 -10 -10 -10 -1000 -1000 -1000 -10
317 8 pedestrian 0 0 -10 1019.5455597102042 222.98851153315388 1568.1453564020044 1083.567331743684 -10 -10 -10 -1000 -1000 -1000 -10
318 8 pedestrian 0 0 -10 1036.9098629520977 246.16317090111812 1566.8160910418183 1081.6100747882413 -10 -10 -10 -1000 -1000 -1000 -10
319 8 pedestrian 0 0 -10 1032.15873295279 265.03777822606537 1546.2164950918143 1081.599011925523 -10 -10 -10 -1000 -1000 -1000 -10
320 8 pedestrian 0 0 -10 1046.051331759952 313.87710769613784 1523.3656840267015 1080.2615397139034 -10 -10 -10 -1000 -1000 -1000 -10
331 9 pedestrian 0 0 -10 983.9843069742138 226.59982299804688 1388.9839547445363 1068.6770935058594 -10 -10 -10 -1000 -1000 -1000 -10
332 9 pedestrian 0 0 -10 990.4862829661073 205.64492488258645 1335.2592146158956 920.0473058315876 -10 -10 -10 -1000 -1000 -1000 -10
335 9 pedestrian 0 0 -10 1030.4144901215848 170.57484233357997 1387.4256336500328 908.1067471124525 -10 -10 -10 -1000 -1000 -1000 -10
336 9 pedestrian 0 0 -10 1025.3018410212508 154.81734361931018 1431.8990969243255 999.5877997791663 -10 -10 -10 -1000 -1000 -1000 -10
337 9 pedestrian 0 0 -10 1037.3508993017283 146.0294262261541 1452.184643485349 1016.4310686160293 -10 -10 -10 -1000 -1000 -1000 -10
338 9 pedestrian 0 0 -10 1058.908404785081 147.50903212608665 1461.0246819104916 1000.3546362600271 -10 -10 -10 -1000 -1000 -1000 -10
339 9 pedestrian 0 0 -10 1067.9697427623369 154.8832591617321 1425.2350013328946 911.9223720200756 -10 -10 -10 -1000 -1000 -1000 -10
340 9 pedestrian 0 0 -10 1023.9902457254941 151.81427841837694 1387.5299385017017 923.6229469416733 -10 -10 -10 -1000 -1000 -1000 -10
341 9 pedestrian 0 0 -10 945.3089435516617 141.52957496355998 1353.0475709658713 1012.7346227093324 -10 -10 -10 -1000 -1000 -1000 -10
342 9 pedestrian 0 0 -10 912.5488613052344 148.44895225831908 1281.4496869777108 926.6984798791674 -10 -10 -10 -1000 -1000 -1000 -10
343 9 pedestrian 0 0 -10 878.7737620736505 144.64595990601657 1281.033966906419 1003.3128024996959 -10 -10 -10 -1000 -1000 -1000 -10
344 9 pedestrian 0 0 -10 893.6659369971984 134.05917421768885 1254.2419201710254 902.4945752233657 -10 -10 -10 -1000 -1000 -1000 -10
345 9 pedestrian 0 0 -10 913.7522428555067 124.52109761035769 1260.5509619480044 864.9437953342738 -10 -10 -10 -1000 -1000 -1000 -10
346 9 pedestrian 0 0 -10 933.1336071236268 120.02895858182563 1270.5951507563368 843.6119616133169 -10 -10 -10 -1000 -1000 -1000 -10
347 9 pedestrian 0 0 -10 946.7939469177045 115.32498163221635 1287.053372668625 849.135331659774 -10 -10 -10 -1000 -1000 -1000 -10
348 9 pedestrian 0 0 -10 952.7704273869617 115.25706377236736 1292.4355934664209 849.8368015464794 -10 -10 -10 -1000 -1000 -1000 -10
349 9 pedestrian 0 0 -10 952.5776263515078 119.31713607792994 1287.7506272683745 846.7421300934246 -10 -10 -10 -1000 -1000 -1000 -10
350 9 pedestrian 0 0 -10 949.176658420555 123.9149719180225 1279.9713171699086 843.3233032708748 -10 -10 -10 -1000 -1000 -1000 -10
351 9 pedestrian 0 0 -10 941.5012410928471 122.91794437198075 1274.3647991306798 845.1115491991402 -10 -10 -10 -1000 -1000 -1000 -10
352 9 pedestrian 0 0 -10 939.8333986980605 125.29438640907995 1270.9389376656686 843.1446584356526 -10 -10 -10 -1000 -1000 -1000 -10
353 9 pedestrian 0 0 -10 935.3869892035761 127.58579539603079 1264.634578285467 841.8167157938454 -10 -10 -10 -1000 -1000 -1000 -10
354 9 pedestrian 0 0 -10 937.6172989658014 130.88514606759708 1267.842292051097 848.3228746752584 -10 -10 -10 -1000 -1000 -1000 -10
355 9 pedestrian 0 0 -10 940.259546045376 137.04088394453254 1267.3658866022859 845.9194788037024 -10 -10 -10 -1000 -1000 -1000 -10
356 9 pedestrian 0 0 -10 951.8009371126321 139.6950818101878 1275.920535687469 844.8899444186738 -10 -10 -10 -1000 -1000 -1000 -10
357 9 pedestrian 0 0 -10 957.0620354989094 139.0404455158643 1278.1455704138284 837.2577041567581 -10 -10 -10 -1000 -1000 -1000 -10
358 9 pedestrian 0 0 -10 954.7091903333852 135.69969869839343 1273.825392155497 827.9797548871602 -10 -10 -10 -1000 -1000 -1000 -10
359 9 pedestrian 0 0 -10 924.3317369310755 120.57385959942553 1311.2312446404715 971.4010550161613 -10 -10 -10 -1000 -1000 -1000 -10
360 9 pedestrian 0 0 -10 925.842148714288 121.21207387844811 1329.505533629698 1024.221931889118 -10 -10 -10 -1000 -1000 -1000 -10
361 9 pedestrian 0 0 -10 925.7777911501576 118.67818592932184 1320.5070094910798 1013.5660573666296 -10 -10 -10 -1000 -1000 -1000 -10
362 9 pedestrian 0 0 -10 940.205262269599 115.85932898949687 1338.7311267124521 1037.8465370035724 -10 -10 -10 -1000 -1000 -1000 -10
363 9 pedestrian 0 0 -10 968.7855578087023 125.1464643266097 1322.6402207765211 945.2373195446803 -10 -10 -10 -1000 -1000 -1000 -10
364 9 pedestrian 0 0 -10 985.3815545803129 137.4311087279351 1310.9845383709326 888.02082237559 -10 -10 -10 -1000 -1000 -1000 -10
365 9 pedestrian 0 0 -10 991.4637857906139 159.55543483066225 1316.411144939311 907.6027018038574 -10 -10 -10 -1000 -1000 -1000 -10
366 9 pedestrian 0 0 -10 985.467464247733 179.10343124550718 1316.83352631356 931.2521435513472 -10 -10 -10 -1000 -1000 -1000 -10
367 9 pedestrian 0 0 -10 1007.4568313842896 221.05767568504535 1330.1983774143819 942.8622400808463 -10 -10 -10 -1000 -1000 -1000 -10
368 9 pedestrian 0 0 -10 1041.9295554500145 281.62865108828976 1386.0126155501703 1037.467835094626 -10 -10 -10 -1000 -1000 -1000 -10
379 15 pedestrian 0 0 -10 970.9994641691262 244.82520751953126 1402.156688174624 1080.8388427734376 -10 -10 -10 -1000 -1000 -1000 -10
380 15 pedestrian 0 0 -10 923.6532564043658 208.62533580251716 1370.500633705683 1076.8128747447545 -10 -10 -10 -1000 -1000 -1000 -10
381 15 pedestrian 0 0 -10 906.4134562113621 193.2912088914481 1359.433863246577 1077.257461612792 -10 -10 -10 -1000 -1000 -1000 -10
382 15 pedestrian 0 0 -10 893.4977574430122 170.75641278825037 1323.8171621787892 1013.1870282224504 -10 -10 -10 -1000 -1000 -1000 -10
383 15 pedestrian 0 0 -10 892.902729583272 157.56943779605712 1268.6800025862449 893.4754720286987 -10 -10 -10 -1000 -1000 -1000 -10
384 15 pedestrian 0 0 -10 876.0988360265964 155.51877981687068 1226.877637440885 844.150971483213 -10 -10 -10 -1000 -1000 -1000 -10
385 15 pedestrian 0 0 -10 866.5134699420439 145.22782176710592 1210.0287989487315 820.3496639053237 -10 -10 -10 -1000 -1000 -1000 -10
386 15 pedestrian 0 0 -10 862.8255809968646 135.03443349397708 1216.9909942242284 831.4372403281374 -10 -10 -10 -1000 -1000 -1000 -10
387 15 pedestrian 0 0 -10 876.5234159290017 130.05005236125305 1234.8901391752474 838.0799719078846 -10 -10 -10 -1000 -1000 -1000 -10
388 15 pedestrian 0 0 -10 890.4654175957539 129.74922668445868 1253.0720608058377 850.2017165719768 -10 -10 -10 -1000 -1000 -1000 -10
389 15 pedestrian 0 0 -10 904.1009621066129 126.92941567681231 1261.7064773043414 839.8160621105142 -10 -10 -10 -1000 -1000 -1000 -10
390 15 pedestrian 0 0 -10 913.6982885805305 128.03431648898288 1270.3218593704119 844.729859302311 -10 -10 -10 -1000 -1000 -1000 -10
391 15 pedestrian 0 0 -10 933.8000812464907 129.6107049705305 1285.7811152895874 845.989587767227 -10 -10 -10 -1000 -1000 -1000 -10
392 15 pedestrian 0 0 -10 924.6763153699386 124.18446305184517 1279.7901525367954 853.6683191650575 -10 -10 -10 -1000 -1000 -1000 -10
393 15 pedestrian 0 0 -10 932.5447691429324 123.471194192805 1285.2075409903853 855.6925832974418 -10 -10 -10 -1000 -1000 -1000 -10
393 18 pedestrian 0 0 -10 825.5329789140451 265.70526123046875 1166.9772505781425 1074.6943359375 -10 -10 -10 -1000 -1000 -1000 -10
394 15 pedestrian 0 0 -10 925.648451847821 125.0161050035291 1278.3264499797588 864.8250438823918 -10 -10 -10 -1000 -1000 -1000 -10
394 18 pedestrian 0 0 -10 838.6297976309141 267.12135227483367 1180.1036313996356 1075.7042279207549 -10 -10 -10 -1000 -1000 -1000 -10
395 15 pedestrian 0 0 -10 958.0458567446291 131.5294908055924 1296.973780397515 853.263668617667 -10 -10 -10 -1000 -1000 -1000 -10
396 15 pedestrian 0 0 -10 956.0017522950484 127.0937355364897 1290.5354679625739 846.8621028884063 -10 -10 -10 -1000 -1000 -1000 -10
397 15 pedestrian 0 0 -10 959.9937538712304 124.27844056386152 1292.9929076546957 845.8028175147513 -10 -10 -10 -1000 -1000 -1000 -10
398 15 pedestrian 0 0 -10 962.4238357451331 126.58636081339279 1292.4215112345123 842.6416160784145 -10 -10 -10 -1000 -1000 -1000 -10
399 15 pedestrian 0 0 -10 959.6121389912244 137.92714703406187 1286.3418440649518 849.6959651087564 -10 -10 -10 -1000 -1000 -1000 -10
400 15 pedestrian 0 0 -10 964.6514767168828 151.92865665982652 1277.8360999534111 834.1823460664717 -10 -10 -10 -1000 -1000 -1000 -10
401 15 pedestrian 0 0 -10 966.3501211662765 176.00437465912506 1264.9024179208045 828.7670352847385 -10 -10 -10 -1000 -1000 -1000 -10
402 15 pedestrian 0 0 -10 953.0173631246797 189.68458009522408 1245.347093071567 822.4779790789895 -10 -10 -10 -1000 -1000 -1000 -10
406 15 pedestrian 0 0 -10 940.298636941799 198.47601948608178 1229.6219230643296 817.2648113463681 -10 -10 -10 -1000 -1000 -1000 -10
407 15 pedestrian 0 0 -10 937.9865338045403 199.16045102921362 1229.4347915605779 816.7888785434617 -10 -10 -10 -1000 -1000 -1000 -10
408 15 pedestrian 0 0 -10 939.5964280879655 195.04696653444586 1236.493297816097 820.9320770022882 -10 -10 -10 -1000 -1000 -1000 -10
409 15 pedestrian 0 0 -10 959.0441770862517 192.06500788549204 1257.8267794076014 824.0736985102678 -10 -10 -10 -1000 -1000 -1000 -10
410 15 pedestrian 0 0 -10 953.2901148903663 180.39892849119542 1260.5150718522789 827.0099428589106 -10 -10 -10 -1000 -1000 -1000 -10
411 15 pedestrian 0 0 -10 965.778781297917 169.6035847467104 1274.7011553654486 824.9876588246223 -10 -10 -10 -1000 -1000 -1000 -10
412 15 pedestrian 0 0 -10 987.5031603606253 168.72775516406256 1291.0735752438272 820.7322257169712 -10 -10 -10 -1000 -1000 -1000 -10
413 15 pedestrian 0 0 -10 992.2578653552732 174.76392173654125 1291.4121678453785 821.933524884674 -10 -10 -10 -1000 -1000 -1000 -10
414 15 pedestrian 0 0 -10 993.6741797031428 174.76299653997967 1291.7614976232107 824.6419719744221 -10 -10 -10 -1000 -1000 -1000 -10
415 15 pedestrian 0 0 -10 993.820288392137 163.63321070378402 1291.783984481901 818.5245057835197 -10 -10 -10 -1000 -1000 -1000 -10
416 15 pedestrian 0 0 -10 981.1763034634928 146.04904305237602 1285.8221222303855 820.2859506476575 -10 -10 -10 -1000 -1000 -1000 -10
417 15 pedestrian 0 0 -10 954.5917979657731 129.23069455193405 1268.307626820385 821.808790995015 -10 -10 -10 -1000 -1000 -1000 -10
418 15 pedestrian 0 0 -10 943.3466374129071 119.85819014390881 1262.4290682827132 825.2900068191863 -10 -10 -10 -1000 -1000 -1000 -10
419 15 pedestrian 0 0 -10 939.8926352105274 116.98680155022191 1259.3390090642342 826.1735282063535 -10 -10 -10 -1000 -1000 -1000 -10
420 15 pedestrian 0 0 -10 943.7255589092936 117.60594667741117 1262.2237085194095 825.2528849089038 -10 -10 -10 -1000 -1000 -1000 -10
421 15 pedestrian 0 0 -10 946.2180567809518 119.77566357094668 1262.794655296917 823.5025217801245 -10 -10 -10 -1000 -1000 -1000 -10
422 15 pedestrian 0 0 -10 952.5684231533676 124.2692988921396 1266.9131125794918 828.0724910567742 -10 -10 -10 -1000 -1000 -1000 -10
423 15 pedestrian 0 0 -10 948.8155239509247 118.17267566675099 1265.1737193733547 828.6760394225057 -10 -10 -10 -1000 -1000 -1000 -10
424 15 pedestrian 0 0 -10 947.7235964151937 117.07596003243538 1264.1939294303138 827.9766861503622 -10 -10 -10 -1000 -1000 -1000 -10
425 15 pedestrian 0 0 -10 954.055415646638 121.4798530310091 1266.2681525893543 823.2282998726951 -10 -10 -10 -1000 -1000 -1000 -10
426 15 pedestrian 0 0 -10 952.835379911262 125.19967368313473 1261.5141740060044 819.6099865722658 -10 -10 -10 -1000 -1000 -1000 -10
427 15 pedestrian 0 0 -10 936.2578278379524 126.09708697117202 1247.6159591453006 827.4998633021291 -10 -10 -10 -1000 -1000 -1000 -10
428 15 pedestrian 0 0 -10 937.5064928658923 132.309755661871 1244.360786643751 824.950417776054 -10 -10 -10 -1000 -1000 -1000 -10
429 15 pedestrian 0 0 -10 947.4091877584522 155.32273489446857 1243.5879471220098 822.452177501896 -10 -10 -10 -1000 -1000 -1000 -10
430 15 pedestrian 0 0 -10 948.5059124845359 129.75895067091272 1255.5308179863089 826.4975406641529 -10 -10 -10 -1000 -1000 -1000 -10
431 15 pedestrian 0 0 -10 955.0977220994283 121.33055719640771 1262.8100878414534 826.8199908180788 -10 -10 -10 -1000 -1000 -1000 -10
432 15 pedestrian 0 0 -10 959.3971291810286 116.39927890153808 1263.7264758600013 820.3113494126737 -10 -10 -10 -1000 -1000 -1000 -10
433 15 pedestrian 0 0 -10 961.5203306392218 118.72558667204663 1263.7039164374346 822.2772746675978 -10 -10 -10 -1000 -1000 -1000 -10
434 15 pedestrian 0 0 -10 958.0239515265642 119.70500709472839 1258.9078696641918 823.2370334777318 -10 -10 -10 -1000 -1000 -1000 -10
435 15 pedestrian 0 0 -10 961.6294626921206 121.05081785089936 1261.4892707519534 822.5861216027895 -10 -10 -10 -1000 -1000 -1000 -10
436 15 pedestrian 0 0 -10 953.1822972411467 119.53921947259659 1253.5006997788291 824.2851503963786 -10 -10 -10 -1000 -1000 -1000 -10
437 15 pedestrian 0 0 -10 950.7499559647549 119.6557483058591 1249.6997443396676 824.6997800498552 -10 -10 -10 -1000 -1000 -1000 -10
438 15 pedestrian 0 0 -10 950.0149443499529 119.29897757070489 1248.0463847625504 825.0471305424134 -10 -10 -10 -1000 -1000 -1000 -10
439 15 pedestrian 0 0 -10 944.1073760197487 118.25914992334742 1243.3301479109432 826.2197188633592 -10 -10 -10 -1000 -1000 -1000 -10
440 15 pedestrian 0 0 -10 941.7162067569778 118.04786947521734 1241.6974261776427 826.2815417226883 -10 -10 -10 -1000 -1000 -1000 -10
441 15 pedestrian 0 0 -10 940.7450699755898 118.56466586463876 1241.3757648601243 826.0196867359798 -10 -10 -10 -1000 -1000 -1000 -10
442 15 pedestrian 0 0 -10 946.0443949512829 121.0278405985623 1245.1893005376069 823.7712127886828 -10 -10 -10 -1000 -1000 -1000 -10
443 15 pedestrian 0 0 -10 953.2518263489885 120.99818249816911 1251.154386570916 824.0332551450417 -10 -10 -10 -1000 -1000 -1000 -10
444 15 pedestrian 0 0 -10 960.9965688730522 122.13249555252668 1257.517467658878 822.9352177749386 -10 -10 -10 -1000 -1000 -1000 -10
445 15 pedestrian 0 0 -10 960.832394583694 127.92521668768052 1253.818143288228 816.9653269551791 -10 -10 -10 -1000 -1000 -1000 -10
446 15 pedestrian 0 0 -10 950.0452377175527 144.493001884352 1234.3250427079004 809.4547812462813 -10 -10 -10 -1000 -1000 -1000 -10
447 15 pedestrian 0 0 -10 927.2162471389468 156.38252871355724 1207.4968202937312 810.6136373239409 -10 -10 -10 -1000 -1000 -1000 -10
448 15 pedestrian 0 0 -10 908.606577332191 156.64002108695126 1188.8836165234668 815.1293893004687 -10 -10 -10 -1000 -1000 -1000 -10
449 15 pedestrian 0 0 -10 886.1811979978714 146.55782658426398 1169.5072496012306 817.5621758924133 -10 -10 -10 -1000 -1000 -1000 -10
449 19 pedestrian 0 0 -10 846.6736747215302 132.46590270996091 1157.0334297706572 963.5249237060547 -10 -10 -10 -1000 -1000 -1000 -10
450 15 pedestrian 0 0 -10 865.5565170794027 128.8117381872467 1147.0543886592516 804.4927076661454 -10 -10 -10 -1000 -1000 -1000 -10
452 19 pedestrian 0 0 -10 773.3543529679401 102.21134190709671 1103.2761442496324 985.4018117361252 -10 -10 -10 -1000 -1000 -1000 -10
453 19 pedestrian 0 0 -10 773.1230750192981 101.43641504913813 1099.4832633454348 975.1590620409688 -10 -10 -10 -1000 -1000 -1000 -10
453 15 pedestrian 0 0 -10 820.5755623451051 110.53902223383244 1110.866009600535 807.5690675116762 -10 -10 -10 -1000 -1000 -1000 -10
454 15 pedestrian 0 0 -10 825.7500132436476 107.72531353570093 1115.1285397091776 808.5407186704693 -10 -10 -10 -1000 -1000 -1000 -10
455 15 pedestrian 0 0 -10 832.3352604037959 104.96624479949094 1121.378408931982 810.2066884835814 -10 -10 -10 -1000 -1000 -1000 -10
456 15 pedestrian 0 0 -10 835.8434206339459 103.72181093602285 1123.4225600166337 811.2495932098619 -10 -10 -10 -1000 -1000 -1000 -10
457 15 pedestrian 0 0 -10 836.8463742073927 101.19960864788129 1125.199423260287 813.7739297400756 -10 -10 -10 -1000 -1000 -1000 -10
458 15 pedestrian 0 0 -10 840.7753137202578 107.59202339271133 1122.6487294303613 807.5287529693616 -10 -10 -10 -1000 -1000 -1000 -10
459 15 pedestrian 0 0 -10 841.8983406602275 107.99106084346539 1112.8764952160072 779.194872310766 -10 -10 -10 -1000 -1000 -1000 -10
460 15 pedestrian 0 0 -10 844.9629697704385 114.50944978589399 1126.2691826260755 810.0608224448883 -10 -10 -10 -1000 -1000 -1000 -10
461 15 pedestrian 0 0 -10 854.6779814464913 115.71953842345783 1141.3136239664968 822.1674840146409 -10 -10 -10 -1000 -1000 -1000 -10
462 15 pedestrian 0 0 -10 906.5498061010884 122.11849674638432 1173.4038289455525 774.1305744531089 -10 -10 -10 -1000 -1000 -1000 -10
463 15 pedestrian 0 0 -10 946.4654718060874 121.78586781595874 1215.0743993617725 777.517050008235 -10 -10 -10 -1000 -1000 -1000 -10
464 15 pedestrian 0 0 -10 962.5057606665151 119.11315340658626 1227.5751881619963 762.4806468500185 -10 -10 -10 -1000 -1000 -1000 -10
465 15 pedestrian 0 0 -10 972.4048552930415 117.19176741518504 1237.285189015535 757.8830401724662 -10 -10 -10 -1000 -1000 -1000 -10
466 15 pedestrian 0 0 -10 986.3747216465533 125.39391877062036 1249.0506404598107 756.7417093046547 -10 -10 -10 -1000 -1000 -1000 -10
467 15 pedestrian 0 0 -10 996.5797298749535 121.07174349622193 1257.3611610299758 745.1971110100615 -10 -10 -10 -1000 -1000 -1000 -10
468 15 pedestrian 0 0 -10 1004.2372901964433 117.58417218032719 1265.320565131464 743.0811345156259 -10 -10 -10 -1000 -1000 -1000 -10
469 15 pedestrian 0 0 -10 1005.1074544540604 114.69645440347279 1269.1671887237885 743.5369195814959 -10 -10 -10 -1000 -1000 -1000 -10
470 15 pedestrian 0 0 -10 1006.8342323556777 113.49908849282798 1268.6353486904059 735.1584197031641 -10 -10 -10 -1000 -1000 -1000 -10
471 15 pedestrian 0 0 -10 997.5289206596863 123.93898731824811 1259.071515045012 739.7001021272301 -10 -10 -10 -1000 -1000 -1000 -10
472 15 pedestrian 0 0 -10 982.8467431123665 127.00441457110713 1247.241171863334 742.6316567262077 -10 -10 -10 -1000 -1000 -1000 -10
473 15 pedestrian 0 0 -10 965.852614434792 125.28661702312104 1235.0785129631813 746.7515466506783 -10 -10 -10 -1000 -1000 -1000 -10
474 15 pedestrian 0 0 -10 953.916870347024 121.54490555326805 1226.4864603231163 742.2985512375731 -10 -10 -10 -1000 -1000 -1000 -10
475 15 pedestrian 0 0 -10 955.3016131667251 117.58363939531932 1235.7883685844045 751.9347754284734 -10 -10 -10 -1000 -1000 -1000 -10
476 15 pedestrian 0 0 -10 963.8465800558049 110.84564643130511 1250.0204857469714 751.7133359486785 -10 -10 -10 -1000 -1000 -1000 -10
477 15 pedestrian 0 0 -10 971.1881531171618 103.62302437773286 1260.9741760351822 747.5348693244498 -10 -10 -10 -1000 -1000 -1000 -10
478 15 pedestrian 0 0 -10 977.6681429054231 105.35093234071013 1270.510898116149 750.2064779105763 -10 -10 -10 -1000 -1000 -1000 -10
479 15 pedestrian 0 0 -10 983.3384548683867 104.07887729669932 1279.711886497575 753.3897764881458 -10 -10 -10 -1000 -1000 -1000 -10
480 15 pedestrian 0 0 -10 980.0896375733016 104.0596619445036 1279.5450605902088 754.2892098683324 -10 -10 -10 -1000 -1000 -1000 -10
481 15 pedestrian 0 0 -10 978.5728177260244 111.14892340256944 1279.4046269895662 756.8141586075415 -10 -10 -10 -1000 -1000 -1000 -10
482 15 pedestrian 0 0 -10 974.1599146300471 117.2174240251374 1273.9093056463641 754.7634842241844 -10 -10 -10 -1000 -1000 -1000 -10
483 15 pedestrian 0 0 -10 967.6167496755897 115.70804384695901 1266.3920051478585 748.5626109130012 -10 -10 -10 -1000 -1000 -1000 -10
484 15 pedestrian 0 0 -10 960.3747541995517 116.00122414852609 1259.108337699126 745.0376406499738 -10 -10 -10 -1000 -1000 -1000 -10
485 15 pedestrian 0 0 -10 955.5539418173789 117.18478393177617 1258.5008777537455 751.6115979291237 -10 -10 -10 -1000 -1000 -1000 -10
486 15 pedestrian 0 0 -10 954.320909028534 115.70173987412744 1257.637343903021 747.3862053933854 -10 -10 -10 -1000 -1000 -1000 -10
487 15 pedestrian 0 0 -10 952.8959974757304 118.03199730230233 1258.2842422140511 751.7150592403636 -10 -10 -10 -1000 -1000 -1000 -10
488 15 pedestrian 0 0 -10 953.4096916639659 117.66133074077294 1257.6337599401427 746.005502847034 -10 -10 -10 -1000 -1000 -1000 -10
489 15 pedestrian 0 0 -10 955.6532998397439 113.02737420672577 1264.4050217819035 748.296652772641 -10 -10 -10 -1000 -1000 -1000 -10
490 15 pedestrian 0 0 -10 952.4588236300103 111.93852100528943 1262.1033326743816 748.4909859863001 -10 -10 -10 -1000 -1000 -1000 -10
491 15 pedestrian 0 0 -10 955.5891820856008 111.15494476749785 1266.0176416884315 748.5483467162608 -10 -10 -10 -1000 -1000 -1000 -10
492 15 pedestrian 0 0 -10 962.8954731926154 119.31645119831302 1270.6189517988507 749.5638865565445 -10 -10 -10 -1000 -1000 -1000 -10
493 15 pedestrian 0 0 -10 959.8032871674545 115.66948370461 1269.2272280263146 747.4891107576248 -10 -10 -10 -1000 -1000 -1000 -10
494 15 pedestrian 0 0 -10 961.4014813974725 110.80048115589165 1275.4261408974169 749.89221456057 -10 -10 -10 -1000 -1000 -1000 -10
495 15 pedestrian 0 0 -10 964.5045301908234 101.91333048303261 1284.1890182232087 748.984067318436 -10 -10 -10 -1000 -1000 -1000 -10
496 15 pedestrian 0 0 -10 962.6381417419676 92.87671996643974 1290.5023156715083 754.1474790325744 -10 -10 -10 -1000 -1000 -1000 -10
497 15 pedestrian 0 0 -10 968.283865803111 92.80365807078545 1295.6219992337578 752.7221541281665 -10 -10 -10 -1000 -1000 -1000 -10
498 15 pedestrian 0 0 -10 972.2866292042764 98.4497597287812 1295.8187348397892 755.6648573854284 -10 -10 -10 -1000 -1000 -1000 -10
499 15 pedestrian 0 0 -10 928.7474471775985 93.85579484306948 1312.5621147112568 894.9495355911951 -10 -10 -10 -1000 -1000 -1000 -10
500 15 pedestrian 0 0 -10 893.2393605028491 90.93854544488977 1303.9611156023088 963.1967013582164 -10 -10 -10 -1000 -1000 -1000 -10
501 15 pedestrian 0 0 -10 931.7610771719428 99.07158934655195 1290.5484206125047 867.9816774795307 -10 -10 -10 -1000 -1000 -1000 -10
502 15 pedestrian 0 0 -10 926.6311335345337 109.80872509993367 1306.95236082595 941.2462048422323 -10 -10 -10 -1000 -1000 -1000 -10
503 15 pedestrian 0 0 -10 918.4109117958192 117.9932266353618 1291.9310329535851 944.156612719183 -10 -10 -10 -1000 -1000 -1000 -10
505 15 pedestrian 0 0 -10 887.3583052971302 114.27113490477228 1290.0409924447795 1018.1929025853462 -10 -10 -10 -1000 -1000 -1000 -10
506 15 pedestrian 0 0 -10 920.2067425734742 112.86641428458205 1268.3990783035936 895.2465900706848 -10 -10 -10 -1000 -1000 -1000 -10
507 15 pedestrian 0 0 -10 937.7044287935809 111.21509141453754 1255.7647610574145 826.409603101198 -10 -10 -10 -1000 -1000 -1000 -10
508 15 pedestrian 0 0 -10 945.0811426643206 104.3787003341534 1249.9510440680974 789.137552521966 -10 -10 -10 -1000 -1000 -1000 -10
509 15 pedestrian 0 0 -10 946.3127535554206 99.18323130593637 1249.6232884286233 779.3506613377233 -10 -10 -10 -1000 -1000 -1000 -10
510 15 pedestrian 0 0 -10 939.5864109505299 89.88989554028757 1256.6594641652252 802.5501640594068 -10 -10 -10 -1000 -1000 -1000 -10
511 15 pedestrian 0 0 -10 950.8845226051774 101.85830768491297 1254.8250610522966 786.4427501901137 -10 -10 -10 -1000 -1000 -1000 -10
512 15 pedestrian 0 0 -10 958.5036339721963 102.9762564411958 1250.900965544363 755.0347660700528 -10 -10 -10 -1000 -1000 -1000 -10
513 15 pedestrian 0 0 -10 956.0602857131682 103.4905578348828 1244.6983518219674 743.8641102599546 -10 -10 -10 -1000 -1000 -1000 -10
514 15 pedestrian 0 0 -10 964.548843983084 102.69329039981574 1252.5568746209865 741.4321280152247 -10 -10 -10 -1000 -1000 -1000 -10
515 15 pedestrian 0 0 -10 961.4667415565535 99.81710108701975 1252.2549314411651 743.2344797841712 -10 -10 -10 -1000 -1000 -1000 -10
516 15 pedestrian 0 0 -10 954.9813280413093 97.08132251746053 1247.7544454152805 745.6989870312096 -10 -10 -10 -1000 -1000 -1000 -10
517 15 pedestrian 0 0 -10 955.8270599889063 93.3359167324765 1252.4376399051769 749.6464644054302 -10 -10 -10 -1000 -1000 -1000 -10
518 15 pedestrian 0 0 -10 962.5221367490894 100.87506549217773 1256.981020826488 751.1404875131188 -10 -10 -10 -1000 -1000 -1000 -10
522 15 pedestrian 0 0 -10 943.9612578819792 112.82669162556635 1243.522792693855 769.8889421459227 -10 -10 -10 -1000 -1000 -1000 -10
525 15 pedestrian 0 0 -10 932.6365204864621 133.79811254900517 1237.9463791132011 802.4242681277007 -10 -10 -10 -1000 -1000 -1000 -10
530 15 pedestrian 0 0 -10 843.6535321125518 147.9859601237241 1167.9026321419296 837.8785413233855 -10 -10 -10 -1000 -1000 -1000 -10
531 15 pedestrian 0 0 -10 826.3345981909163 148.96235170523414 1161.4972036833506 850.4171969181684 -10 -10 -10 -1000 -1000 -1000 -10
532 15 pedestrian 0 0 -10 819.4138528596669 145.8903384184174 1160.1276377099707 848.9121726248508 -10 -10 -10 -1000 -1000 -1000 -10
533 15 pedestrian 0 0 -10 816.8380108161617 145.42094511842566 1160.2187844991463 847.0997270459197 -10 -10 -10 -1000 -1000 -1000 -10
534 15 pedestrian 0 0 -10 814.4955521358534 143.39317922898238 1162.26990221804 847.9684885058864 -10 -10 -10 -1000 -1000 -1000 -10
535 15 pedestrian 0 0 -10 820.2334766890244 144.1341368887397 1166.0511801221003 837.5113849433181 -10 -10 -10 -1000 -1000 -1000 -10
536 15 pedestrian 0 0 -10 821.8778042909994 145.4765680862301 1168.6487573206105 832.115989281238 -10 -10 -10 -1000 -1000 -1000 -10
537 15 pedestrian 0 0 -10 823.6083987109516 149.74420631740765 1168.949419168986 826.3772038342477 -10 -10 -10 -1000 -1000 -1000 -10
538 15 pedestrian 0 0 -10 823.0942003790411 150.03801807557954 1170.6148440425125 825.335449649998 -10 -10 -10 -1000 -1000 -1000 -10
539 15 pedestrian 0 0 -10 821.7303652250234 152.4895378955245 1172.6419097558805 831.5690780140005 -10 -10 -10 -1000 -1000 -1000 -10
540 15 pedestrian 0 0 -10 826.2614338748559 150.4701905219577 1177.7418718861607 827.6551924720727 -10 -10 -10 -1000 -1000 -1000 -10
541 15 pedestrian 0 0 -10 827.7601288656125 149.8904337861556 1180.2310173775063 825.8082317535154 -10 -10 -10 -1000 -1000 -1000 -10
542 15 pedestrian 0 0 -10 821.7298904283098 150.16983906495312 1178.5738456536492 833.8230656359046 -10 -10 -10 -1000 -1000 -1000 -10
543 15 pedestrian 0 0 -10 821.7641360051739 151.43411058454114 1175.8251713681207 826.5346629903278 -10 -10 -10 -1000 -1000 -1000 -10
544 15 pedestrian 0 0 -10 824.5818023583081 149.2098957200351 1181.4774197658935 826.5169470071008 -10 -10 -10 -1000 -1000 -1000 -10
545 15 pedestrian 0 0 -10 821.5544420820911 150.65522900973247 1178.501034822245 824.2305644907182 -10 -10 -10 -1000 -1000 -1000 -10
546 15 pedestrian 0 0 -10 823.7079176755532 148.92152480159695 1183.514902975299 825.4024271476771 -10 -10 -10 -1000 -1000 -1000 -10
547 15 pedestrian 0 0 -10 826.7243259595245 147.77826884552178 1183.1445735737452 816.9344167435112 -10 -10 -10 -1000 -1000 -1000 -10
548 15 pedestrian 0 0 -10 826.1621854284675 144.62424724174036 1184.8621627025732 816.6876134788042 -10 -10 -10 -1000 -1000 -1000 -10
549 15 pedestrian 0 0 -10 819.4735794520595 144.4295830317472 1182.7723010374023 824.6512095737996 -10 -10 -10 -1000 -1000 -1000 -10
550 15 pedestrian 0 0 -10 818.1581807098755 137.1187347164808 1190.0775188128487 835.1548532157396 -10 -10 -10 -1000 -1000 -1000 -10
551 15 pedestrian 0 0 -10 827.4122914961164 141.38301325013032 1192.3811036978536 831.7353356760282 -10 -10 -10 -1000 -1000 -1000 -10
552 15 pedestrian 0 0 -10 838.2158520318432 142.3038306220172 1204.9909358166608 840.3258381585476 -10 -10 -10 -1000 -1000 -1000 -10
553 15 pedestrian 0 0 -10 851.631472611641 146.02552416258447 1209.5999289905583 830.8478534602226 -10 -10 -10 -1000 -1000 -1000 -10
554 15 pedestrian 0 0 -10 857.7163602671934 147.08910377127825 1210.3054945198924 827.4050766961793 -10 -10 -10 -1000 -1000 -1000 -10
560 15 pedestrian 0 0 -10 868.2902782446795 141.51893465102165 1216.101291148976 819.2258849473872 -10 -10 -10 -1000 -1000 -1000 -10
565 23 pedestrian 0 0 -10 853.9192570021404 153.30979003906253 1201.5101497361406 820.1965454101562 -10 -10 -10 -1000 -1000 -1000 -10
566 23 pedestrian 0 0 -10 847.0285921533733 149.83983042979764 1197.5711416626905 823.2442149996662 -10 -10 -10 -1000 -1000 -1000 -10
567 23 pedestrian 0 0 -10 844.6041783883527 148.23124693114517 1196.1776087718847 824.9306559506042 -10 -10 -10 -1000 -1000 -1000 -10
568 23 pedestrian 0 0 -10 846.5011572712231 141.9632460773455 1203.9051652542319 831.5540403694254 -10 -10 -10 -1000 -1000 -1000 -10
569 23 pedestrian 0 0 -10 847.7968124902751 140.11105402210563 1206.1630474061374 833.3767482668529 -10 -10 -10 -1000 -1000 -1000 -10
570 23 pedestrian 0 0 -10 852.544967552225 137.38094331123273 1212.1359258429293 835.5887738149902 -10 -10 -10 -1000 -1000 -1000 -10
571 23 pedestrian 0 0 -10 854.5211868151263 141.02622787996137 1204.5990686294829 822.3923234981316 -10 -10 -10 -1000 -1000 -1000 -10
572 23 pedestrian 0 0 -10 859.5350869676406 144.77168360912276 1207.1517615308258 824.7280218984982 -10 -10 -10 -1000 -1000 -1000 -10
573 23 pedestrian 0 0 -10 863.3295391692507 144.88546414404175 1205.9280671241174 817.4091582897618 -10 -10 -10 -1000 -1000 -1000 -10
574 23 pedestrian 0 0 -10 864.1370543819745 138.12975769384434 1205.9622238792722 812.3707290639267 -10 -10 -10 -1000 -1000 -1000 -10
578 23 pedestrian 0 0 -10 870.2549988652461 145.71364837858903 1212.507905859251 823.875930884261 -10 -10 -10 -1000 -1000 -1000 -10
582 23 pedestrian 0 0 -10 871.6411915638195 147.04017735007045 1212.7755717620753 826.180906705262 -10 -10 -10 -1000 -1000 -1000 -10
586 23 pedestrian 0 0 -10 867.1297520108237 140.93529464540035 1204.761635367464 819.851392940147 -10 -10 -10 -1000 -1000 -1000 -10
587 23 pedestrian 0 0 -10 860.4891779517993 143.32740989898838 1180.0422055209463 786.821711819648 -10 -10 -10 -1000 -1000 -1000 -10
780 24 pedestrian 0 0 -10 913.3303008282571 100.22602539062501 1315.1963837420556 1052.1813232421875 -10 -10 -10 -1000 -1000 -1000 -10
781 24 pedestrian 0 0 -10 970.2598890961215 140.16995945251614 1363.4394849502871 1070.6663690763817 -10 -10 -10 -1000 -1000 -1000 -10
782 24 pedestrian 0 0 -10 1081.7966859923622 203.04770345099405 1454.8535221025588 1083.1243436885989 -10 -10 -10 -1000 -1000 -1000 -10
783 25 pedestrian 0 0 -10 914.1261460068539 116.52850646972655 1163.4066542861146 706.4070465087891 -10 -10 -10 -1000 -1000 -1000 -10
784 25 pedestrian 0 0 -10 922.4146167589741 110.03994411531886 1170.8550614176615 697.2792072721061 -10 -10 -10 -1000 -1000 -1000 -10
785 25 pedestrian 0 0 -10 936.4496445093796 108.57338249258606 1184.2818965073989 693.7829109958786 -10 -10 -10 -1000 -1000 -1000 -10
786 25 pedestrian 0 0 -10 973.2536253874066 113.56370799192263 1198.4463727112668 644.692219175309 -10 -10 -10 -1000 -1000 -1000 -10
789 25 pedestrian 0 0 -10 1000.5841169446132 125.75197407395345 1213.9837150311969 630.0747016960972 -10 -10 -10 -1000 -1000 -1000 -10
790 25 pedestrian 0 0 -10 996.6110239908 125.37128740906454 1211.0510580978764 631.130738785019 -10 -10 -10 -1000 -1000 -1000 -10
791 25 pedestrian 0 0 -10 1000.2342151690048 125.80885050008965 1214.4103521710347 630.5862879498408 -10 -10 -10 -1000 -1000 -1000 -10
792 25 pedestrian 0 0 -10 988.8628255191461 115.86719666560708 1208.740966166219 631.2751540486856 -10 -10 -10 -1000 -1000 -1000 -10
794 25 pedestrian 0 0 -10 931.5662107814658 107.07586124439052 1190.961898743272 715.1958348631831 -10 -10 -10 -1000 -1000 -1000 -10
795 25 pedestrian 0 0 -10 937.8039410792866 99.71088557795758 1222.311448574735 775.4442273482795 -10 -10 -10 -1000 -1000 -1000 -10
796 25 pedestrian 0 0 -10 927.5005982289387 97.23737005492785 1211.932741662651 772.0633076715596 -10 -10 -10 -1000 -1000 -1000 -10
797 25 pedestrian 0 0 -10 920.0490484143692 100.35957738567515 1201.6035767289804 765.7974246432136 -10 -10 -10 -1000 -1000 -1000 -10
797 28 pedestrian 0 0 -10 1026.8864976092082 223.83083190917972 1559.4670668439167 1079.2456634521484 -10 -10 -10 -1000 -1000 -1000 -10
798 25 pedestrian 0 0 -10 915.7188148787026 98.95600549812559 1208.1664445758843 793.3714967482125 -10 -10 -10 -1000 -1000 -1000 -10
799 25 pedestrian 0 0 -10 919.1253142932064 102.24333907697536 1196.8336871550614 763.5240162823316 -10 -10 -10 -1000 -1000 -1000 -10
800 25 pedestrian 0 0 -10 926.5569618090991 102.44618469013773 1195.3104573272067 742.4878984450563 -10 -10 -10 -1000 -1000 -1000 -10
801 25 pedestrian 0 0 -10 926.8452589383439 100.5835241506187 1197.304259454188 745.8478881599815 -10 -10 -10 -1000 -1000 -1000 -10
802 25 pedestrian 0 0 -10 931.5934070779449 101.75865992525627 1203.0677755796787 754.3357608924409 -10 -10 -10 -1000 -1000 -1000 -10
803 25 pedestrian 0 0 -10 940.8305442854335 107.80737034110541 1197.9282353622757 723.9180044334315 -10 -10 -10 -1000 -1000 -1000 -10
804 25 pedestrian 0 0 -10 958.3701125491679 111.34133947208119 1210.3890661642392 720.4955211274298 -10 -10 -10 -1000 -1000 -1000 -10
805 25 pedestrian 0 0 -10 957.3051424302299 107.52461124820019 1203.2366556873637 705.6439457485917 -10 -10 -10 -1000 -1000 -1000 -10
806 25 pedestrian 0 0 -10 950.5048211984285 102.93157201839927 1206.9070213963946 731.5205339555644 -10 -10 -10 -1000 -1000 -1000 -10
807 25 pedestrian 0 0 -10 948.0359557985837 103.63667458467256 1199.032833650913 720.0551227329458 -10 -10 -10 -1000 -1000 -1000 -10
808 25 pedestrian 0 0 -10 941.1335861000769 99.1974778941302 1201.7740163978528 738.8333652978703 -10 -10 -10 -1000 -1000 -1000 -10
809 29 pedestrian 0 0 -10 1060.073441488252 234.7596466064453 1531.9679403476853 1079.3797271728515 -10 -10 -10 -1000 -1000 -1000 -10
811 25 pedestrian 0 0 -10 928.2109788189813 99.0057295495763 1188.2918806079415 734.0367569582618 -10 -10 -10 -1000 -1000 -1000 -10
811 29 pedestrian 0 0 -10 1058.8623800445766 247.9407720205943 1523.1158108925972 1078.6460369540318 -10 -10 -10 -1000 -1000 -1000 -10
812 25 pedestrian 0 0 -10 917.2533031627153 96.91583587660449 1195.0736152143036 774.2424744354621 -10 -10 -10 -1000 -1000 -1000 -10
812 29 pedestrian 0 0 -10 1058.6387903408345 250.4821522309636 1521.5229468619104 1078.3132219385634 -10 -10 -10 -1000 -1000 -1000 -10
813 29 pedestrian 0 0 -10 1044.9081168490513 238.94863661490098 1514.0977670822742 1079.7798880376893 -10 -10 -10 -1000 -1000 -1000 -10
814 25 pedestrian 0 0 -10 912.7756010440401 102.37805018375889 1208.7568649274392 827.8770195911799 -10 -10 -10 -1000 -1000 -1000 -10
815 25 pedestrian 0 0 -10 915.8986328473718 106.40120200267103 1208.1216795376115 827.6885725229774 -10 -10 -10 -1000 -1000 -1000 -10
815 29 pedestrian 0 0 -10 998.5079094234801 200.67831161564703 1482.1652007611385 1079.21448933923 -10 -10 -10 -1000 -1000 -1000 -10
816 25 pedestrian 0 0 -10 921.7740553971499 100.99540596551873 1212.6293661416012 824.7798600061635 -10 -10 -10 -1000 -1000 -1000 -10
817 25 pedestrian 0 0 -10 938.8741094681227 104.294907124828 1199.6157267300891 752.8240442695873 -10 -10 -10 -1000 -1000 -1000 -10
818 25 pedestrian 0 0 -10 944.1313871089569 100.7291336805252 1205.8115132435578 758.0210778112078 -10 -10 -10 -1000 -1000 -1000 -10
819 25 pedestrian 0 0 -10 941.658177650418 101.20263570662797 1202.5181205442723 758.0958313640331 -10 -10 -10 -1000 -1000 -1000 -10
820 25 pedestrian 0 0 -10 943.9060851987903 100.77915129208799 1217.0145339705934 796.7793263235276 -10 -10 -10 -1000 -1000 -1000 -10
822 25 pedestrian 0 0 -10 940.2414655648632 102.69318994624115 1194.841125635858 745.9398274793566 -10 -10 -10 -1000 -1000 -1000 -10
827 25 pedestrian 0 0 -10 972.7398910186346 109.18274923096504 1193.1785737987723 657.7314774213507 -10 -10 -10 -1000 -1000 -1000 -10
829 25 pedestrian 0 0 -10 989.5582406011303 112.03250196307556 1203.000304235487 634.9950614244065 -10 -10 -10 -1000 -1000 -1000 -10
845 35 pedestrian 0 0 -10 937.5376353649689 106.1675796508789 1188.4319691272187 696.9725357055664 -10 -10 -10 -1000 -1000 -1000 -10
879 37 pedestrian 0 0 -10 856.7830252565287 88.4495620727539 1223.9614205442526 1029.8645889282227 -10 -10 -10 -1000 -1000 -1000 -10
880 37 pedestrian 0 0 -10 849.0864020939473 101.73302080535711 1222.6989019783964 1058.8216443022961 -10 -10 -10 -1000 -1000 -1000 -10
881 37 pedestrian 0 0 -10 846.4162540383032 129.30233775340548 1200.623668199827 1033.8669142358895 -10 -10 -10 -1000 -1000 -1000 -10
882 37 pedestrian 0 0 -10 866.662390849396 155.78772254873206 1227.5699142230405 1072.1866172390046 -10 -10 -10 -1000 -1000 -1000 -10
883 37 pedestrian 0 0 -10 883.8394916625714 166.01318356505635 1245.7027687952923 1081.301219335009 -10 -10 -10 -1000 -1000 -1000 -10
884 37 pedestrian 0 0 -10 923.1424733657971 161.0065795367983 1288.4262369502208 1081.2387765584167 -10 -10 -10 -1000 -1000 -1000 -10
885 37 pedestrian 0 0 -10 963.3142676569155 199.93962690166234 1315.7960845172652 1078.7611023914337 -10 -10 -10 -1000 -1000 -1000 -10
886 37 pedestrian 0 0 -10 1047.2793479239722 252.9968191484037 1384.122599496421 1077.417801401462 -10 -10 -10 -1000 -1000 -1000 -10
888 37 pedestrian 0 0 -10 990.1246548462382 140.13774329940549 1293.1510944803435 885.6798462578402 -10 -10 -10 -1000 -1000 -1000 -10
889 37 pedestrian 0 0 -10 984.1385146818686 115.54062538785837 1272.1980789604602 824.5335319588373 -10 -10 -10 -1000 -1000 -1000 -10
890 37 pedestrian 0 0 -10 998.2083992685048 106.75574951145973 1259.470101878053 746.4625735124353 -10 -10 -10 -1000 -1000 -1000 -10
891 37 pedestrian 0 0 -10 995.1537392721773 109.40907137589949 1282.341022256763 817.6426851461542 -10 -10 -10 -1000 -1000 -1000 -10
893 37 pedestrian 0 0 -10 1010.7427585977966 134.59826749332075 1296.830142950581 841.4913759620247 -10 -10 -10 -1000 -1000 -1000 -10
894 37 pedestrian 0 0 -10 1005.9458834518762 132.9687235735115 1278.1982862302757 808.801490018545 -10 -10 -10 -1000 -1000 -1000 -10
911 42 pedestrian 0 0 -10 963.8211417694315 175.06723937988284 1469.2801033477558 1081.3567901611327 -10 -10 -10 -1000 -1000 -1000 -10
912 42 pedestrian 0 0 -10 960.4651146363741 175.02332441657154 1465.9994344973954 1081.8248688905487 -10 -10 -10 -1000 -1000 -1000 -10
913 42 pedestrian 0 0 -10 955.410997736068 176.8714383187886 1457.8391684144024 1080.324340426384 -10 -10 -10 -1000 -1000 -1000 -10
914 42 pedestrian 0 0 -10 950.1396849326388 178.2997314100822 1448.4311948599388 1078.4626775150318 -10 -10 -10 -1000 -1000 -1000 -10
915 42 pedestrian 0 0 -10 942.9802018726746 176.5771604884921 1440.8725234986523 1080.1291637403622 -10 -10 -10 -1000 -1000 -1000 -10
918 42 pedestrian 0 0 -10 950.1691240073187 189.3316369151612 1440.6874827434476 1080.2763204730754 -10 -10 -10 -1000 -1000 -1000 -10
919 42 pedestrian 0 0 -10 983.1557307497794 212.47998609361667 1460.254844026414 1078.5384546785845 -10 -10 -10 -1000 -1000 -1000 -10
921 44 pedestrian 0 0 -10 946.4653481253471 123.25578155517579 1176.4375571480905 623.113069152832 -10 -10 -10 -1000 -1000 -1000 -10
922 44 pedestrian 0 0 -10 933.4373655398222 114.70594798034148 1192.0753439035607 677.077411865328 -10 -10 -10 -1000 -1000 -1000 -10
923 44 pedestrian 0 0 -10 949.7952049596288 118.07006532293076 1197.2697441233886 656.0089116226166 -10 -10 -10 -1000 -1000 -1000 -10
925 42 pedestrian 0 0 -10 1074.0583973515274 233.92580990599424 1540.297351238206 1080.6189624724348 -10 -10 -10 -1000 -1000 -1000 -10
926 42 pedestrian 0 0 -10 1088.6077109796129 225.7572249333087 1557.6263221107272 1079.8532148151305 -10 -10 -10 -1000 -1000 -1000 -10
926 44 pedestrian 0 0 -10 941.609541543056 117.49240777279476 1213.7699735647502 711.0835585386498 -10 -10 -10 -1000 -1000 -1000 -10
927 42 pedestrian 0 0 -10 1089.193288276816 218.31263269471282 1567.6199188487267 1084.2684300125604 -10 -10 -10 -1000 -1000 -1000 -10
927 44 pedestrian 0 0 -10 945.2683799544965 117.05442347179678 1210.8828573155379 698.1212639252713 -10 -10 -10 -1000 -1000 -1000 -10
928 42 pedestrian 0 0 -10 1091.8498082436274 235.48997389768948 1568.0320081705245 1084.7747898061032 -10 -10 -10 -1000 -1000 -1000 -10
928 44 pedestrian 0 0 -10 953.9404686085412 118.76286792214728 1202.401512969449 661.830701332554 -10 -10 -10 -1000 -1000 -1000 -10
929 44 pedestrian 0 0 -10 963.4619921238117 115.9148500737744 1212.253147520808 661.374577039654 -10 -10 -10 -1000 -1000 -1000 -10
930 44 pedestrian 0 0 -10 965.6490405954586 108.32559746396191 1217.3572890086568 658.3783427205664 -10 -10 -10 -1000 -1000 -1000 -10
931 44 pedestrian 0 0 -10 969.5362453320373 103.64442132225412 1225.4136704228329 659.294871007668 -10 -10 -10 -1000 -1000 -1000 -10
932 44 pedestrian 0 0 -10 971.0115973011557 104.74828901293404 1227.767763283769 656.1908321683587 -10 -10 -10 -1000 -1000 -1000 -10
933 44 pedestrian 0 0 -10 979.856907119036 109.48511911408951 1229.3580280961698 641.3280933023113 -10 -10 -10 -1000 -1000 -1000 -10
934 44 pedestrian 0 0 -10 978.4176650559004 113.62740282382242 1225.0463650474373 633.1638269079692 -10 -10 -10 -1000 -1000 -1000 -10
936 44 pedestrian 0 0 -10 979.9658348362643 119.80604286699753 1221.0151065315579 625.2255012896228 -10 -10 -10 -1000 -1000 -1000 -10
937 44 pedestrian 0 0 -10 975.1077885202167 110.61209799525642 1234.1800729284319 654.0002485211726 -10 -10 -10 -1000 -1000 -1000 -10
938 44 pedestrian 0 0 -10 969.5815163640987 110.55564634797116 1233.2972260475467 661.0287149856558 -10 -10 -10 -1000 -1000 -1000 -10
939 44 pedestrian 0 0 -10 965.6842695857699 112.0902566772989 1234.4609314701925 671.0094173819616 -10 -10 -10 -1000 -1000 -1000 -10
940 44 pedestrian 0 0 -10 958.186899751809 110.10036743228596 1231.5544889448574 677.4250656267586 -10 -10 -10 -1000 -1000 -1000 -10
941 44 pedestrian 0 0 -10 967.1507557050475 113.2870915133376 1237.1810701491054 676.0506392721852 -10 -10 -10 -1000 -1000 -1000 -10
942 44 pedestrian 0 0 -10 974.5503372914142 108.42560618691988 1244.4859380611874 671.7782037281638 -10 -10 -10 -1000 -1000 -1000 -10
943 44 pedestrian 0 0 -10 973.1515967931042 110.75401329424665 1242.0538696576273 675.5901052518227 -10 -10 -10 -1000 -1000 -1000 -10
944 44 pedestrian 0 0 -10 972.3368873550818 106.72357037760452 1241.2345886946873 672.264123449512 -10 -10 -10 -1000 -1000 -1000 -10
945 44 pedestrian 0 0 -10 983.2724490151302 108.81144551179676 1248.1845169267713 667.4698043955034 -10 -10 -10 -1000 -1000 -1000 -10
946 44 pedestrian 0 0 -10 993.6311653242399 116.64795512767404 1253.8148231285306 667.921868320728 -10 -10 -10 -1000 -1000 -1000 -10
947 44 pedestrian 0 0 -10 985.9899756663951 114.48511423498957 1248.8655023893346 673.4118748396288 -10 -10 -10 -1000 -1000 -1000 -10
948 44 pedestrian 0 0 -10 984.3791743047567 112.48285487888984 1245.7334851452429 667.2012417387383 -10 -10 -10 -1000 -1000 -1000 -10
949 44 pedestrian 0 0 -10 984.6090843900287 113.62410920700682 1243.5711861012533 662.9805099347916 -10 -10 -10 -1000 -1000 -1000 -10
950 44 pedestrian 0 0 -10 984.214723743115 113.66028909187548 1242.7924065716602 662.0717139265932 -10 -10 -10 -1000 -1000 -1000 -10
951 44 pedestrian 0 0 -10 978.4073295833193 115.66754910736609 1238.5982398619162 668.5387713880732 -10 -10 -10 -1000 -1000 -1000 -10
952 44 pedestrian 0 0 -10 974.5835425723328 109.12435686738092 1238.6281574983743 669.3188374798382 -10 -10 -10 -1000 -1000 -1000 -10
953 44 pedestrian 0 0 -10 978.0232398013495 103.06043437659366 1243.2536405961923 663.7847398395049 -10 -10 -10 -1000 -1000 -1000 -10
954 44 pedestrian 0 0 -10 978.7361645037388 100.16623635054054 1245.3769461439033 661.939184986572 -10 -10 -10 -1000 -1000 -1000 -10
955 44 pedestrian 0 0 -10 973.3015975466506 101.1971049468948 1242.6751772184402 668.3913713152256 -10 -10 -10 -1000 -1000 -1000 -10
956 44 pedestrian 0 0 -10 972.7517060510203 105.77194376028746 1240.0329456120087 666.9780795850436 -10 -10 -10 -1000 -1000 -1000 -10
957 44 pedestrian 0 0 -10 977.3173869946478 112.35981245066648 1243.453678295227 670.6337347325234 -10 -10 -10 -1000 -1000 -1000 -10
958 44 pedestrian 0 0 -10 979.8510660790321 115.78509376863792 1244.231807013337 671.1300865593449 -10 -10 -10 -1000 -1000 -1000 -10
959 44 pedestrian 0 0 -10 981.406185152412 117.7933242469021 1243.9097918350617 670.7195895543404 -10 -10 -10 -1000 -1000 -1000 -10
960 44 pedestrian 0 0 -10 979.5965692285727 113.34732517488055 1246.2497326983826 675.5358860196275 -10 -10 -10 -1000 -1000 -1000 -10
961 44 pedestrian 0 0 -10 975.4101772149097 108.99077923708523 1241.2017734440642 671.0494999853514 -10 -10 -10 -1000 -1000 -1000 -10
962 44 pedestrian 0 0 -10 978.3296583703259 102.32639934663962 1244.044269817915 664.6890618984099 -10 -10 -10 -1000 -1000 -1000 -10
963 44 pedestrian 0 0 -10 978.9391515580733 99.250754053376 1245.6301080961825 662.9797083923182 -10 -10 -10 -1000 -1000 -1000 -10
964 44 pedestrian 0 0 -10 997.759536844538 111.98849142028615 1255.729095200115 658.1422624838046 -10 -10 -10 -1000 -1000 -1000 -10
973 45 pedestrian 0 0 -10 1016.2872051579335 104.18877258300785 1234.3469745295663 699.2180206298829 -10 -10 -10 -1000 -1000 -1000 -10
974 45 pedestrian 0 0 -10 1033.7648311932792 108.76389056414018 1231.8217104044395 646.1011519058178 -10 -10 -10 -1000 -1000 -1000 -10
980 45 pedestrian 0 0 -10 988.8418918750147 110.32733861231867 1195.2594054242702 663.1089087969367 -10 -10 -10 -1000 -1000 -1000 -10
981 45 pedestrian 0 0 -10 990.1921282182855 112.39465430891215 1199.4901716058807 661.9635064993206 -10 -10 -10 -1000 -1000 -1000 -10
982 45 pedestrian 0 0 -10 995.0248191815176 114.5290391173022 1206.2967559604058 660.2078689844894 -10 -10 -10 -1000 -1000 -1000 -10
983 45 pedestrian 0 0 -10 989.647337186075 111.61526050830116 1207.0042187832316 662.9641469989666 -10 -10 -10 -1000 -1000 -1000 -10
984 45 pedestrian 0 0 -10 981.6013430641981 108.36180378873024 1203.9810205092533 666.3987369384026 -10 -10 -10 -1000 -1000 -1000 -10
985 45 pedestrian 0 0 -10 995.4636519967422 112.23080907406495 1214.2560250665892 653.4285477306024 -10 -10 -10 -1000 -1000 -1000 -10
986 45 pedestrian 0 0 -10 993.4659344076655 113.24775698566174 1216.4842743558354 658.0895221025457 -10 -10 -10 -1000 -1000 -1000 -10
987 45 pedestrian 0 0 -10 987.9720961935841 113.54844085559552 1212.7170267107917 659.9569704904197 -10 -10 -10 -1000 -1000 -1000 -10
988 45 pedestrian 0 0 -10 979.0141955229562 111.15464729392318 1208.7496922853436 662.9688009304573 -10 -10 -10 -1000 -1000 -1000 -10
989 45 pedestrian 0 0 -10 985.0816879579653 107.74774512817618 1216.6885871587951 657.5384070976927 -10 -10 -10 -1000 -1000 -1000 -10
990 45 pedestrian 0 0 -10 980.9083506428282 103.49379330241516 1217.088502011309 658.4123076804881 -10 -10 -10 -1000 -1000 -1000 -10
991 45 pedestrian 0 0 -10 980.3704471884485 105.38296414522551 1216.2191007522624 655.1556774751672 -10 -10 -10 -1000 -1000 -1000 -10
992 45 pedestrian 0 0 -10 973.9008945342943 103.48529453767748 1212.6901781924755 656.3276699538103 -10 -10 -10 -1000 -1000 -1000 -10
993 45 pedestrian 0 0 -10 969.7271821129505 100.01512087747693 1213.1977856398487 659.7177896895469 -10 -10 -10 -1000 -1000 -1000 -10
996 46 pedestrian 0 0 -10 972.6853081826127 103.28436737060548 1235.624518477544 657.3202804565431 -10 -10 -10 -1000 -1000 -1000 -10
997 46 pedestrian 0 0 -10 967.7753864095001 102.29961516194334 1231.745528879271 658.5236408397045 -10 -10 -10 -1000 -1000 -1000 -10
998 46 pedestrian 0 0 -10 966.7494855700738 103.09096720632914 1230.0339917520114 657.8221976856646 -10 -10 -10 -1000 -1000 -1000 -10
999 46 pedestrian 0 0 -10 964.2945308114867 98.54676883922968 1231.6852466490113 662.1643369054955 -10 -10 -10 -1000 -1000 -1000 -10
1000 46 pedestrian 0 0 -10 953.4406313472822 101.94727157427974 1222.1501262596485 668.6007198112632 -10 -10 -10 -1000 -1000 -1000 -10
1001 46 pedestrian 0 0 -10 954.5015891236819 98.20729177545769 1224.0342971201405 666.2868779212463 -10 -10 -10 -1000 -1000 -1000 -10
1002 46 pedestrian 0 0 -10 966.7056191199151 100.58553735408594 1232.8610229422497 661.1511860787662 -10 -10 -10 -1000 -1000 -1000 -10
1003 46 pedestrian 0 0 -10 976.5838801499888 102.8275657465935 1240.5186777188976 657.7827480498424 -10 -10 -10 -1000 -1000 -1000 -10
1004 46 pedestrian 0 0 -10 974.1185806060558 100.88189325884241 1239.9051318738316 659.4435964498737 -10 -10 -10 -1000 -1000 -1000 -10
1005 46 pedestrian 0 0 -10 973.6740823850665 96.61996526968625 1238.9919452655815 654.3194997233245 -10 -10 -10 -1000 -1000 -1000 -10
1006 46 pedestrian 0 0 -10 974.6468200193505 97.74663226208247 1237.7719415500164 649.9935124437906 -10 -10 -10 -1000 -1000 -1000 -10
1007 46 pedestrian 0 0 -10 968.5423815283423 99.66474517308336 1233.8747978300366 656.0813303292812 -10 -10 -10 -1000 -1000 -1000 -10
1008 46 pedestrian 0 0 -10 965.6971593753722 99.58518862081064 1232.9848965502817 659.0485899688879 -10 -10 -10 -1000 -1000 -1000 -10
1009 46 pedestrian 0 0 -10 966.2104044663284 102.9734405097089 1231.2746480557173 656.9627691446517 -10 -10 -10 -1000 -1000 -1000 -10
1010 46 pedestrian 0 0 -10 968.3792197790523 103.92636724087492 1228.5445287126572 646.9917671020795 -10 -10 -10 -1000 -1000 -1000 -10
1011 46 pedestrian 0 0 -10 973.41684826757 103.04375031371984 1232.782713714409 644.3811131365994 -10 -10 -10 -1000 -1000 -1000 -10
1012 46 pedestrian 0 0 -10 981.8917492378682 106.56444443287643 1237.3449464440919 639.8245588548457 -10 -10 -10 -1000 -1000 -1000 -10
1013 46 pedestrian 0 0 -10 981.0855414531952 104.42678926280661 1242.7898097673633 651.1582076008553 -10 -10 -10 -1000 -1000 -1000 -10
1014 46 pedestrian 0 0 -10 983.1084852435578 102.80184204965695 1242.7323705796202 646.6819262658132 -10 -10 -10 -1000 -1000 -1000 -10
1015 46 pedestrian 0 0 -10 984.0836226317995 102.06172958623131 1242.414893961361 645.5965766130605 -10 -10 -10 -1000 -1000 -1000 -10
1016 46 pedestrian 0 0 -10 982.5116963791262 101.67980150183865 1244.093519145972 653.9976330458351 -10 -10 -10 -1000 -1000 -1000 -10
1017 46 pedestrian 0 0 -10 982.1409359455384 101.81095038165057 1244.4277055197977 656.7629535826288 -10 -10 -10 -1000 -1000 -1000 -10
1018 46 pedestrian 0 0 -10 989.1706827504977 107.75654111500558 1246.639630770916 651.9504838826665 -10 -10 -10 -1000 -1000 -1000 -10
1019 46 pedestrian 0 0 -10 997.2854998624459 107.12870733385665 1251.5563395049612 643.8131696103624 -10 -10 -10 -1000 -1000 -1000 -10
1020 46 pedestrian 0 0 -10 999.8956353699247 101.03257030665094 1253.538233226401 637.3577433032992 -10 -10 -10 -1000 -1000 -1000 -10
1021 46 pedestrian 0 0 -10 994.8587640074381 100.91390850088396 1250.7325729606007 641.9620381260272 -10 -10 -10 -1000 -1000 -1000 -10
1022 46 pedestrian 0 0 -10 992.8268803554316 100.46709565883845 1249.7861585252651 643.8368042444354 -10 -10 -10 -1000 -1000 -1000 -10
1023 46 pedestrian 0 0 -10 985.3121055090876 95.89149008781766 1246.587533758282 649.4360703047798 -10 -10 -10 -1000 -1000 -1000 -10
1024 46 pedestrian 0 0 -10 980.9461785052206 90.23257752983392 1246.720031996905 655.2408938715137 -10 -10 -10 -1000 -1000 -1000 -10
1025 46 pedestrian 0 0 -10 981.3001086926304 91.65800468543239 1244.9219302587314 653.7775190077587 -10 -10 -10 -1000 -1000 -1000 -10
1026 46 pedestrian 0 0 -10 981.9481643198583 93.22556632592386 1243.8461483991505 652.518564255212 -10 -10 -10 -1000 -1000 -1000 -10
1027 46 pedestrian 0 0 -10 981.7035546846517 92.68316695627766 1243.8235815578732 653.3552863716071 -10 -10 -10 -1000 -1000 -1000 -10
1028 46 pedestrian 0 0 -10 976.2173724969264 94.29865568665963 1239.7789708948496 660.9260927217806 -10 -10 -10 -1000 -1000 -1000 -10
1029 46 pedestrian 0 0 -10 974.3345948607987 91.03938261870024 1238.1430512941047 658.8841261484692 -10 -10 -10 -1000 -1000 -1000 -10
1030 46 pedestrian 0 0 -10 979.1439434132756 91.59148285251729 1241.2170232888534 655.9694868187491 -10 -10 -10 -1000 -1000 -1000 -10
1031 46 pedestrian 0 0 -10 981.2130590925802 92.22811586130535 1242.271562954357 654.4085048994021 -10 -10 -10 -1000 -1000 -1000 -10
1032 46 pedestrian 0 0 -10 982.93661969122 94.19681209900392 1241.8845347349302 652.448451853425 -10 -10 -10 -1000 -1000 -1000 -10
1033 46 pedestrian 0 0 -10 978.8453492897878 94.07567095812038 1237.059421908322 652.3513929947426 -10 -10 -10 -1000 -1000 -1000 -10
1034 46 pedestrian 0 0 -10 982.575680818172 95.75286910471112 1239.4226880159233 650.2246292395621 -10 -10 -10 -1000 -1000 -1000 -10
1035 46 pedestrian 0 0 -10 985.9864979039926 96.35321650187893 1238.2785535980888 640.4375591781449 -10 -10 -10 -1000 -1000 -1000 -10
1036 46 pedestrian 0 0 -10 983.6019914242927 93.16989873301566 1241.488491182654 649.5799260338903 -10 -10 -10 -1000 -1000 -1000 -10
1037 46 pedestrian 0 0 -10 989.1009196192574 95.98512332875339 1245.5761952262117 649.2114349474851 -10 -10 -10 -1000 -1000 -1000 -10
1038 46 pedestrian 0 0 -10 991.4455118018667 92.24949271513486 1246.988468373961 644.4365310736553 -10 -10 -10 -1000 -1000 -1000 -10
1039 46 pedestrian 0 0 -10 990.0383733263145 95.92026361847343 1240.6392961363708 637.4684844194854 -10 -10 -10 -1000 -1000 -1000 -10
1040 46 pedestrian 0 0 -10 989.3379612170916 97.57124067272144 1238.147294668992 634.3241273242002 -10 -10 -10 -1000 -1000 -1000 -10
1041 46 pedestrian 0 0 -10 981.1605752176926 99.44758452424526 1235.4598785481587 651.2302490763959 -10 -10 -10 -1000 -1000 -1000 -10
1042 46 pedestrian 0 0 -10 985.0005920663901 103.8611829507322 1237.0669446753077 653.7346751722215 -10 -10 -10 -1000 -1000 -1000 -10
1043 46 pedestrian 0 0 -10 984.9696457978033 102.87325346244586 1239.0829565333552 657.1062216008764 -10 -10 -10 -1000 -1000 -1000 -10
1044 46 pedestrian 0 0 -10 985.6549475106488 100.0213474396839 1239.399056670832 651.5983283255455 -10 -10 -10 -1000 -1000 -1000 -10
1045 46 pedestrian 0 0 -10 986.3274643293352 100.496468306743 1239.0566768477504 647.5618236122084 -10 -10 -10 -1000 -1000 -1000 -10
1046 46 pedestrian 0 0 -10 992.1580687725226 103.0819619057387 1242.6906391270759 643.4837525183879 -10 -10 -10 -1000 -1000 -1000 -10
1047 46 pedestrian 0 0 -10 986.0769559414473 96.60666131643143 1242.8685496658493 649.3877251639915 -10 -10 -10 -1000 -1000 -1000 -10
1048 46 pedestrian 0 0 -10 985.8350641004698 98.43805219639603 1240.9666294110357 647.6476276913806 -10 -10 -10 -1000 -1000 -1000 -10
1049 46 pedestrian 0 0 -10 985.5249256281174 98.77631633063965 1240.5104040813537 647.3238349845744 -10 -10 -10 -1000 -1000 -1000 -10
1050 46 pedestrian 0 0 -10 986.2222554376527 100.69034150848631 1239.5761858962635 645.7824673387697 -10 -10 -10 -1000 -1000 -1000 -10
1051 46 pedestrian 0 0 -10 985.1882774955645 98.73108604378905 1240.412519236465 647.8084247013212 -10 -10 -10 -1000 -1000 -1000 -10
1052 46 pedestrian 0 0 -10 984.8093406975262 101.9033206001119 1240.7231432159642 653.9088914833102 -10 -10 -10 -1000 -1000 -1000 -10
1053 46 pedestrian 0 0 -10 983.30623005261 100.28513391072113 1242.3264820677762 658.8725271958422 -10 -10 -10 -1000 -1000 -1000 -10
1054 46 pedestrian 0 0 -10 989.4499281007353 99.41406101561353 1245.3006296754907 651.7017968438786 -10 -10 -10 -1000 -1000 -1000 -10
1055 46 pedestrian 0 0 -10 991.7743820285966 98.91044435930434 1246.493736607497 649.1026304466423 -10 -10 -10 -1000 -1000 -1000 -10
1056 46 pedestrian 0 0 -10 991.6217561866899 97.16797789481421 1247.9458894658026 649.604727234331 -10 -10 -10 -1000 -1000 -1000 -10
1057 46 pedestrian 0 0 -10 992.5669570611043 98.59430477406005 1247.4702802643997 647.4424910922885 -10 -10 -10 -1000 -1000 -1000 -10
1058 46 pedestrian 0 0 -10 993.8081342842268 101.55973159644827 1246.43085007693 644.2653484528619 -10 -10 -10 -1000 -1000 -1000 -10
1059 46 pedestrian 0 0 -10 993.3204560593001 101.00386152585924 1247.0117696938212 645.0327837106754 -10 -10 -10 -1000 -1000 -1000 -10
1060 46 pedestrian 0 0 -10 989.4863069432855 100.86414662196728 1241.461820913293 645.6506282764757 -10 -10 -10 -1000 -1000 -1000 -10
1061 46 pedestrian 0 0 -10 987.1302001814801 102.61504242834195 1240.109828634333 652.9290236229574 -10 -10 -10 -1000 -1000 -1000 -10
1062 46 pedestrian 0 0 -10 988.2254806531208 106.70669135118209 1237.60659277674 652.4426211526961 -10 -10 -10 -1000 -1000 -1000 -10
1063 46 pedestrian 0 0 -10 980.4871060447474 98.77712578556975 1235.5326141293617 661.6716791578394 -10 -10 -10 -1000 -1000 -1000 -10
1064 46 pedestrian 0 0 -10 979.638533569587 99.19462842654661 1232.6385757497173 661.8964734305523 -10 -10 -10 -1000 -1000 -1000 -10
1065 46 pedestrian 0 0 -10 980.1513619061782 100.0142138143056 1230.754215940847 661.4336847880045 -10 -10 -10 -1000 -1000 -1000 -10
1066 46 pedestrian 0 0 -10 979.108878503872 96.64382004899983 1231.4025407671847 664.6975379711091 -10 -10 -10 -1000 -1000 -1000 -10
1067 46 pedestrian 0 0 -10 983.5120633866452 95.43437381107236 1236.1873089337312 665.548156252775 -10 -10 -10 -1000 -1000 -1000 -10
1068 46 pedestrian 0 0 -10 981.088554087743 96.10089096648005 1233.0501707452318 664.6988708931026 -10 -10 -10 -1000 -1000 -1000 -10
1069 46 pedestrian 0 0 -10 985.2773102546528 98.41915233065657 1235.862994897698 662.0326776211348 -10 -10 -10 -1000 -1000 -1000 -10
1070 46 pedestrian 0 0 -10 990.3152852595813 97.1147762491479 1242.865713783991 663.258698396868 -10 -10 -10 -1000 -1000 -1000 -10
1071 46 pedestrian 0 0 -10 988.1888707352666 93.86331694413911 1240.4530036299889 657.6822307581074 -10 -10 -10 -1000 -1000 -1000 -10
1072 46 pedestrian 0 0 -10 987.5422749468154 93.53266813727566 1239.1275872044187 654.5109171659773 -10 -10 -10 -1000 -1000 -1000 -10
1073 46 pedestrian 0 0 -10 982.1315034548651 92.16959639369594 1234.438923069824 654.6927449016569 -10 -10 -10 -1000 -1000 -1000 -10
1074 46 pedestrian 0 0 -10 984.308617899503 94.89422938226852 1237.7833789364977 660.3610311324376 -10 -10 -10 -1000 -1000 -1000 -10
1075 46 pedestrian 0 0 -10 980.3026816164047 94.05497015294367 1234.7287212036217 664.4497183897704 -10 -10 -10 -1000 -1000 -1000 -10
1076 46 pedestrian 0 0 -10 984.904703156322 98.62766180214544 1236.6898745111891 661.6239774910972 -10 -10 -10 -1000 -1000 -1000 -10
1077 46 pedestrian 0 0 -10 993.9050056640829 105.32917800707622 1239.5783558234239 655.5396388734969 -10 -10 -10 -1000 -1000 -1000 -10
1078 46 pedestrian 0 0 -10 996.6955888958481 106.03293217060394 1241.3653860601462 655.0824399316871 -10 -10 -10 -1000 -1000 -1000 -10
1079 46 pedestrian 0 0 -10 997.2569017623912 105.47146307937555 1242.406027353372 655.6742678997948 -10 -10 -10 -1000 -1000 -1000 -10
1080 46 pedestrian 0 0 -10 1003.499057205805 109.0266980062558 1246.139276715649 652.2168000410275 -10 -10 -10 -1000 -1000 -1000 -10
1081 46 pedestrian 0 0 -10 999.1648657054028 105.19548625792822 1244.9266772294727 655.7885011217726 -10 -10 -10 -1000 -1000 -1000 -10
1082 46 pedestrian 0 0 -10 995.9527154837031 97.46956399633882 1245.8518855150376 653.8277761223948 -10 -10 -10 -1000 -1000 -1000 -10
1083 46 pedestrian 0 0 -10 994.2252220056386 93.61605186919422 1246.6593802824034 654.213058682496 -10 -10 -10 -1000 -1000 -1000 -10
1084 46 pedestrian 0 0 -10 984.4814456023146 93.40119523045195 1237.0077729065301 653.0967149042649 -10 -10 -10 -1000 -1000 -1000 -10
1085 46 pedestrian 0 0 -10 993.1803949848713 99.40773838944176 1240.0449945475293 646.8369410756264 -10 -10 -10 -1000 -1000 -1000 -10
1086 46 pedestrian 0 0 -10 989.5395986640959 97.75990462132887 1238.5193930664577 648.4776774649895 -10 -10 -10 -1000 -1000 -1000 -10
1087 46 pedestrian 0 0 -10 982.54602953415 95.43065952227948 1234.3877462401265 650.5647480251537 -10 -10 -10 -1000 -1000 -1000 -10
1088 46 pedestrian 0 0 -10 979.2744831988779 94.46975621215228 1233.2785010594312 652.0588256689039 -10 -10 -10 -1000 -1000 -1000 -10
1089 46 pedestrian 0 0 -10 977.9573187538604 94.03564161880564 1233.1619109517555 651.9306274841074 -10 -10 -10 -1000 -1000 -1000 -10
1090 46 pedestrian 0 0 -10 967.8374761874823 92.74358672101152 1223.857372783308 653.1560036387189 -10 -10 -10 -1000 -1000 -1000 -10
1091 46 pedestrian 0 0 -10 962.3614657769796 98.19594825741666 1212.757883553188 648.1252792070593 -10 -10 -10 -1000 -1000 -1000 -10
1092 46 pedestrian 0 0 -10 955.2381645800656 102.73514300063107 1204.230601976611 652.6210842677116 -10 -10 -10 -1000 -1000 -1000 -10
1093 46 pedestrian 0 0 -10 952.7746555621314 103.25661833787285 1201.0539062985738 655.5078446295953 -10 -10 -10 -1000 -1000 -1000 -10
1094 46 pedestrian 0 0 -10 951.5128271269419 107.40255626202838 1190.9629452322538 643.5352785342884 -10 -10 -10 -1000 -1000 -1000 -10
1095 46 pedestrian 0 0 -10 945.329116682599 110.10444091921744 1183.858337222237 646.7061880244146 -10 -10 -10 -1000 -1000 -1000 -10
1096 46 pedestrian 0 0 -10 947.1256986780028 105.36094743423132 1186.8434265545873 645.0866641550573 -10 -10 -10 -1000 -1000 -1000 -10
1097 46 pedestrian 0 0 -10 951.9881279317966 101.52363066522491 1193.3779329035851 646.0653101475775 -10 -10 -10 -1000 -1000 -1000 -10
1098 46 pedestrian 0 0 -10 947.0524175913314 99.61356410937549 1193.5156178573623 655.9339669755966 -10 -10 -10 -1000 -1000 -1000 -10
1099 46 pedestrian 0 0 -10 954.3848823068128 94.05454398841499 1203.0664337032147 655.6148425244091 -10 -10 -10 -1000 -1000 -1000 -10
1100 46 pedestrian 0 0 -10 957.3649726455842 92.5798823396338 1206.8239570152405 654.8192904765283 -10 -10 -10 -1000 -1000 -1000 -10
1101 46 pedestrian 0 0 -10 967.8854850323818 92.77706452721094 1217.5101984141313 654.009182046759 -10 -10 -10 -1000 -1000 -1000 -10
1102 46 pedestrian 0 0 -10 971.8973732313298 94.04777470747291 1221.7939794156678 652.5336554852911 -10 -10 -10 -1000 -1000 -1000 -10
1103 46 pedestrian 0 0 -10 969.0485803827481 100.14038861456208 1218.2268785574304 655.1577910789422 -10 -10 -10 -1000 -1000 -1000 -10
1104 46 pedestrian 0 0 -10 963.9425447271748 103.76176049951215 1211.3586050767772 655.6550015833996 -10 -10 -10 -1000 -1000 -1000 -10
1105 46 pedestrian 0 0 -10 957.2954490953578 104.79924160996649 1204.1598369399715 656.1467447035245 -10 -10 -10 -1000 -1000 -1000 -10
1106 46 pedestrian 0 0 -10 954.8849521330293 103.79426707068575 1201.3697147809003 657.3747308960831 -10 -10 -10 -1000 -1000 -1000 -10
1108 46 pedestrian 0 0 -10 953.4633478418574 108.36503307851052 1200.3323913696368 663.4535655423542 -10 -10 -10 -1000 -1000 -1000 -10
1109 46 pedestrian 0 0 -10 948.8822441904214 109.52538822736949 1194.9097774606564 664.9703944742395 -10 -10 -10 -1000 -1000 -1000 -10
1112 46 pedestrian 0 0 -10 952.6261846090651 110.12002081332236 1198.7288950656425 665.0898446832466 -10 -10 -10 -1000 -1000 -1000 -10
1113 46 pedestrian 0 0 -10 953.0259306589872 108.44565968064171 1200.0183333991372 666.5457312144831 -10 -10 -10 -1000 -1000 -1000 -10
1115 46 pedestrian 0 0 -10 959.0905693268467 104.95721095763514 1205.580178735718 659.5019823272028 -10 -10 -10 -1000 -1000 -1000 -10
1116 46 pedestrian 0 0 -10 966.2939245612608 111.73896982399151 1210.8644054211402 659.4225376183244 -10 -10 -10 -1000 -1000 -1000 -10
1118 46 pedestrian 0 0 -10 983.4841753323325 117.59117776604677 1210.075590259347 623.8028181279028 -10 -10 -10 -1000 -1000 -1000 -10
1119 46 pedestrian 0 0 -10 949.6150458263744 114.19910725170729 1187.7851804178495 649.3452873620056 -10 -10 -10 -1000 -1000 -1000 -10
1120 46 pedestrian 0 0 -10 943.166772189996 108.14107165292 1176.172769676546 634.8050325286434 -10 -10 -10 -1000 -1000 -1000 -10
1121 46 pedestrian 0 0 -10 930.8984589101543 96.64759242280587 1172.3786174537433 647.4944748537189 -10 -10 -10 -1000 -1000 -1000 -10
1122 46 pedestrian 0 0 -10 934.7805620432111 95.36041152544414 1171.9235535781102 640.4703368389003 -10 -10 -10 -1000 -1000 -1000 -10
1123 46 pedestrian 0 0 -10 936.874865305777 89.83853244044514 1171.6079267638124 633.1438121728845 -10 -10 -10 -1000 -1000 -1000 -10
1124 46 pedestrian 0 0 -10 942.5858638799776 85.99958039589018 1185.3323111532218 650.88095612178 -10 -10 -10 -1000 -1000 -1000 -10
1125 46 pedestrian 0 0 -10 957.6661587393975 91.78721439592027 1196.0220988902379 650.4661233259574 -10 -10 -10 -1000 -1000 -1000 -10
1126 46 pedestrian 0 0 -10 961.7756338988085 91.17091767931129 1202.0789148639894 653.6588950715163 -10 -10 -10 -1000 -1000 -1000 -10
1127 46 pedestrian 0 0 -10 958.9811010911781 91.70402795499115 1199.267594127593 654.245428092071 -10 -10 -10 -1000 -1000 -1000 -10
1128 46 pedestrian 0 0 -10 973.2100982701895 94.62366599462092 1210.7617681939696 651.3751408108669 -10 -10 -10 -1000 -1000 -1000 -10
1130 46 pedestrian 0 0 -10 980.7062780026424 99.03791344195247 1215.0556456634765 647.2472524750802 -10 -10 -10 -1000 -1000 -1000 -10
1133 46 pedestrian 0 0 -10 1060.865462681924 90.16635805533514 1295.0220521127194 644.1901983271266 -10 -10 -10 -1000 -1000 -1000 -10
1134 46 pedestrian 0 0 -10 1100.8293645568558 96.45620472545443 1327.3263020395148 635.7173846328839 -10 -10 -10 -1000 -1000 -1000 -10
1136 46 pedestrian 0 0 -10 1179.4544004736365 118.84051744766401 1390.1930727219128 624.0878959166062 -10 -10 -10 -1000 -1000 -1000 -10
1138 46 pedestrian 0 0 -10 1246.560661566973 99.72355104567654 1448.390784131437 589.0335896937893 -10 -10 -10 -1000 -1000 -1000 -10
1139 46 pedestrian 0 0 -10 1269.7617250502688 103.39408096673384 1457.8578222193282 564.6017968340036 -10 -10 -10 -1000 -1000 -1000 -10
1391 51 pedestrian 0 0 -10 1247.594347802555 -5.117426687479025 1363.892273291195 199.37440986037254 -10 -10 -10 -1000 -1000 -1000 -10
1469 59 pedestrian 0 0 -10 1223.8517511026696 -2.4398208618164148 1307.428986202018 163.84752349853517 -10 -10 -10 -1000 -1000 -1000 -10
1471 60 pedestrian 0 0 -10 1123.8619995211554 -0.6596833512187033 1236.370300283532 160.38996569663288 -10 -10 -10 -1000 -1000 -1000 -10
1472 60 pedestrian 0 0 -10 1087.894889198257 -3.7444056387417533 1200.7329340766273 157.52358839019684 -10 -10 -10 -1000 -1000 -1000 -10
1473 60 pedestrian 0 0 -10 1037.1729426223146 -1.9700860514950307 1150.1363112420404 159.7034135933982 -10 -10 -10 -1000 -1000 -1000 -10
1474 60 pedestrian 0 0 -10 995.7556776036606 -0.623685692932284 1108.4468634557393 160.55146307662875 -10 -10 -10 -1000 -1000 -1000 -10
1476 60 pedestrian 0 0 -10 928.2818974763328 -4.828886516314881 1040.6044103604222 156.12105534268056 -10 -10 -10 -1000 -1000 -1000 -10
2469 66 pedestrian 0 0 -10 881.8048522335828 101.70425109863277 1173.4597962039172 786.6752471923828 -10 -10 -10 -1000 -1000 -1000 -10
3382 68 pedestrian 0 0 -10 979.0135360165658 186.67788696289062 1223.696608026403 821.053125 -10 -10 -10 -1000 -1000 -1000 -10
4481 82 pedestrian 0 0 -10 1027.4117107840766 310.3925476074219 1182.8480426338917 699.90478515625 -10 -10 -10 -1000 -1000 -1000 -10
4483 82 pedestrian 0 0 -10 1060.0158908036879 415.2790588441531 1175.9250199381024 704.7232246679687 -10 -10 -10 -1000 -1000 -1000 -10
4761 85 pedestrian 0 0 -10 849.1116670484151 123.82746582031251 924.319936955491 301.14404296875 -10 -10 -10 -1000 -1000 -1000 -10
4762 85 pedestrian 0 0 -10 852.8880576895539 132.57584734194796 928.547958032474 311.0422966575651 -10 -10 -10 -1000 -1000 -1000 -10
4768 86 pedestrian 0 0 -10 1020.513578271879 45.717192077636696 1284.8496785640584 660.827360534668 -10 -10 -10 -1000 -1000 -1000 -10
4769 86 pedestrian 0 0 -10 1030.6858407856698 45.07084279362215 1290.029047878018 648.4005747176511 -10 -10 -10 -1000 -1000 -1000 -10
4779 89 pedestrian 0 0 -10 847.2547056718837 149.14512634277344 952.3014710859287 397.7088104248047 -10 -10 -10 -1000 -1000 -1000 -10
4780 89 pedestrian 0 0 -10 845.2419005560546 144.5663015811 953.9623142893251 401.821469667094 -10 -10 -10 -1000 -1000 -1000 -10
4782 90 pedestrian 0 0 -10 1140.7312560782575 71.86997680664058 1377.8093445076804 637.5364074707031 -10 -10 -10 -1000 -1000 -1000 -10
4783 90 pedestrian 0 0 -10 1145.9723907259363 70.77507651035296 1386.6940846934037 644.7829333416867 -10 -10 -10 -1000 -1000 -1000 -10
4783 89 pedestrian 0 0 -10 844.4378747095687 143.3409563156153 954.5187465572156 403.244573973222 -10 -10 -10 -1000 -1000 -1000 -10
4784 90 pedestrian 0 0 -10 1145.5390279292278 77.50753810961817 1381.890302246879 640.4004964179097 -10 -10 -10 -1000 -1000 -1000 -10
4784 89 pedestrian 0 0 -10 846.1989070313796 147.25339955580836 953.1865867865396 399.9028776597238 -10 -10 -10 -1000 -1000 -1000 -10
4785 89 pedestrian 0 0 -10 847.6106789153188 150.4402785902162 951.7901653674459 396.934688235728 -10 -10 -10 -1000 -1000 -1000 -10
4786 89 pedestrian 0 0 -10 848.0622751990379 154.5296861474115 961.0920305719968 422.1689875270467 -10 -10 -10 -1000 -1000 -1000 -10
4786 90 pedestrian 0 0 -10 1099.2010854328405 76.20300109702657 1328.020213267353 618.3115271863705 -10 -10 -10 -1000 -1000 -1000 -10
4788 89 pedestrian 0 0 -10 850.3178104054206 150.85120402774382 962.3853914223417 415.7963508555915 -10 -10 -10 -1000 -1000 -1000 -10
4788 90 pedestrian 0 0 -10 1100.55308743081 80.49485632445294 1329.1179468844387 620.0496670189303 -10 -10 -10 -1000 -1000 -1000 -10
4789 90 pedestrian 0 0 -10 1126.4209691812339 85.8812028776868 1355.342609464831 625.9844402989268 -10 -10 -10 -1000 -1000 -1000 -10
4790 90 pedestrian 0 0 -10 1101.2527534533604 79.25613928450224 1330.6980107490863 617.9984142378889 -10 -10 -10 -1000 -1000 -1000 -10
4790 89 pedestrian 0 0 -10 851.2629245156546 160.59712794225888 963.2477472753438 425.56324812515675 -10 -10 -10 -1000 -1000 -1000 -10
4791 90 pedestrian 0 0 -10 1095.0521587739183 73.49592920129254 1328.560336003021 618.2126117091764 -10 -10 -10 -1000 -1000 -1000 -10
4791 89 pedestrian 0 0 -10 846.7350289518945 153.32151624592697 958.3967522317365 416.9656009283186 -10 -10 -10 -1000 -1000 -1000 -10
4792 90 pedestrian 0 0 -10 1096.7750545617725 74.56420767090663 1333.661643284124 623.9822706301026 -10 -10 -10 -1000 -1000 -1000 -10
4792 89 pedestrian 0 0 -10 846.720412795583 150.42613244671037 954.723005596133 404.9438696906369 -10 -10 -10 -1000 -1000 -1000 -10
4792 93 pedestrian 0 0 -10 848.3086414760206 159.17164611816406 965.4057872349169 430.55492248535154 -10 -10 -10 -1000 -1000 -1000 -10
4793 90 pedestrian 0 0 -10 1107.4753191226364 76.46690830433067 1344.5862850659787 625.3308514701639 -10 -10 -10 -1000 -1000 -1000 -10
4794 90 pedestrian 0 0 -10 1107.1366967174677 78.04966553983053 1344.0470073273448 624.9085959784791 -10 -10 -10 -1000 -1000 -1000 -10
4794 93 pedestrian 0 0 -10 847.3861989248144 162.5076943915644 967.0543586337175 440.22262881884876 -10 -10 -10 -1000 -1000 -1000 -10
4795 90 pedestrian 0 0 -10 1111.6775693873738 82.80794917707385 1348.7569577322904 629.5476439487968 -10 -10 -10 -1000 -1000 -1000 -10
4796 90 pedestrian 0 0 -10 1115.1207707779622 84.68863302298354 1348.8710520695897 622.2626111172706 -10 -10 -10 -1000 -1000 -1000 -10
4797 90 pedestrian 0 0 -10 1104.5823760314602 80.60289763146255 1341.769097673846 624.0831855588315 -10 -10 -10 -1000 -1000 -1000 -10
4800 90 pedestrian 0 0 -10 1148.202802127113 92.3715605156815 1386.2333719444582 635.1887692690542 -10 -10 -10 -1000 -1000 -1000 -10
4801 90 pedestrian 0 0 -10 1194.888188581067 112.81665255648599 1413.0701949478985 618.6287892042882 -10 -10 -10 -1000 -1000 -1000 -10
4802 90 pedestrian 0 0 -10 1155.5296769086838 102.70644728505744 1380.0809047521818 620.1199992125471 -10 -10 -10 -1000 -1000 -1000 -10
4803 90 pedestrian 0 0 -10 1126.1072825014578 109.39597717828696 1346.3286752344459 619.7928292563129 -10 -10 -10 -1000 -1000 -1000 -10
4804 90 pedestrian 0 0 -10 1172.7747058765085 110.83410005429707 1390.090431104981 620.5845618248262 -10 -10 -10 -1000 -1000 -1000 -10
4806 90 pedestrian 0 0 -10 1192.4811373673779 119.47074242014162 1409.9822367389322 635.3849807639273 -10 -10 -10 -1000 -1000 -1000 -10
4807 97 pedestrian 0 0 -10 1120.970213620794 85.60966949462892 1413.8495861838933 712.0122817993165 -10 -10 -10 -1000 -1000 -1000 -10
4807 90 pedestrian 0 0 -10 1157.925907146298 101.07912555431045 1394.7919984347755 658.7469652220122 -10 -10 -10 -1000 -1000 -1000 -10
4808 97 pedestrian 0 0 -10 1119.7218312923815 86.97041016052884 1417.4243658854487 725.2482724250146 -10 -10 -10 -1000 -1000 -1000 -10
4809 97 pedestrian 0 0 -10 1120.9261159280643 84.72244077043194 1427.2977639490543 743.6392938836166 -10 -10 -10 -1000 -1000 -1000 -10
4810 97 pedestrian 0 0 -10 1116.0455174874933 82.85356844538364 1425.7627340622087 750.7655758074213 -10 -10 -10 -1000 -1000 -1000 -10
4811 97 pedestrian 0 0 -10 1123.771324699091 98.56881791540462 1385.7638352266144 665.5696521093412 -10 -10 -10 -1000 -1000 -1000 -10
4812 97 pedestrian 0 0 -10 1122.5164377506258 105.66034078093355 1364.5160051689813 632.0522047598841 -10 -10 -10 -1000 -1000 -1000 -10
4813 97 pedestrian 0 0 -10 1116.3364427806807 116.6324235723971 1343.031635017349 613.3489312797575 -10 -10 -10 -1000 -1000 -1000 -10
4813 90 pedestrian 0 0 -10 1152.0700019396902 94.17781019899041 1401.7669911116336 681.1103635547158 -10 -10 -10 -1000 -1000 -1000 -10
4814 97 pedestrian 0 0 -10 1114.8530347523379 120.19554353857009 1336.1825124076836 608.3845793773808 -10 -10 -10 -1000 -1000 -1000 -10
4815 97 pedestrian 0 0 -10 1105.2065379178648 96.63448951507655 1343.786755412033 621.2889114170747 -10 -10 -10 -1000 -1000 -1000 -10
4816 97 pedestrian 0 0 -10 1097.5532385923475 84.76454124427858 1341.1023928342088 619.7090057490816 -10 -10 -10 -1000 -1000 -1000 -10
4817 97 pedestrian 0 0 -10 1098.384344587708 77.87743222273104 1346.3478633627396 622.1827570818838 -10 -10 -10 -1000 -1000 -1000 -10
4818 97 pedestrian 0 0 -10 1114.1477995554824 87.40306695424846 1361.8249439812148 630.387861831364 -10 -10 -10 -1000 -1000 -1000 -10
4819 97 pedestrian 0 0 -10 1120.273770200094 91.42732604654174 1367.8061015333917 633.4158828666359 -10 -10 -10 -1000 -1000 -1000 -10
4820 97 pedestrian 0 0 -10 1122.487262690438 92.9660686197318 1370.2095741271357 634.7309483254243 -10 -10 -10 -1000 -1000 -1000 -10
4821 97 pedestrian 0 0 -10 1123.2231129525906 93.5611573173527 1371.2353576014514 635.3627473954992 -10 -10 -10 -1000 -1000 -1000 -10
4822 97 pedestrian 0 0 -10 1123.453302310612 93.8542883677319 1371.6827903895496 635.6716070125658 -10 -10 -10 -1000 -1000 -1000 -10
4823 97 pedestrian 0 0 -10 1123.691132044582 94.47618119518688 1371.7167737883397 635.4117908092574 -10 -10 -10 -1000 -1000 -1000 -10
4823 99 pedestrian 0 0 -10 1106.349580550135 108.48725128173828 1332.21287062174 623.0893020629883 -10 -10 -10 -1000 -1000 -1000 -10
4824 97 pedestrian 0 0 -10 1123.6289311741275 94.70409410794679 1371.843969321086 635.4932291699236 -10 -10 -10 -1000 -1000 -1000 -10
4825 97 pedestrian 0 0 -10 1143.67791968629 106.59415351233355 1379.9942795165352 624.2921978510581 -10 -10 -10 -1000 -1000 -1000 -10
4825 99 pedestrian 0 0 -10 1097.9452159503562 111.73003068973938 1315.1968962700037 607.9124153822086 -10 -10 -10 -1000 -1000 -1000 -10
4826 97 pedestrian 0 0 -10 1151.6034070193548 111.13277639557336 1382.7742186900973 620.122944459092 -10 -10 -10 -1000 -1000 -1000 -10
4826 99 pedestrian 0 0 -10 1096.846278805674 112.25747283542475 1312.1238849176577 605.4316904295939 -10 -10 -10 -1000 -1000 -1000 -10
4827 97 pedestrian 0 0 -10 1154.5671406064018 112.23658508640975 1383.6591169791934 619.2903740425954 -10 -10 -10 -1000 -1000 -1000 -10
4827 99 pedestrian 0 0 -10 1096.9702342347246 112.73550843817725 1310.859387789749 604.4899906679208 -10 -10 -10 -1000 -1000 -1000 -10
4828 97 pedestrian 0 0 -10 1155.6399176881466 112.20091516675771 1383.7991256002165 619.4691325766638 -10 -10 -10 -1000 -1000 -1000 -10
4828 99 pedestrian 0 0 -10 1097.2561608852714 112.43972899650657 1310.5751804026252 604.8163974808865 -10 -10 -10 -1000 -1000 -1000 -10
4829 97 pedestrian 0 0 -10 1156.2438454865012 112.2109871903771 1383.5013009490322 619.5781086181968 -10 -10 -10 -1000 -1000 -1000 -10
4829 99 pedestrian 0 0 -10 1097.7561998424587 112.33689135014595 1310.3315979869176 605.0642402415879 -10 -10 -10 -1000 -1000 -1000 -10
4830 97 pedestrian 0 0 -10 1157.4672459211986 114.00613637359785 1382.3097211303884 617.9560963106042 -10 -10 -10 -1000 -1000 -1000 -10
4830 99 pedestrian 0 0 -10 1098.0963231989358 111.48780213248696 1310.5041357769078 605.9911981831714 -10 -10 -10 -1000 -1000 -1000 -10
4831 97 pedestrian 0 0 -10 1158.0574067874384 114.60272757031106 1381.6082216321256 617.4795660534803 -10 -10 -10 -1000 -1000 -1000 -10
4831 99 pedestrian 0 0 -10 1098.5711951745473 111.17214166410645 1310.3609146378308 606.4074050405472 -10 -10 -10 -1000 -1000 -1000 -10
4832 97 pedestrian 0 0 -10 1158.4173535192374 114.7872613396932 1381.0997372330603 617.3759454126716 -10 -10 -10 -1000 -1000 -1000 -10
4832 99 pedestrian 0 0 -10 1099.0799749746925 111.04920947797876 1310.0972857505 606.6259272251275 -10 -10 -10 -1000 -1000 -1000 -10
4833 97 pedestrian 0 0 -10 1163.0087650872592 117.21966402264641 1385.7250430012177 623.3444085530471 -10 -10 -10 -1000 -1000 -1000 -10
4833 99 pedestrian 0 0 -10 1099.426911197121 110.71962977773512 1309.8377735119223 607.0595531321613 -10 -10 -10 -1000 -1000 -1000 -10
4834 97 pedestrian 0 0 -10 1165.074160693071 118.08823926067117 1387.019338419134 625.6293291304726 -10 -10 -10 -1000 -1000 -1000 -10
4834 99 pedestrian 0 0 -10 1099.861334407224 110.59279813203577 1309.5186412087364 607.2645305109156 -10 -10 -10 -1000 -1000 -1000 -10
4835 97 pedestrian 0 0 -10 1162.250362384416 116.6730971510546 1381.7235467464122 619.8124696487232 -10 -10 -10 -1000 -1000 -1000 -10
4835 99 pedestrian 0 0 -10 1100.1048462534375 109.86190784721336 1309.4519894004766 608.0092271144397 -10 -10 -10 -1000 -1000 -1000 -10
4836 97 pedestrian 0 0 -10 1161.2683008097886 116.12575727399573 1379.519102421341 617.5973226786949 -10 -10 -10 -1000 -1000 -1000 -10
4836 99 pedestrian 0 0 -10 1100.487972312324 109.586209907762 1309.2014700839552 608.3104212702117 -10 -10 -10 -1000 -1000 -1000 -10
4837 97 pedestrian 0 0 -10 1160.9840371762969 115.88771970433552 1378.547819177171 616.8099073425366 -10 -10 -10 -1000 -1000 -1000 -10
4837 99 pedestrian 0 0 -10 1100.8990065656042 109.4852448456721 1308.89213540871 608.4457439356623 -10 -10 -10 -1000 -1000 -1000 -10
4838 97 pedestrian 0 0 -10 1160.957819769243 115.77071444787342 1378.0579503441925 616.5593756319134 -10 -10 -10 -1000 -1000 -1000 -10
4838 99 pedestrian 0 0 -10 1101.2995858234565 109.45073311619808 1308.5743365514531 608.5146097175639 -10 -10 -10 -1000 -1000 -1000 -10
4839 99 pedestrian 0 0 -10 1101.7023312216352 113.75965872320307 1308.3555693491921 613.0145883470673 -10 -10 -10 -1000 -1000 -1000 -10
4840 99 pedestrian 0 0 -10 1102.06005847082 115.39533392804418 1308.0886299956178 614.7224233941204 -10 -10 -10 -1000 -1000 -1000 -10
4841 99 pedestrian 0 0 -10 1102.3848564365571 115.99434875160844 1307.8268217336754 615.3565217157437 -10 -10 -10 -1000 -1000 -1000 -10
4842 99 pedestrian 0 0 -10 1102.6804233225525 116.19860745451791 1307.5800634474074 615.580698759587 -10 -10 -10 -1000 -1000 -1000 -10
4843 99 pedestrian 0 0 -10 1102.9494190706073 116.25431961120998 1307.3514050728659 615.6497101068462 -10 -10 -10 -1000 -1000 -1000 -10
4844 99 pedestrian 0 0 -10 1103.1940690151919 116.25570057524175 1307.1412122586103 615.6611595396889 -10 -10 -10 -1000 -1000 -1000 -10
4845 99 pedestrian 0 0 -10 1103.4163816826856 116.23861342459602 1306.9488069662068 615.6523001408516 -10 -10 -10 -1000 -1000 -1000 -10
4846 99 pedestrian 0 0 -10 1103.6182226726141 116.21654295952683 1306.7731214277812 615.6372259770884 -10 -10 -10 -1000 -1000 -1000 -10
4847 99 pedestrian 0 0 -10 1103.8013366584958 116.19441257133764 1306.6129649268796 615.6211593436308 -10 -10 -10 -1000 -1000 -1000 -10
4848 99 pedestrian 0 0 -10 1103.9673525891722 116.17388851905014 1306.4671360946327 615.6059375486383 -10 -10 -10 -1000 -1000 -1000 -10
4849 99 pedestrian 0 0 -10 1104.1177849480225 116.15541386455845 1306.3344718138692 615.5921183183633 -10 -10 -10 -1000 -1000 -1000 -10
4850 99 pedestrian 0 0 -10 1104.254035344765 116.13898627656064 1306.2138689128 615.5797861262906 -10 -10 -10 -1000 -1000 -1000 -10
4851 99 pedestrian 0 0 -10 1104.3773955124275 116.12445365020176 1306.1042934018144 615.5688596392703 -10 -10 -10 -1000 -1000 -1000 -10
4852 99 pedestrian 0 0 -10 1104.489051674591 116.11162489944718 1306.0047835442474 615.5592077726917 -10 -10 -10 -1000 -1000 -1000 -10
4853 99 pedestrian 0 0 -10 1104.5900899336757 116.10031012853875 1305.9144496332437 615.550692488609 -10 -10 -10 -1000 -1000 -1000 -10
4854 99 pedestrian 0 0 -10 1104.681502300733 116.09033400813138 1305.8324719093764 615.5431836948908 -10 -10 -10 -1000 -1000 -1000 -10
4855 99 pedestrian 0 0 -10 1104.764193045874 116.08153914244454 1305.7580974091088 615.5365636376583 -10 -10 -10 -1000 -1000 -1000 -10
4856 99 pedestrian 0 0 -10 1104.8389851243774 116.07378583180724 1305.690636218095 615.5307274371169 -10 -10 -10 -1000 -1000 -1000 -10
4857 99 pedestrian 0 0 -10 1104.906626502508 116.0669506536905 1305.6294574312042 615.5255822942855 -10 -10 -10 -1000 -1000 -1000 -10
4858 99 pedestrian 0 0 -10 1104.9677962629546 116.06092476242367 1305.5739850178675 615.5210463168312 -10 -10 -10 -1000 -1000 -1000 -10
4859 99 pedestrian 0 0 -10 1105.0231104125708 116.05561222822547 1305.5236937244395 615.5170473094418 -10 -10 -10 -1000 -1000 -1000 -10
4860 99 pedestrian 0 0 -10 1105.0731273468678 116.05092851792944 1305.4781050998763 615.5135216458345 -10 -10 -10 -1000 -1000 -1000 -10
4861 99 pedestrian 0 0 -10 1105.118352948659 116.04679913942888 1305.4367836994008 615.5104132543796 -10 -10 -10 -1000 -1000 -1000 -10
4862 99 pedestrian 0 0 -10 1105.159245314518 116.04315844376896 1305.3993334985798 615.5076727186879 -10 -10 -10 -1000 -1000 -1000 -10
4863 99 pedestrian 0 0 -10 1105.196219113919 116.03994857024625 1305.3653945346202 615.5052564844248 -10 -10 -10 -1000 -1000 -1000 -10
4864 99 pedestrian 0 0 -10 1105.229649593404 116.03711851838759 1305.3346397807904 615.5031261610845 -10 -10 -10 -1000 -1000 -1000 -10
4865 99 pedestrian 0 0 -10 1105.2598762428818 116.03462333159072 1305.3067722524202 615.5012479076071 -10 -10 -10 -1000 -1000 -1000 -10
4866 99 pedestrian 0 0 -10 1105.2872061439323 116.0324233787895 1305.2815223379296 615.499591891701 -10 -10 -10 -1000 -1000 -1000 -10
4867 99 pedestrian 0 0 -10 1105.3119170213934 116.03048372214715 1305.2586453451393 615.4981318138946 -10 -10 -10 -1000 -1000 -1000 -10
4868 99 pedestrian 0 0 -10 1105.3342600198912 116.0287735602862 1305.2379192511714 615.4968444884335 -10 -10 -10 -1000 -1000 -1000 -10
4869 99 pedestrian 0 0 -10 1105.3544622267207 116.0272657378901 1305.2191426432364 615.4957094741364 -10 -10 -10 -1000 -1000 -1000 -10
4870 99 pedestrian 0 0 -10 1105.3727289617625 116.02593631366344 1305.2021328372016 615.4947087491781 -10 -10 -10 -1000 -1000 -1000 -10
4871 99 pedestrian 0 0 -10 1105.3892458541256 116.0247641796353 1305.1867241608843 615.4938264245199 -10 -10 -10 -1000 -1000 -1000 -10
4872 99 pedestrian 0 0 -10 1105.40418072405 116.02373072565572 1305.1727663893596 615.4930484913591 -10 -10 -10 -1000 -1000 -1000 -10
4873 99 pedestrian 0 0 -10 1105.4176852873552 116.02281954368794 1305.1601233200927 615.4923625985352 -10 -10 -10 -1000 -1000 -1000 -10
4874 99 pedestrian 0 0 -10 1105.4298966984607 116.02201616715251 1305.148671476362 615.4917578563214 -10 -10 -10 -1000 -1000 -1000 -10
4875 99 pedestrian 0 0 -10 1105.4409389467503 116.02130784115428 1305.1382989281394 615.4912246634617 -10 -10 -10 -1000 -1000 -1000 -10
4876 99 pedestrian 0 0 -10 1105.4509241198439 116.02068331992237 1305.1289042203284 615.490754554695 -10 -10 -10 -1000 -1000 -1000 -10
4877 99 pedestrian 0 0 -10 1105.459953546197 116.02013268823418 1305.1203953990062 615.4903400663305 -10 -10 -10 -1000 -1000 -1000 -10
4878 99 pedestrian 0 0 -10 1105.4681188283598 116.01964720397851 1305.1126891270153 615.4899746177388 -10 -10 -10 -1000 -1000 -1000 -10
4879 99 pedestrian 0 0 -10 1105.4755027772221 116.01921915935245 1305.105709880953 615.4896524068657 -10 -10 -10 -1000 -1000 -1000 -10
4880 99 pedestrian 0 0 -10 1105.4821802566373 116.01884175848517 1305.0993892222486 615.4893683181153 -10 -10 -10 -1000 -1000 -1000 -10
4881 99 pedestrian 0 0 -10 1105.4882189469563 116.0185090095427 1305.0936651356424 615.4891178411308 -10 -10 -10 -1000 -1000 -1000 -10
4882 99 pedestrian 0 0 -10 1105.4936800352104 116.01821562959958 1305.088481428944 615.4888969991862 -10 -10 -10 -1000 -1000 -1000 -10
4883 99 pedestrian 0 0 -10 1105.4986188389603 116.01795696076621 1305.0837871884821 615.4887022860522 -10 -10 -10 -1000 -1000 -1000 -10
4884 99 pedestrian 0 0 -10 1105.5030853701674 116.01772889623993 1305.079536285148 615.4885306103306 -10 -10 -10 -1000 -1000 -1000 -10
4885 99 pedestrian 0 0 -10 1105.5071248448444 116.01752781510473 1305.0756869263923 615.4883792463742 -10 -10 -10 -1000 -1000 -1000 -10
4886 99 pedestrian 0 0 -10 1105.5107781436895 116.01735052484557 1305.0722012499396 615.4882457910153 -10 -10 -10 -1000 -1000 -1000 -10
4887 99 pedestrian 0 0 -10 1105.5140822284213 116.0171942106636 1305.0690449553754 615.4881281254122 -10 -10 -10 -1000 -1000 -1000 -10
4888 99 pedestrian 0 0 -10 1105.5170705180703 116.01705639078799 1305.0661869701062 615.4880243814106 -10 -10 -10 -1000 -1000 -1000 -10
4889 99 pedestrian 0 0 -10 1105.5197732290844 116.01693487707462 1305.0635991465058 615.4879329118831 -10 -10 -10 -1000 -1000 -1000 -10
4890 99 pedestrian 0 0 -10 1105.522217682728 116.01682774026682 1305.0612559873614 615.4878522645809 -10 -10 -10 -1000 -1000 -1000 -10
4891 99 pedestrian 0 0 -10 1105.5244285829274 116.0167332793655 1305.0591343969884 615.4877811590754 -10 -10 -10 -1000 -1000 -1000 -10
4892 99 pedestrian 0 0 -10 1105.5264282674034 116.01664999462352 1305.05721345563 615.4877184664313 -10 -10 -10 -1000 -1000 -1000 -10
4893 99 pedestrian 0 0 -10 1105.5282369346667 116.01657656373513 1305.0554742149743 615.4876631912819 -10 -10 -10 -1000 -1000 -1000 -10
4894 99 pedestrian 0 0 -10 1105.5298728491985 116.0165118208422 1305.0538995128215 615.4876144560268 -10 -10 -10 -1000 -1000 -1000 -10
4895 99 pedestrian 0 0 -10 1105.5313525269169 116.01645473802446 1305.0524738051206 615.4875714868983 -10 -10 -10 -1000 -1000 -1000 -10
4896 99 pedestrian 0 0 -10 1105.532690902826 116.0164044089795 1305.0511830137484 615.4875336016767 -10 -10 -10 -1000 -1000 -1000 -10
4897 99 pedestrian 0 0 -10 1105.5339014825634 116.0163600346338 1305.050014388567 615.4875001988589 -10 -10 -10 -1000 -1000 -1000 -10
4898 99 pedestrian 0 0 -10 1105.5349964793934 116.01632091045602 1305.0489563824221 615.4874707481084 -10 -10 -10 -1000 -1000 -1000 -10
