0 1 pedestrian 0 0 -10 336.6429138183594 560.2987060546875 524.7196044921875 1081.461181640625 -10 -10 -10 -1000 -1000 -1000 -10
1 1 pedestrian 0 0 -10 336.6354340887194 560.2690459952867 524.7208609057925 1081.4638298602144 -10 -10 -10 -1000 -1000 -1000 -10
2 1 pedestrian 0 0 -10 336.63600422341835 560.2639658810423 524.7192248542653 1081.4642834418432 -10 -10 -10 -1000 -1000 -1000 -10
3 1 pedestrian 0 0 -10 336.6383359447407 560.2629156458993 524.7166727711051 1081.4643772128384 -10 -10 -10 -1000 -1000 -1000 -10
4 1 pedestrian 0 0 -10 336.64143013866163 560.2629401591972 524.7135837205993 1081.4643750241507 -10 -10 -10 -1000 -1000 -1000 -10
5 1 pedestrian 0 0 -10 336.6446080853199 560.2638241355105 524.7097763940894 1081.4613831350198 -10 -10 -10 -1000 -1000 -1000 -10
6 1 pedestrian 0 0 -10 336.64769328512284 560.2574408388543 524.7047946970096 1081.4611879616423 -10 -10 -10 -1000 -1000 -1000 -10
7 1 pedestrian 0 0 -10 336.66684717088486 560.2933981052488 524.6814190783388 1081.4260435161705 -10 -10 -10 -1000 -1000 -1000 -10
8 1 pedestrian 0 0 -10 336.694215526181 560.4334932619953 524.6437176286222 1081.2402793982337 -10 -10 -10 -1000 -1000 -1000 -10
9 1 pedestrian 0 0 -10 336.7470790713986 560.5750467312189 524.6092093050314 1081.1014905330608 -10 -10 -10 -1000 -1000 -1000 -10
10 1 pedestrian 0 0 -10 336.7314926107832 560.5822755443994 524.6279071889952 1081.1006855304304 -10 -10 -10 -1000 -1000 -1000 -10
11 1 pedestrian 0 0 -10 336.63940522986616 560.2850753433233 524.7447305418324 1081.3814859776542 -10 -10 -10 -1000 -1000 -1000 -10
12 1 pedestrian 0 0 -10 336.8249782660853 560.7422139066853 524.5869361040745 1081.0204720073218 -10 -10 -10 -1000 -1000 -1000 -10
13 1 pedestrian 0 0 -10 336.90715751943924 560.9102704992957 524.5167008249132 1080.9027600457298 -10 -10 -10 -1000 -1000 -1000 -10
14 1 pedestrian 0 0 -10 336.951949213411 560.9736727579182 524.4760293543907 1080.8572190465222 -10 -10 -10 -1000 -1000 -1000 -10
15 1 pedestrian 0 0 -10 336.96321499025106 561.0325283675395 524.450455792796 1080.7898232424689 -10 -10 -10 -1000 -1000 -1000 -10
16 1 pedestrian 0 0 -10 336.9937563277871 561.1276362879848 524.426811919078 1080.6438371678246 -10 -10 -10 -1000 -1000 -1000 -10
17 1 pedestrian 0 0 -10 336.9953469417079 561.1607729263822 524.4277390738523 1080.5910731441504 -10 -10 -10 -1000 -1000 -1000 -10
18 1 pedestrian 0 0 -10 337.039331297576 561.137750236051 524.3888046546203 1080.6163712165899 -10 -10 -10 -1000 -1000 -1000 -10
19 1 pedestrian 0 0 -10 337.0465464756706 561.1894250422539 524.3617582015067 1080.6177162744398 -10 -10 -10 -1000 -1000 -1000 -10
20 1 pedestrian 0 0 -10 337.11288143029 561.7829800887284 524.0580724054182 1079.8293494385607 -10 -10 -10 -1000 -1000 -1000 -10
21 1 pedestrian 0 0 -10 337.47820020250333 557.7401428332437 523.5706948952027 1074.734066026857 -10 -10 -10 -1000 -1000 -1000 -10
117 3 pedestrian 0 0 -10 1048.2753645441308 305.09175415039067 1188.464235065244 651.1094726562501 -10 -10 -10 -1000 -1000 -1000 -10
118 4 pedestrian 0 0 -10 1106.6161457557814 232.97023620605472 1278.164347408281 751.9994842529297 -10 -10 -10 -1000 -1000 -1000 -10
119 4 pedestrian 0 0 -10 1117.515542972623 236.00994133535625 1264.8316432206393 677.2748173247485 -10 -10 -10 -1000 -1000 -1000 -10
120 4 pedestrian 0 0 -10 1117.561086243621 238.49519883163185 1264.4452586894454 672.60995845155 -10 -10 -10 -1000 -1000 -1000 -10
120 3 pedestrian 0 0 -10 1075.629524860181 325.6595232494933 1205.8883799899493 647.0997308213693 -10 -10 -10 -1000 -1000 -1000 -10
121 4 pedestrian 0 0 -10 1116.385994090305 234.56765105483998 1264.8927162958016 666.4159999679958 -10 -10 -10 -1000 -1000 -1000 -10
122 4 pedestrian 0 0 -10 1100.4291429752097 236.52860550862684 1248.940764789762 661.8963035109535 -10 -10 -10 -1000 -1000 -1000 -10
123 3 pedestrian 0 0 -10 1071.5955325472628 263.0194170857053 1226.8678541061759 646.0549595325904 -10 -10 -10 -1000 -1000 -1000 -10
125 3 pedestrian 0 0 -10 1080.142006547135 237.05046596388797 1254.0996805255224 662.3233810142982 -10 -10 -10 -1000 -1000 -1000 -10
126 3 pedestrian 0 0 -10 1085.8971111671854 232.3791325175309 1265.4020563360555 666.217515684052 -10 -10 -10 -1000 -1000 -1000 -10
128 3 pedestrian 0 0 -10 1087.8430647697262 234.9295952748048 1270.9968685868662 674.2022068273768 -10 -10 -10 -1000 -1000 -1000 -10
129 3 pedestrian 0 0 -10 1090.256660796473 233.35860617173805 1277.7162171566301 679.3281620220915 -10 -10 -10 -1000 -1000 -1000 -10
130 3 pedestrian 0 0 -10 1090.6035127209075 232.23667908308562 1281.2490163818613 681.3616536605161 -10 -10 -10 -1000 -1000 -1000 -10
131 3 pedestrian 0 0 -10 1091.478524377093 231.85303607309686 1281.076826318492 673.7312764412324 -10 -10 -10 -1000 -1000 -1000 -10
132 3 pedestrian 0 0 -10 1086.7040103417323 231.227084170738 1276.6706718694377 671.2910078921725 -10 -10 -10 -1000 -1000 -1000 -10
133 3 pedestrian 0 0 -10 1087.7514542927565 229.65213781765138 1280.8647664995087 672.0627291013311 -10 -10 -10 -1000 -1000 -1000 -10
134 3 pedestrian 0 0 -10 1086.399207749209 230.67476239729493 1284.0115079325687 679.1249013537611 -10 -10 -10 -1000 -1000 -1000 -10
135 3 pedestrian 0 0 -10 1083.1892894101848 231.45689868449625 1278.6035230680409 672.9523152074264 -10 -10 -10 -1000 -1000 -1000 -10
136 3 pedestrian 0 0 -10 1083.7522228487728 231.29197670131302 1283.5717849243347 680.2806854751448 -10 -10 -10 -1000 -1000 -1000 -10
137 3 pedestrian 0 0 -10 1084.0778377646827 232.28033971903633 1285.5614038235442 682.1449657122054 -10 -10 -10 -1000 -1000 -1000 -10
138 3 pedestrian 0 0 -10 1085.0941857059656 231.71334441281613 1285.2996899687384 675.0906522590212 -10 -10 -10 -1000 -1000 -1000 -10
139 3 pedestrian 0 0 -10 1088.1592707319246 232.4877791485103 1291.1548459615137 679.9482253922537 -10 -10 -10 -1000 -1000 -1000 -10
140 3 pedestrian 0 0 -10 1089.5268651120496 233.6225618077553 1292.9482513954938 680.7057909874973 -10 -10 -10 -1000 -1000 -1000 -10
141 3 pedestrian 0 0 -10 1090.793061979544 232.74335336790344 1292.4431903637887 673.8030916976179 -10 -10 -10 -1000 -1000 -1000 -10
142 3 pedestrian 0 0 -10 1090.4898596440428 234.39935801010026 1293.9358002121292 677.8487625927667 -10 -10 -10 -1000 -1000 -1000 -10
143 3 pedestrian 0 0 -10 1087.034668162382 238.11982560844461 1287.8641923596508 676.9915122076345 -10 -10 -10 -1000 -1000 -1000 -10
144 3 pedestrian 0 0 -10 1084.8832872757994 241.77817369745202 1286.1827338164674 683.4908673079699 -10 -10 -10 -1000 -1000 -1000 -10
145 3 pedestrian 0 0 -10 1083.3955659007747 241.2752473286418 1286.1667223715067 687.6927989150081 -10 -10 -10 -1000 -1000 -1000 -10
146 3 pedestrian 0 0 -10 1088.1999850005666 238.82892826378662 1289.74633563516 682.5076832037132 -10 -10 -10 -1000 -1000 -1000 -10
147 3 pedestrian 0 0 -10 1086.6817144248985 244.3492007424185 1285.6474623694708 683.2080915162551 -10 -10 -10 -1000 -1000 -1000 -10
148 3 pedestrian 0 0 -10 1090.11167168817 242.22635259513058 1288.9404707236304 678.8299866220733 -10 -10 -10 -1000 -1000 -1000 -10
149 3 pedestrian 0 0 -10 1090.087681409903 235.53168023916325 1291.4875194260364 673.7577370458889 -10 -10 -10 -1000 -1000 -1000 -10
150 3 pedestrian 0 0 -10 1089.5407883207438 237.0112420685251 1293.1260895380046 676.8913610255188 -10 -10 -10 -1000 -1000 -1000 -10
151 3 pedestrian 0 0 -10 1089.0772183341594 237.38942013114234 1293.6586417003502 678.373369186497 -10 -10 -10 -1000 -1000 -1000 -10
152 3 pedestrian 0 0 -10 1089.3881473822964 239.18046058406753 1293.2727491882215 677.1885361800938 -10 -10 -10 -1000 -1000 -1000 -10
153 3 pedestrian 0 0 -10 1083.973739849756 238.2277659319802 1289.717913909455 678.4111182780512 -10 -10 -10 -1000 -1000 -1000 -10
154 3 pedestrian 0 0 -10 1085.8741335163595 237.33429514061302 1293.1386858726023 679.3320502029676 -10 -10 -10 -1000 -1000 -1000 -10
155 3 pedestrian 0 0 -10 1086.7087769369532 237.3145152290109 1294.2600002050578 679.5919073238737 -10 -10 -10 -1000 -1000 -1000 -10
156 3 pedestrian 0 0 -10 1085.9925990048723 239.09434500392373 1295.7857163933577 686.6433845561476 -10 -10 -10 -1000 -1000 -1000 -10
157 3 pedestrian 0 0 -10 1087.2689726322494 239.2925704321671 1294.8327269259348 681.2001560448307 -10 -10 -10 -1000 -1000 -1000 -10
158 3 pedestrian 0 0 -10 1087.114052977374 238.7351466809364 1294.9561449329665 679.3216684959681 -10 -10 -10 -1000 -1000 -1000 -10
159 3 pedestrian 0 0 -10 1086.425079949778 237.70305045783294 1295.8002059441556 679.9077970676776 -10 -10 -10 -1000 -1000 -1000 -10
160 3 pedestrian 0 0 -10 1086.0181754618573 237.67525584289208 1296.1379560556427 679.7551443666302 -10 -10 -10 -1000 -1000 -1000 -10
161 3 pedestrian 0 0 -10 1084.9302883227183 240.0780017647195 1297.2480383475947 686.1393812187277 -10 -10 -10 -1000 -1000 -1000 -10
162 3 pedestrian 0 0 -10 1085.4140934647698 238.63694174533754 1296.7624614886936 681.7657285856835 -10 -10 -10 -1000 -1000 -1000 -10
163 3 pedestrian 0 0 -10 1085.9223460582125 239.2560038692508 1296.1838748690895 679.3031489770536 -10 -10 -10 -1000 -1000 -1000 -10
164 3 pedestrian 0 0 -10 1084.7869746776678 236.93869064738792 1297.2397972480126 680.7794627268067 -10 -10 -10 -1000 -1000 -1000 -10
165 3 pedestrian 0 0 -10 1083.5546313516938 234.26013605485397 1298.3659957734712 682.3768358693263 -10 -10 -10 -1000 -1000 -1000 -10
166 3 pedestrian 0 0 -10 1082.8840295323723 233.0975868846683 1299.017783795188 683.3928779472394 -10 -10 -10 -1000 -1000 -1000 -10
167 3 pedestrian 0 0 -10 1077.966029678074 232.21546040398536 1295.109676948556 684.230283046516 -10 -10 -10 -1000 -1000 -1000 -10
168 3 pedestrian 0 0 -10 1080.9758376708096 232.90807373833647 1297.5428587253193 683.7751611021566 -10 -10 -10 -1000 -1000 -1000 -10
168 5 pedestrian 0 0 -10 1092.7495725453384 224.16164245605472 1345.7829469859114 954.2393035888672 -10 -10 -10 -1000 -1000 -1000 -10
169 3 pedestrian 0 0 -10 1077.906356638262 233.95068533880226 1293.8069253389199 682.6906604242399 -10 -10 -10 -1000 -1000 -1000 -10
170 3 pedestrian 0 0 -10 1080.1667785736502 232.2959354871379 1297.8485943869991 684.2960283405062 -10 -10 -10 -1000 -1000 -1000 -10
171 3 pedestrian 0 0 -10 1076.765883054324 232.26881509969735 1294.796084304427 684.5926808522897 -10 -10 -10 -1000 -1000 -1000 -10
172 3 pedestrian 0 0 -10 1074.6165017144685 230.58768788784502 1294.533800995831 685.86925327834 -10 -10 -10 -1000 -1000 -1000 -10
173 3 pedestrian 0 0 -10 1074.8371834524378 229.1579503014303 1293.1312410479056 678.716780083891 -10 -10 -10 -1000 -1000 -1000 -10
175 3 pedestrian 0 0 -10 1040.3111613479439 228.61827627036743 1249.594636471302 652.8531911459432 -10 -10 -10 -1000 -1000 -1000 -10
176 3 pedestrian 0 0 -10 1026.5943973370556 226.10296616921468 1236.1075148767693 649.3279541009757 -10 -10 -10 -1000 -1000 -1000 -10
177 3 pedestrian 0 0 -10 1006.749290424654 217.71862888310199 1217.7616145265695 646.1651959933956 -10 -10 -10 -1000 -1000 -1000 -10
178 3 pedestrian 0 0 -10 979.9270930496035 197.3684123974034 1203.1116582995426 651.6652843424104 -10 -10 -10 -1000 -1000 -1000 -10
179 3 pedestrian 0 0 -10 966.3240127822768 180.50619671281117 1192.1547573433345 645.435909624657 -10 -10 -10 -1000 -1000 -1000 -10
180 3 pedestrian 0 0 -10 961.707595708559 174.00026925466057 1187.8294515990547 643.5185531046031 -10 -10 -10 -1000 -1000 -1000 -10
181 3 pedestrian 0 0 -10 947.415589701723 170.39835940983411 1190.0942840022867 681.3268348537044 -10 -10 -10 -1000 -1000 -1000 -10
182 3 pedestrian 0 0 -10 937.0527479201576 175.38964621985684 1187.4846083124683 706.4104837525717 -10 -10 -10 -1000 -1000 -1000 -10
183 3 pedestrian 0 0 -10 929.1628440244147 183.73384256299295 1181.7746470246116 720.9315225976275 -10 -10 -10 -1000 -1000 -1000 -10
184 3 pedestrian 0 0 -10 926.4780314503608 189.46702440041412 1188.8147199006244 750.6455463215016 -10 -10 -10 -1000 -1000 -1000 -10
187 3 pedestrian 0 0 -10 910.0456850383757 234.2341945908404 1171.6949520254543 794.6124621854835 -10 -10 -10 -1000 -1000 -1000 -10
188 3 pedestrian 0 0 -10 907.445951094376 259.6119693725887 1171.2813261702017 831.2966484678482 -10 -10 -10 -1000 -1000 -1000 -10
189 3 pedestrian 0 0 -10 901.0379458172164 285.821287861716 1157.6828488725798 844.9953885485165 -10 -10 -10 -1000 -1000 -1000 -10
190 3 pedestrian 0 0 -10 896.495889745583 305.78425951885464 1145.7969426066738 848.0556370301993 -10 -10 -10 -1000 -1000 -1000 -10
191 3 pedestrian 0 0 -10 885.758198583422 345.5042775960146 1151.0215662348755 931.213379035268 -10 -10 -10 -1000 -1000 -1000 -10
192 3 pedestrian 0 0 -10 886.2436009964694 380.72863833033193 1175.858320578422 1031.954788430541 -10 -10 -10 -1000 -1000 -1000 -10
1547 10 pedestrian 0 0 -10 956.8378773057142 442.08129882812494 1305.5649303114733 1083.0395751953124 -10 -10 -10 -1000 -1000 -1000 -10
1548 10 pedestrian 0 0 -10 922.0725214301115 422.41135259220295 1280.3469823381874 1083.2808128856207 -10 -10 -10 -1000 -1000 -1000 -10
1549 10 pedestrian 0 0 -10 890.9136635748906 397.7570214106608 1257.8832757604857 1079.280687951382 -10 -10 -10 -1000 -1000 -1000 -10
1550 10 pedestrian 0 0 -10 885.2279771957811 358.95492921630324 1268.042999793667 1078.2103956040587 -10 -10 -10 -1000 -1000 -1000 -10
1551 10 pedestrian 0 0 -10 917.3616613363163 333.5752988947556 1298.3236829928414 1061.6242964940784 -10 -10 -10 -1000 -1000 -1000 -10
1552 10 pedestrian 0 0 -10 955.818206896724 346.35243388252223 1313.6364556571657 1043.7302097339686 -10 -10 -10 -1000 -1000 -1000 -10
1669 17 pedestrian 0 0 -10 1237.2502075746704 311.2567016601563 1545.3453978940797 1070.9105712890625 -10 -10 -10 -1000 -1000 -1000 -10
1848 19 pedestrian 0 0 -10 1695.9837180758539 993.6621704101564 1768.7432594632082 1075.4047363281252 -10 -10 -10 -1000 -1000 -1000 -10
1849 19 pedestrian 0 0 -10 1700.2988473440598 993.7384652384252 1772.2980195828054 1074.733455078436 -10 -10 -10 -1000 -1000 -1000 -10
1851 19 pedestrian 0 0 -10 1696.0872165444866 994.708000167099 1767.745004957204 1075.8878611210541 -10 -10 -10 -1000 -1000 -1000 -10
1853 19 pedestrian 0 0 -10 1695.2505480771902 993.6324802838171 1766.3547893090822 1074.6995967733978 -10 -10 -10 -1000 -1000 -1000 -10
1855 19 pedestrian 0 0 -10 1695.77747023914 993.2814835264471 1766.500970027117 1073.6761020929825 -10 -10 -10 -1000 -1000 -1000 -10
2308 28 pedestrian 0 0 -10 599.1670855611245 361.8086059570312 845.2401654154378 1058.20068359375 -10 -10 -10 -1000 -1000 -1000 -10
2313 28 pedestrian 0 0 -10 609.4088033359769 375.40400385336727 820.5898074998902 969.647064452155 -10 -10 -10 -1000 -1000 -1000 -10
2317 28 pedestrian 0 0 -10 599.9108653031535 374.1722225615118 816.552528224139 978.8692981076479 -10 -10 -10 -1000 -1000 -1000 -10
2384 32 pedestrian 0 0 -10 1267.642246346071 264.80527343750003 1554.5752829508037 1049.6419677734375 -10 -10 -10 -1000 -1000 -1000 -10
2390 32 pedestrian 0 0 -10 977.0767992238896 200.03489434166812 1187.9321323947854 778.8288408856624 -10 -10 -10 -1000 -1000 -1000 -10
2414 34 pedestrian 0 0 -10 586.8465298284832 393.8553466796875 840.0405551324544 1077.2945068359375 -10 -10 -10 -1000 -1000 -1000 -10
2415 34 pedestrian 0 0 -10 582.5529112596057 393.4637043486107 836.0136746589295 1077.8264008563413 -10 -10 -10 -1000 -1000 -1000 -10
2417 34 pedestrian 0 0 -10 578.249741058533 380.3830867969927 836.8976701925408 1079.0872315640056 -10 -10 -10 -1000 -1000 -1000 -10
2420 34 pedestrian 0 0 -10 604.0575681085323 380.61229712283046 823.3061039226912 973.1236006979021 -10 -10 -10 -1000 -1000 -1000 -10
2480 35 pedestrian 0 0 -10 808.4423526798263 187.6880615234375 1163.8923030818924 1030.2056762695313 -10 -10 -10 -1000 -1000 -1000 -10
2481 35 pedestrian 0 0 -10 860.9328851630692 146.4001406986339 1185.3153205107646 917.160111573192 -10 -10 -10 -1000 -1000 -1000 -10
3425 50 pedestrian 0 0 -10 1288.6729256835424 384.58573608398433 1562.3275381836452 1085.6969909667969 -10 -10 -10 -1000 -1000 -1000 -10
3426 50 pedestrian 0 0 -10 1289.6172411088232 386.70092664355263 1561.4052323031829 1083.7123728306742 -10 -10 -10 -1000 -1000 -1000 -10
3427 50 pedestrian 0 0 -10 1289.878957391784 386.91399595075234 1561.185075443907 1083.2255233565515 -10 -10 -10 -1000 -1000 -1000 -10
3429 50 pedestrian 0 0 -10 1296.1140421766875 386.9042851999732 1567.0432380388208 1083.2494163878036 -10 -10 -10 -1000 -1000 -1000 -10
3483 51 pedestrian 0 0 -10 592.1650382154146 369.5441589355469 837.7987435228667 1087.5335388183594 -10 -10 -10 -1000 -1000 -1000 -10
3485 51 pedestrian 0 0 -10 592.313295058206 363.5659969175404 837.6278044573753 1080.537370498948 -10 -10 -10 -1000 -1000 -1000 -10
3487 51 pedestrian 0 0 -10 597.8657589605616 362.2986946930227 843.8548907397186 1079.7796547488863 -10 -10 -10 -1000 -1000 -1000 -10
3488 51 pedestrian 0 0 -10 599.039778444439 362.9949322810226 844.9830397590802 1078.6352079460519 -10 -10 -10 -1000 -1000 -1000 -10
3489 51 pedestrian 0 0 -10 596.9749500827153 352.5979576704119 847.4547611747172 1079.0968972378762 -10 -10 -10 -1000 -1000 -1000 -10
3706 54 pedestrian 0 0 -10 1286.8813451982944 365.2942687988281 1501.6364038251427 864.0122924804687 -10 -10 -10 -1000 -1000 -1000 -10
3707 54 pedestrian 0 0 -10 1290.7273760038684 363.9744467352484 1502.1936274287896 854.3989771696024 -10 -10 -10 -1000 -1000 -1000 -10
3708 54 pedestrian 0 0 -10 1293.216742832883 366.8039992639515 1501.173966004611 847.9081891825276 -10 -10 -10 -1000 -1000 -1000 -10
3709 54 pedestrian 0 0 -10 1284.6249724498593 358.8861368315014 1499.2722907496498 854.9226381171126 -10 -10 -10 -1000 -1000 -1000 -10
3715 54 pedestrian 0 0 -10 1283.663429008492 363.23789782620764 1496.0064980271047 851.4139896252475 -10 -10 -10 -1000 -1000 -1000 -10
3716 54 pedestrian 0 0 -10 1285.4303280646513 362.0554899674563 1504.2392925406311 862.8592702353915 -10 -10 -10 -1000 -1000 -1000 -10
3717 54 pedestrian 0 0 -10 1275.6955145727707 359.9524623659181 1498.4382243365872 868.0169821298373 -10 -10 -10 -1000 -1000 -1000 -10
3718 54 pedestrian 0 0 -10 1278.9687148931725 369.4437502853282 1498.5642182933857 869.0166985363787 -10 -10 -10 -1000 -1000 -1000 -10
3751 57 pedestrian 0 0 -10 1097.0064580618132 542.6210083007813 1228.9965448678743 868.3789062500001 -10 -10 -10 -1000 -1000 -1000 -10
3752 57 pedestrian 0 0 -10 1095.2713058361594 541.35641115319 1229.1298002065157 871.9072353456821 -10 -10 -10 -1000 -1000 -1000 -10
3753 57 pedestrian 0 0 -10 1094.5861702194138 540.4965948104881 1229.3944288744267 873.6708146623771 -10 -10 -10 -1000 -1000 -1000 -10
3754 57 pedestrian 0 0 -10 1092.24565848139 551.312881418283 1222.7026765962232 873.5689229439736 -10 -10 -10 -1000 -1000 -1000 -10
3755 57 pedestrian 0 0 -10 1095.2451526851794 546.8647484195162 1226.6592961443187 871.183998685312 -10 -10 -10 -1000 -1000 -1000 -10
4283 70 pedestrian 0 0 -10 1033.113462837234 313.37581176757817 1288.7571182174538 890.0702209472656 -10 -10 -10 -1000 -1000 -1000 -10
4284 70 pedestrian 0 0 -10 1027.8483981533186 310.15866998001104 1285.8518427037961 891.6808111107949 -10 -10 -10 -1000 -1000 -1000 -10
4285 70 pedestrian 0 0 -10 1030.7899745683558 307.36724439723383 1291.1010799585397 893.621202642953 -10 -10 -10 -1000 -1000 -1000 -10
4286 70 pedestrian 0 0 -10 1034.963774667834 301.85198164046074 1299.985674856365 898.6940969798261 -10 -10 -10 -1000 -1000 -1000 -10
4287 70 pedestrian 0 0 -10 1030.461051771261 298.5826028813249 1298.5759801406673 901.9797801189065 -10 -10 -10 -1000 -1000 -1000 -10
4292 70 pedestrian 0 0 -10 1036.8051991402788 300.7648854905491 1302.7161467742026 899.7111080101967 -10 -10 -10 -1000 -1000 -1000 -10
4293 70 pedestrian 0 0 -10 1016.3123989686512 299.37742567582154 1283.6553392987407 901.3524645023397 -10 -10 -10 -1000 -1000 -1000 -10
4294 70 pedestrian 0 0 -10 1007.6322719927033 294.12119931726926 1279.4891307882158 906.4308559271212 -10 -10 -10 -1000 -1000 -1000 -10
4295 70 pedestrian 0 0 -10 1016.7659622403033 288.0986354888857 1284.662252420797 893.6735091232081 -10 -10 -10 -1000 -1000 -1000 -10
4296 70 pedestrian 0 0 -10 1044.7572780493383 286.57026008826546 1309.5042293805498 887.9560219076748 -10 -10 -10 -1000 -1000 -1000 -10
4297 70 pedestrian 0 0 -10 1058.506638011953 286.01963727989056 1325.277964121039 895.2794807778018 -10 -10 -10 -1000 -1000 -1000 -10
4298 70 pedestrian 0 0 -10 1064.1727690622395 281.0792887943035 1330.2929443013454 893.6528655121285 -10 -10 -10 -1000 -1000 -1000 -10
4302 70 pedestrian 0 0 -10 1084.827486286997 269.3098518640238 1352.3305623583228 889.788049311303 -10 -10 -10 -1000 -1000 -1000 -10
4303 70 pedestrian 0 0 -10 1067.674328116976 269.0577179844649 1334.482964782218 888.573070515049 -10 -10 -10 -1000 -1000 -1000 -10
4304 70 pedestrian 0 0 -10 1041.5059455980352 297.00864385879584 1301.620739757776 897.9227385809378 -10 -10 -10 -1000 -1000 -1000 -10
4305 70 pedestrian 0 0 -10 1024.3013784344005 308.3181049211605 1277.2775989697143 890.8642458189338 -10 -10 -10 -1000 -1000 -1000 -10
4306 70 pedestrian 0 0 -10 1019.8660892381057 317.864979235762 1266.7643837828396 883.0246655752704 -10 -10 -10 -1000 -1000 -1000 -10
4307 70 pedestrian 0 0 -10 1014.8339606379535 323.0330471128226 1266.4717427212008 897.3043957420301 -10 -10 -10 -1000 -1000 -1000 -10
4308 70 pedestrian 0 0 -10 1015.0323646129565 325.76075487222164 1264.4229618989466 892.5184580066705 -10 -10 -10 -1000 -1000 -1000 -10
4309 70 pedestrian 0 0 -10 1013.7590329673482 328.39353230428173 1265.2997394212207 898.0156023088871 -10 -10 -10 -1000 -1000 -1000 -10
4310 70 pedestrian 0 0 -10 1010.8908290414017 330.0584408039149 1259.135995557432 890.1551588389609 -10 -10 -10 -1000 -1000 -1000 -10
4311 70 pedestrian 0 0 -10 1014.6276480936966 330.6582235238814 1261.4083590660534 887.1406117519375 -10 -10 -10 -1000 -1000 -1000 -10
4312 70 pedestrian 0 0 -10 1009.5420012277182 331.59015325983665 1259.7255499043458 894.5740917702151 -10 -10 -10 -1000 -1000 -1000 -10
4313 70 pedestrian 0 0 -10 1012.7617118203862 328.8660317608575 1263.3048523753846 890.9855817490565 -10 -10 -10 -1000 -1000 -1000 -10
4314 70 pedestrian 0 0 -10 1013.7506685861422 332.0092709054138 1265.2569261887088 894.6077361025511 -10 -10 -10 -1000 -1000 -1000 -10
4315 70 pedestrian 0 0 -10 1014.1678066126806 333.56420424880645 1265.859697449886 895.7216615874036 -10 -10 -10 -1000 -1000 -1000 -10
4316 70 pedestrian 0 0 -10 1008.4579956077822 331.3840529385511 1263.0067698778698 898.8604826571095 -10 -10 -10 -1000 -1000 -1000 -10
4317 70 pedestrian 0 0 -10 1011.1748423596557 335.2541009444814 1266.2847231464564 904.5128703543899 -10 -10 -10 -1000 -1000 -1000 -10
4318 70 pedestrian 0 0 -10 1007.1691998711118 331.6218526274473 1263.2712995908423 902.2418736177591 -10 -10 -10 -1000 -1000 -1000 -10
4319 70 pedestrian 0 0 -10 1002.1800536509866 327.8538137493438 1256.569549169956 894.2254127649924 -10 -10 -10 -1000 -1000 -1000 -10
4320 70 pedestrian 0 0 -10 1003.5538521010706 321.80926584017783 1269.712651387981 914.4892671719304 -10 -10 -10 -1000 -1000 -1000 -10
4321 70 pedestrian 0 0 -10 1012.6842062833734 308.2093304670292 1284.4069552208402 914.7797338380684 -10 -10 -10 -1000 -1000 -1000 -10
4322 70 pedestrian 0 0 -10 1013.5739602158643 293.0681426779343 1292.6448267055127 915.5396880472551 -10 -10 -10 -1000 -1000 -1000 -10
4323 70 pedestrian 0 0 -10 1022.9161509663755 296.0117396744498 1296.1429459542323 906.9411623399131 -10 -10 -10 -1000 -1000 -1000 -10
4324 70 pedestrian 0 0 -10 1005.3805285555684 309.9376629100993 1272.032966092688 909.8208839256308 -10 -10 -10 -1000 -1000 -1000 -10
4326 70 pedestrian 0 0 -10 979.1878066495537 314.21801306549236 1234.9497202868465 890.9912069121642 -10 -10 -10 -1000 -1000 -1000 -10
4327 70 pedestrian 0 0 -10 951.148569390555 320.2354892103222 1219.7077702357287 930.3140774551459 -10 -10 -10 -1000 -1000 -1000 -10
4328 70 pedestrian 0 0 -10 930.9730220613076 336.71221553411976 1234.4527236996232 1030.8882125867472 -10 -10 -10 -1000 -1000 -1000 -10
4329 70 pedestrian 0 0 -10 924.246089733799 334.75169609501353 1221.353014557528 1014.4802785895904 -10 -10 -10 -1000 -1000 -1000 -10
4330 70 pedestrian 0 0 -10 896.0234804149512 349.24921497127497 1205.0629114283513 1056.3255094352955 -10 -10 -10 -1000 -1000 -1000 -10
4331 70 pedestrian 0 0 -10 876.8551613094594 376.1203131108385 1180.2507132486862 1077.3615675749452 -10 -10 -10 -1000 -1000 -1000 -10
4334 70 pedestrian 0 0 -10 778.8111787856207 293.17177195610054 1125.0218494159226 1089.6512911428945 -10 -10 -10 -1000 -1000 -1000 -10
4335 70 pedestrian 0 0 -10 739.8535856323329 272.1443628091651 1095.9704130829614 1087.066537884866 -10 -10 -10 -1000 -1000 -1000 -10
4700 74 pedestrian 0 0 -10 348.3218946562001 524.690185546875 541.7394578828624 1087.210498046875 -10 -10 -10 -1000 -1000 -1000 -10
4701 74 pedestrian 0 0 -10 346.5841162748491 515.5694110646532 543.3827991236706 1087.2437463894807 -10 -10 -10 -1000 -1000 -1000 -10
4702 74 pedestrian 0 0 -10 346.0100474437701 513.0429991254832 543.8729640138163 1086.5699360865192 -10 -10 -10 -1000 -1000 -1000 -10
4712 77 pedestrian 0 0 -10 920.8289315203341 83.82954101562501 1134.3319937726349 624.7717224121093 -10 -10 -10 -1000 -1000 -1000 -10
4717 78 pedestrian 0 0 -10 829.9222980645247 177.22911682128904 1145.4456340643815 1023.3844390869141 -10 -10 -10 -1000 -1000 -1000 -10
4718 78 pedestrian 0 0 -10 867.6346481972008 193.79906177726423 1125.843707505216 883.4376010370737 -10 -10 -10 -1000 -1000 -1000 -10
4719 78 pedestrian 0 0 -10 866.2711952948691 217.73652344879832 1107.8728875867714 860.0217416703347 -10 -10 -10 -1000 -1000 -1000 -10
4720 78 pedestrian 0 0 -10 826.434596162697 230.83051186737924 1074.2400999583604 883.0988914605734 -10 -10 -10 -1000 -1000 -1000 -10
4721 78 pedestrian 0 0 -10 822.2030685518166 248.0642999195535 1079.8128462011273 918.6324635170148 -10 -10 -10 -1000 -1000 -1000 -10
4722 78 pedestrian 0 0 -10 794.9943981554246 268.92143963440503 1088.411575125583 1027.6587672102044 -10 -10 -10 -1000 -1000 -1000 -10
4723 78 pedestrian 0 0 -10 819.4642924681134 291.6765633415994 1123.6060269169398 1068.0308065150045 -10 -10 -10 -1000 -1000 -1000 -10
